0 0.826882 0.966667 0.055914 0.066667
0 0.594624 0.816129 0.083871 0.107527
0 0.326882 0.565591 0.081720 0.103226
0 0.255914 0.450538 0.154839 0.202151
0 0.273118 0.479570 0.154839 0.197849
0 0.289247 0.512903 0.150538 0.191398
0 0.130108 0.202151 0.189247 0.240860
0 0.469892 0.379570 0.191398 0.247312
0 0.601075 0.695699 0.195699 0.253763
0 0.458065 0.277419 0.174194 0.236559
0 0.579570 0.670968 0.180645 0.236559
2 0.720430 0.588172 0.483871 0.660215
2 0.388172 0.432258 0.339785 0.455914
0 0.825806 0.530108 0.290323 0.367742
0 0.836559 0.369892 0.208602 0.283871
0 0.809677 0.341935 0.210753 0.281720