3 0.622581 0.919892 0.032258 0.011828
2 0.620968 0.538172 0.078495 0.489247
0 0.148387 0.545161 0.221505 0.584946
0 0.533333 0.431183 0.017204 0.070968
0 0.563441 0.420430 0.030108 0.167742
0 0.665054 0.390860 0.020430 0.168817
0 0.694086 0.385484 0.020430 0.166667
0 0.726344 0.398387 0.022581 0.170968
0 0.756452 0.384409 0.020430 0.168817
0 0.786022 0.398387 0.023656 0.168817
0 0.815591 0.385484 0.024731 0.170968
0 0.846774 0.398387 0.026882 0.173118
0 0.730108 0.623656 0.030108 0.169892
0 0.759677 0.634409 0.020430 0.169892
0 0.789785 0.633871 0.022581 0.143011
0 0.822043 0.633871 0.020430 0.175269
1 0.343011 0.958065 0.307527 0.062366