1 0.477957 0.840860 0.033333 0.010753
2 0.488710 0.423118 0.050538 0.551613
0 0.526344 0.301613 0.020430 0.166667
0 0.556452 0.314516 0.022581 0.168817
0 0.587634 0.304839 0.018280 0.170968
0 0.617742 0.317742 0.022581 0.168817
0 0.645699 0.305376 0.020430 0.169892
0 0.676882 0.304301 0.022581 0.174194
0 0.526882 0.532258 0.030108 0.167742
0 0.556989 0.530108 0.027957 0.144086
0 0.586022 0.535484 0.036559 0.167742
0 0.616129 0.531183 0.038710 0.172043
0 0.646237 0.523656 0.038710 0.178495
0 0.675269 0.532258 0.030108 0.172043