1 0.423656 0.797849 0.027957 0.021505
3 0.392473 0.778495 0.036559 0.027957
3 0.383871 0.786022 0.034409 0.027957
0 0.439785 0.755914 0.047312 0.040860
0 0.433333 0.769892 0.053763 0.045161
1 0.240860 0.769892 0.017204 0.021505
1 0.234409 0.736559 0.015054 0.021505
1 0.240860 0.738710 0.017204 0.021505
1 0.197849 0.746237 0.036559 0.058065
0 0.765591 0.498925 0.126882 0.148387
3 0.598925 0.438710 0.075269 0.092473
0 0.647312 0.430108 0.221505 0.283871
0 0.192473 0.201075 0.023656 0.034409
0 0.167742 0.440860 0.032258 0.060215
0 0.433333 0.262366 0.191398 0.266667
0 0.344086 0.249462 0.197849 0.249462
0 0.678495 0.467742 0.208602 0.268817
2 0.378495 0.275269 0.245161 0.331183
2 0.704301 0.492473 0.247312 0.337634
0 0.303226 0.220430 0.165591 0.221505