0 0.359140 0.733333 0.034409 0.027957
0 0.350538 0.740860 0.036559 0.030108
0 0.390323 0.753763 0.025806 0.023656
0 0.398925 0.722581 0.051613 0.045161
0 0.411828 0.715054 0.053763 0.047312
1 0.200000 0.694624 0.017204 0.023656
1 0.207527 0.697849 0.017204 0.021505
1 0.213978 0.701075 0.015054 0.021505
1 0.166667 0.703226 0.043011 0.062366
1 0.147312 0.694624 0.040860 0.060215
0 0.248387 0.646237 0.015054 0.023656
0 0.203226 0.626882 0.045161 0.070968
0 0.240860 0.630108 0.058065 0.090323
0 0.190323 0.613978 0.058065 0.090323
3 0.321505 0.207527 0.025806 0.015054
3 0.217204 0.362366 0.015054 0.023656
0 0.259140 0.295699 0.101075 0.131183
0 0.376344 0.125806 0.135484 0.174194
0 0.712903 0.463441 0.208602 0.286022
0 0.615054 0.397849 0.195699 0.268817
0 0.646237 0.419355 0.195699 0.268817
0 0.578495 0.377419 0.193548 0.266667
0 0.387097 0.234409 0.193548 0.266667
2 0.668817 0.449462 0.243011 0.339785
2 0.340860 0.236559 0.247312 0.337634