1 0.451075 0.976344 0.065591 0.045161
1 0.463441 0.963441 0.062366 0.055914
1 0.217204 0.963441 0.043011 0.060215
0 0.254839 0.884946 0.043011 0.073118
0 0.239785 0.875269 0.055914 0.090323
3 0.292473 0.584946 0.017204 0.015054
3 0.427957 0.534409 0.043011 0.053763
0 0.434409 0.491398 0.090323 0.120430
3 0.578495 0.779570 0.019355 0.012903
3 0.616129 0.797849 0.017204 0.012903
3 0.612903 0.803226 0.019355 0.012903
3 0.679570 0.835484 0.019355 0.012903
3 0.676344 0.839785 0.021505 0.012903
3 0.716129 0.860215 0.025806 0.017204
0 0.764516 0.711828 0.204301 0.266667
0 0.815054 0.725806 0.230108 0.294624
0 0.665591 0.658065 0.200000 0.270968
0 0.698925 0.678495 0.193548 0.266667
2 0.392473 0.497849 0.247312 0.331183
2 0.716129 0.712903 0.253763 0.339785
0 0.369892 0.472043 0.176344 0.243011
0 0.848387 0.755914 0.176344 0.234409