3 0.298925 0.766667 0.032258 0.025806
3 0.339785 0.779570 0.030108 0.023656
3 0.306452 0.759140 0.038710 0.032258
1 0.149462 0.717204 0.015054 0.021505
1 0.155914 0.719355 0.015054 0.021505
1 0.163441 0.720430 0.015054 0.021505
1 0.169892 0.722581 0.017204 0.021505
1 0.115054 0.726882 0.040860 0.060215
1 0.092473 0.720430 0.040860 0.062366
0 0.208602 0.651613 0.036559 0.053763
0 0.148387 0.648387 0.049462 0.075269
0 0.188172 0.655914 0.051613 0.090323
0 0.238710 0.210753 0.182796 0.249462
0 0.198925 0.205376 0.141935 0.191398
0 0.348387 0.247312 0.217204 0.298925
0 0.588172 0.445161 0.202151 0.266667
0 0.715054 0.866667 0.286022 0.206452
2 0.290323 0.258065 0.255914 0.335484
2 0.616129 0.473118 0.253763 0.341935
0 0.263441 0.234409 0.169892 0.225806
0 0.553763 0.429032 0.174194 0.232258