1 0.609677 0.150538 0.012903 0.025806
1 0.607527 0.236559 0.008602 0.019355
1 0.606452 0.646237 0.010753 0.019355
1 0.603226 0.602151 0.010753 0.019355
1 0.587097 0.561290 0.010753 0.023656
0 0.465591 0.701075 0.288172 0.139785
0 0.468817 0.656989 0.277419 0.139785
0 0.463441 0.207527 0.303226 0.139785
0 0.482796 0.281720 0.249462 0.107527
0 0.483871 0.244086 0.243011 0.109677
2 0.455914 0.746237 0.382796 0.163441
2 0.456989 0.326882 0.374194 0.163441
0 0.503226 0.873118 0.277419 0.120430
0 0.480645 0.783871 0.279570 0.129032
0 0.453763 0.620430 0.279570 0.139785
0 0.479570 0.834409 0.309677 0.139785
0 0.510753 0.367742 0.410753 0.178495