1 0.793548 0.827957 0.047312 0.049462
1 0.637634 0.188172 0.081720 0.086022
1 0.892473 0.507527 0.081720 0.079570
1 0.703226 0.565591 0.045161 0.051613
1 0.823656 0.884946 0.122581 0.116129
1 0.697849 0.645161 0.172043 0.174194
1 0.636559 0.768817 0.079570 0.090323
1 0.545161 0.664516 0.075269 0.086022
1 0.449462 0.409677 0.081720 0.092473
1 0.435484 0.273118 0.144086 0.172043
1 0.350538 0.258065 0.096774 0.109677
1 0.322581 0.303226 0.129032 0.165591
0 0.193548 0.387097 0.150538 0.204301
0 0.434409 0.684946 0.301075 0.361290