1 0.608602 0.451613 0.030108 0.032258
1 0.796774 0.368817 0.019355 0.021505
1 0.806452 0.375269 0.019355 0.021505
1 0.615054 0.460215 0.027957 0.030108
1 0.816129 0.386022 0.008602 0.021505
1 0.788172 0.360215 0.017204 0.019355
1 0.779570 0.352688 0.021505 0.021505
1 0.751613 0.350538 0.034409 0.036559
0 0.684946 0.363441 0.120430 0.133333
0 0.692473 0.429032 0.077419 0.081720
2 0.590323 0.343011 0.187097 0.200000
2 0.678495 0.409677 0.174194 0.200000
0 0.459140 0.778495 0.144086 0.156989
1 0.577419 0.218280 0.047312 0.051613
1 0.538710 0.264516 0.049462 0.053763
1 0.381720 0.388172 0.053763 0.053763