3 0.811828 0.596774 0.010753 0.019355
3 0.819355 0.596774 0.010753 0.017204
3 0.806452 0.613978 0.012903 0.019355
3 0.804301 0.635484 0.017204 0.023656
3 0.743011 0.706452 0.034409 0.019355
3 0.743011 0.696774 0.036559 0.021505
3 0.747312 0.689247 0.036559 0.021505
3 0.750538 0.681720 0.036559 0.019355
3 0.754839 0.674194 0.036559 0.021505
3 0.756989 0.665591 0.034409 0.019355
3 0.762366 0.654839 0.032258 0.027957
3 0.764516 0.613978 0.049462 0.032258
3 0.775269 0.605376 0.036559 0.023656
3 0.777419 0.596774 0.038710 0.023656
3 0.780645 0.588172 0.036559 0.023656
3 0.781720 0.577419 0.036559 0.025806
3 0.801075 0.723656 0.025806 0.066667
3 0.795699 0.783871 0.040860 0.068817
3 0.775269 0.845161 0.038710 0.066667
1 0.087097 0.411828 0.053763 0.051613
1 0.123656 0.018280 0.036559 0.027957
3 0.661290 0.820430 0.062366 0.062366
3 0.711828 0.866667 0.060215 0.060215
0 0.359140 0.498925 0.262366 0.262366
2 0.627957 0.390323 0.266667 0.221505