1 0.965591 0.324731 0.066667 0.062366
1 0.845161 0.934409 0.073118 0.075269
1 0.798925 0.665591 0.075269 0.043011
1 0.738710 0.398925 0.075269 0.053763
1 0.846237 0.452688 0.081720 0.058065
1 0.045161 0.949462 0.077419 0.077419
1 0.195699 0.782796 0.079570 0.070968
1 0.325806 0.670968 0.077419 0.068817
1 0.433333 0.645161 0.075269 0.066667
1 0.435484 0.792473 0.193548 0.144086
1 0.531183 0.624731 0.124731 0.103226
0 0.535484 0.406452 0.202151 0.159140
0 0.236559 0.648387 0.367742 0.320430