1 0.920430 0.670968 0.152688 0.090323
1 0.703226 0.653226 0.135484 0.091398
1 0.720968 0.618817 0.134409 0.089247
1 0.739785 0.585484 0.139785 0.093548
1 0.599462 0.555914 0.117204 0.079570
1 0.616667 0.524194 0.117204 0.080645
1 0.494624 0.458065 0.045161 0.032258
1 0.493011 0.472581 0.048387 0.035484
1 0.439247 0.451613 0.065591 0.043011
1 0.439247 0.433333 0.063441 0.040860
1 0.317742 0.375269 0.039785 0.025806
1 0.349462 0.426344 0.055914 0.037634
1 0.360215 0.413978 0.062366 0.038710
1 0.370430 0.400000 0.065591 0.040860