1 0.013978 0.850538 0.025806 0.021505
1 0.046774 0.893011 0.024731 0.020430
1 0.027419 0.730645 0.026882 0.018280
1 0.049462 0.663978 0.040860 0.026882
1 0.854301 0.984409 0.041935 0.031183
1 0.268280 0.929032 0.035484 0.030108
1 0.718817 0.604301 0.035484 0.034409
1 0.536022 0.597312 0.037634 0.031183
1 0.374194 0.452151 0.038710 0.033333
1 0.054839 0.282796 0.030108 0.021505
1 0.154839 0.253226 0.034409 0.022581
1 0.211828 0.315591 0.043011 0.029032
1 0.201075 0.422581 0.038710 0.027957
1 0.160215 0.474731 0.038710 0.024731
1 0.093011 0.431183 0.024731 0.021505
1 0.087634 0.543548 0.035484 0.026882
1 0.140323 0.606989 0.041935 0.033333
1 0.947849 0.626344 0.037634 0.035484
1 0.240323 0.508602 0.063441 0.047312
1 0.400538 0.559140 0.054839 0.047312
1 0.331720 0.632796 0.067742 0.052688
1 0.144086 0.910753 0.043011 0.034409
1 0.159677 0.782796 0.041935 0.036559
1 0.244086 0.611290 0.034409 0.031183
1 0.211290 0.662366 0.029032 0.025806
1 0.238710 0.732258 0.055914 0.049462
1 0.419355 0.690323 0.043011 0.038710
1 0.644086 0.681720 0.053763 0.047312
1 0.520430 0.808065 0.051613 0.046237
1 0.650538 0.858065 0.051613 0.047312
1 0.742473 0.946774 0.048387 0.041935
1 0.408065 0.946237 0.044086 0.040860
1 0.809140 0.824194 0.078495 0.080645
1 0.770968 0.572043 0.064516 0.064516
1 0.463441 0.313978 0.062366 0.051613
1 0.073656 0.066129 0.026882 0.011828
1 0.040323 0.113441 0.026882 0.011828
1 0.190323 0.124194 0.055914 0.031183
3 0.250538 0.227419 0.030108 0.018280
1 0.277419 0.235484 0.066667 0.045161
1 0.595699 0.202688 0.068817 0.048387
1 0.584409 0.180108 0.056989 0.044086