0 0.350538 0.193548 0.073118 0.045161
0 0.364516 0.179570 0.094624 0.058065
1 0.705376 0.145161 0.017204 0.025806
0 0.783871 0.205376 0.176344 0.137634
0 0.766667 0.245161 0.184946 0.144086
0 0.772043 0.305376 0.238710 0.182796
0 0.561290 0.649462 0.268817 0.191398
0 0.583871 0.611828 0.264516 0.193548
0 0.713978 0.417204 0.281720 0.204301
0 0.736559 0.381720 0.273118 0.204301
2 0.523656 0.659140 0.333333 0.247312
2 0.741935 0.333333 0.331183 0.238710
0 0.526882 0.741935 0.348387 0.281720