1 0.816667 0.290323 0.091398 0.088172
1 0.916129 0.212903 0.092473 0.086022
1 0.829032 0.207527 0.077419 0.077419
1 0.769355 0.249462 0.044086 0.032258
1 0.781720 0.238710 0.043011 0.030108
1 0.746774 0.257527 0.063441 0.041935
1 0.739247 0.272581 0.052688 0.035484
1 0.722043 0.289785 0.050538 0.037634
1 0.697849 0.302688 0.064516 0.044086
1 0.669355 0.329570 0.056989 0.039785
1 0.646774 0.348925 0.067742 0.037634
1 0.632258 0.366129 0.064516 0.035484
1 0.683871 0.419355 0.107527 0.101075
3 0.239247 0.823656 0.198925 0.178495
1 0.367204 0.293548 0.072043 0.049462
1 0.403763 0.248387 0.072043 0.055914
1 0.440323 0.188172 0.091398 0.081720
1 0.540323 0.094086 0.046237 0.044086
1 0.611290 0.030645 0.067742 0.056989
1 0.026344 0.466667 0.048387 0.079570
3 0.227957 0.279032 0.105376 0.100000
3 0.349462 0.181720 0.103226 0.098925
1 0.502151 0.051613 0.144086 0.101075