1 0.802688 0.751613 0.054839 0.077419
1 0.852151 0.745699 0.035484 0.054839
1 0.852688 0.760753 0.047312 0.082796
1 0.701075 0.774194 0.015054 0.030108
1 0.686022 0.773118 0.025806 0.043011
1 0.660215 0.769355 0.027957 0.048387
1 0.634409 0.767742 0.032258 0.058065
1 0.506452 0.754301 0.036559 0.061290
1 0.534409 0.754301 0.030108 0.052688
1 0.479032 0.777957 0.016129 0.024731
1 0.476344 0.741398 0.030108 0.052688
1 0.445699 0.737097 0.033333 0.061290
1 0.416667 0.743011 0.033333 0.066667
1 0.356989 0.727419 0.034409 0.069892
1 0.331720 0.715591 0.026882 0.044086
1 0.303763 0.720430 0.037634 0.068817
1 0.270430 0.714516 0.031183 0.054839
1 0.241935 0.712903 0.030108 0.053763
1 0.219892 0.701075 0.031183 0.043011
1 0.190860 0.700000 0.029032 0.051613
1 0.162903 0.699462 0.022581 0.044086
1 0.511828 0.784409 0.017204 0.026882
1 0.388710 0.759140 0.029032 0.040860
1 0.367204 0.763441 0.022581 0.034409
1 0.322043 0.755914 0.024731 0.038710
1 0.275269 0.751613 0.019355 0.027957
1 0.259677 0.754301 0.013978 0.020430
1 0.232796 0.750000 0.016129 0.024731
1 0.219355 0.744086 0.017204 0.027957
1 0.206989 0.740860 0.013978 0.021505
1 0.195161 0.740860 0.016129 0.027957
1 0.181720 0.739785 0.017204 0.027957
1 0.156989 0.735484 0.021505 0.032258
1 0.137097 0.723118 0.020430 0.031183
1 0.135484 0.687634 0.017204 0.029032
1 0.110215 0.682258 0.022581 0.037634
1 0.111290 0.719355 0.024731 0.038710
1 0.091398 0.816667 0.008602 0.013978
1 0.099462 0.816667 0.009677 0.016129
1 0.159140 0.816129 0.015054 0.023656
1 0.172581 0.816129 0.013978 0.021505
1 0.183871 0.815591 0.012903 0.020430
1 0.197849 0.817742 0.012903 0.020430
1 0.209677 0.818817 0.012903 0.020430
1 0.223118 0.821505 0.013978 0.021505
1 0.237097 0.822581 0.013978 0.023656
1 0.319355 0.834946 0.017204 0.026882
1 0.344624 0.837634 0.022581 0.034409
1 0.369892 0.839785 0.021505 0.032258
1 0.421505 0.846774 0.023656 0.037634
1 0.397312 0.841398 0.022581 0.046237
1 0.445699 0.850538 0.026882 0.045161
1 0.472581 0.854301 0.026882 0.044086
1 0.498387 0.861828 0.018280 0.031183
1 0.523656 0.862903 0.025806 0.041935
1 0.551075 0.863441 0.024731 0.040860
1 0.680645 0.884409 0.021505 0.035484
1 0.706989 0.885484 0.018280 0.035484
1 0.737097 0.891398 0.016129 0.021505
1 0.761290 0.895161 0.023656 0.035484
1 0.666667 0.986559 0.012903 0.018280
1 0.672043 0.968280 0.008602 0.016129
1 0.554839 0.995699 0.030108 0.008602
1 0.511828 0.990860 0.034409 0.016129
1 0.519355 0.974731 0.027957 0.011828
1 0.518817 0.964516 0.031183 0.012903
1 0.389785 0.987097 0.037634 0.019355
1 0.392473 0.976344 0.038710 0.021505
1 0.394086 0.954301 0.037634 0.016129
1 0.399462 0.940860 0.039785 0.015054
1 0.343011 0.977957 0.030108 0.020430
1 0.344624 0.958602 0.041935 0.022581
1 0.348925 0.934409 0.039785 0.021505
1 0.203763 0.985484 0.037634 0.018280
1 0.208065 0.964516 0.035484 0.017204
1 0.212903 0.953763 0.038710 0.019355
1 0.215591 0.941398 0.035484 0.018280
1 0.216129 0.916129 0.025806 0.015054
1 0.157527 0.968280 0.041935 0.018280
1 0.161828 0.955914 0.039785 0.017204
1 0.163978 0.934946 0.048387 0.016129
1 0.174731 0.923118 0.029032 0.009677
1 0.170968 0.909677 0.043011 0.017204
1 0.037634 0.939785 0.043011 0.015054
1 0.039247 0.923118 0.039785 0.016129
1 0.041398 0.906452 0.037634 0.012903
1 0.048387 0.888172 0.043011 0.023656