1 0.342473 0.365054 0.031183 0.016129
1 0.310215 0.382258 0.020430 0.026882
1 0.356452 0.339247 0.035484 0.009677
1 0.361290 0.330108 0.034409 0.008602
1 0.360753 0.321505 0.033333 0.008602
1 0.368280 0.307527 0.046237 0.021505
0 0.867742 0.960215 0.133333 0.060215
0 0.877419 0.937634 0.131183 0.058065
0 0.688172 0.915054 0.163441 0.060215
0 0.694624 0.892473 0.161290 0.058065
3 0.506452 0.877419 0.163441 0.055914
0 0.517204 0.854839 0.139785 0.051613
3 0.243011 0.767742 0.032258 0.053763
3 0.256989 0.770968 0.034409 0.055914
3 0.269892 0.774194 0.032258 0.053763
1 0.318280 0.837634 0.139785 0.055914
3 0.035484 0.421505 0.068817 0.109677
3 0.037634 0.310753 0.073118 0.124731
0 0.420430 0.422581 0.066667 0.135484
0 0.365591 0.590323 0.077419 0.150538