1 0.268817 0.643011 0.049462 0.021505
1 0.412903 0.669892 0.025806 0.027957
1 0.396774 0.669892 0.038710 0.043011
1 0.421505 0.543011 0.025806 0.025806
1 0.445699 0.513441 0.009677 0.035484
1 0.431183 0.513441 0.010753 0.035484
3 0.584946 0.476344 0.062366 0.124731
3 0.649462 0.512903 0.070968 0.141935
1 0.629032 0.502151 0.058065 0.133333
1 0.610753 0.481720 0.081720 0.182796
1 0.567742 0.223656 0.010753 0.025806
1 0.589247 0.201075 0.049462 0.139785
1 0.617204 0.209677 0.049462 0.141935
1 0.280645 0.303226 0.129032 0.043011
1 0.335484 0.186022 0.027957 0.053763
1 0.301075 0.129032 0.043011 0.148387
1 0.294624 0.018280 0.038710 0.021505