1 0.039247 0.197312 0.076344 0.041935
1 0.060215 0.136559 0.118280 0.043011
3 0.538710 0.029032 0.023656 0.055914
1 0.226882 0.033333 0.215054 0.060215
1 0.503226 0.077419 0.182796 0.047312
1 0.620430 0.137634 0.049462 0.017204
1 0.587097 0.148387 0.081720 0.025806
1 0.797312 0.085484 0.405376 0.078495
3 0.978495 0.518280 0.043011 0.021505
1 0.962903 0.671505 0.074194 0.029032
1 0.954301 0.704301 0.091398 0.045161
3 0.344086 0.563441 0.058065 0.060215
3 0.304301 0.535484 0.062366 0.051613
3 0.320430 0.517204 0.073118 0.058065
1 0.453763 0.593548 0.193548 0.109677
3 0.715054 0.595699 0.137634 0.058065
3 0.712903 0.636559 0.234409 0.053763
1 0.602151 0.561290 0.055914 0.101075
1 0.636559 0.563441 0.053763 0.103226
1 0.727957 0.554839 0.122581 0.053763
1 0.754839 0.529032 0.152688 0.064516
3 0.756989 0.496774 0.221505 0.083871
1 0.797849 0.469892 0.243011 0.107527
1 0.881720 0.441935 0.098925 0.055914
1 0.760215 0.411828 0.111828 0.075269
3 0.324731 0.462366 0.152688 0.135484
1 0.525806 0.467742 0.303226 0.109677
1 0.563441 0.424731 0.172043 0.098925
3 0.582796 0.373118 0.135484 0.077419
1 0.906452 0.426882 0.090323 0.049462
1 0.920430 0.406452 0.079570 0.047312
1 0.784946 0.378495 0.109677 0.068817
1 0.791398 0.351613 0.075269 0.049462
3 0.639785 0.321505 0.200000 0.131183
1 0.630108 0.272043 0.058065 0.034409
1 0.689247 0.288172 0.075269 0.043011
1 0.696774 0.273118 0.062366 0.043011