0 0.905376 0.586022 0.058065 0.045161
0 0.898925 0.596774 0.055914 0.043011
0 0.833871 0.698387 0.065591 0.009677
0 0.834409 0.687634 0.066667 0.013978
0 0.898925 0.115054 0.079570 0.081720
0 0.867742 0.239785 0.081720 0.077419
0 0.624731 0.297849 0.088172 0.079570
0 0.725806 0.340860 0.086022 0.088172
0 0.568817 0.467742 0.086022 0.079570
0 0.163441 0.810753 0.101075 0.094624
0 0.146237 0.727957 0.122581 0.111828
0 0.574194 0.064516 0.101075 0.083871
0 0.507527 0.162366 0.073118 0.064516
0 0.262366 0.321505 0.090323 0.081720
0 0.476344 0.381720 0.113978 0.107527
0 0.112903 0.477419 0.107527 0.092473
0 0.804301 0.435484 0.191398 0.191398
0 0.779570 0.417204 0.191398 0.184946
0 0.443011 0.735484 0.363441 0.333333