0 0.436559 0.704301 0.053763 0.055914
0 0.744086 0.350538 0.109677 0.098925
0 0.696774 0.320430 0.163441 0.122581
0 0.493548 0.891398 0.075269 0.077419
0 0.810753 0.638710 0.083871 0.073118
0 0.116129 0.824731 0.118280 0.122581
0 0.234409 0.634409 0.090323 0.079570
0 0.337634 0.543011 0.079570 0.070968
0 0.592473 0.447312 0.094624 0.075269
0 0.353763 0.696774 0.176344 0.172043
0 0.726882 0.435484 0.174194 0.146237
0 0.616129 0.195699 0.202151 0.159140
0 0.315054 0.434409 0.361290 0.301075