0 0.507527 0.176344 0.236559 0.187097
0 0.594624 0.622581 0.090323 0.073118
0 0.605376 0.652688 0.105376 0.083871
0 0.591398 0.668817 0.105376 0.083871
0 0.576344 0.682796 0.103226 0.081720
0 0.795699 0.388172 0.200000 0.150538
0 0.808602 0.359140 0.195699 0.146237
0 0.201075 0.869892 0.247312 0.187097
0 0.506452 0.704301 0.204301 0.150538
0 0.377419 0.523656 0.258065 0.195699
0 0.506452 0.704301 0.202151 0.150538
0 0.488172 0.724731 0.200000 0.148387
0 0.287097 0.548387 0.227957 0.167742
0 0.266667 0.566667 0.230108 0.169892
0 0.251613 0.823656 0.126882 0.098925
0 0.421505 0.943011 0.122581 0.088172
0 0.722581 0.409677 0.273118 0.212903