0 0.663441 0.508602 0.017204 0.015054
0 0.661290 0.512903 0.019355 0.017204
0 0.640860 0.489247 0.017204 0.017204
0 0.636559 0.493548 0.019355 0.019355
0 0.617204 0.472043 0.017204 0.017204
0 0.595699 0.451613 0.017204 0.019355
0 0.014516 0.298925 0.026882 0.094624
0 0.119355 0.298925 0.086022 0.167742
0 0.095699 0.307527 0.083871 0.167742
0 0.765591 0.423656 0.219355 0.189247
0 0.741935 0.405376 0.219355 0.189247
0 0.719355 0.386022 0.217204 0.187097
0 0.398925 0.544086 0.313978 0.068817
0 0.380645 0.567742 0.105376 0.027957
0 0.394624 0.507527 0.313978 0.086022
0 0.700000 0.365591 0.217204 0.187097