0 0.739247 0.433871 0.013978 0.035484
0 0.754839 0.436022 0.015054 0.035484
0 0.786022 0.436022 0.019355 0.035484
0 0.706989 0.433871 0.018280 0.029032
0 0.738172 0.384409 0.011828 0.029032
0 0.718817 0.384409 0.011828 0.029032
0 0.774731 0.382258 0.011828 0.029032
0 0.776344 0.332258 0.051613 0.015054
0 0.790860 0.487634 0.011828 0.044086
0 0.777419 0.488172 0.015054 0.043011
0 0.633871 0.434409 0.037634 0.008602
0 0.653226 0.715591 0.140860 0.048387
0 0.782796 0.607527 0.058065 0.116129
0 0.487634 0.718817 0.138710 0.041935