0 0.486559 0.889247 0.033333 0.010753
0 0.394086 0.398387 0.009677 0.072043
0 0.422581 0.391398 0.027957 0.159140
0 0.526344 0.358602 0.022581 0.173118
0 0.558602 0.351075 0.020430 0.170968
0 0.588710 0.367204 0.022581 0.170968
0 0.617742 0.358602 0.020430 0.177419
0 0.647849 0.361828 0.020430 0.168817
0 0.678495 0.351075 0.021505 0.168817
0 0.707527 0.362903 0.019355 0.170968
0 0.736559 0.352688 0.027957 0.165591
0 0.591935 0.599462 0.020430 0.162366
0 0.621505 0.603226 0.030108 0.169892
0 0.653226 0.594086 0.018280 0.170968
0 0.682258 0.595161 0.020430 0.147312
0 0.712366 0.591935 0.022581 0.166667