0 0.198925 0.769892 0.017204 0.023656
0 0.201075 0.740860 0.017204 0.023656
0 0.226882 0.695699 0.027957 0.038710
0 0.397849 0.769892 0.055914 0.049462
0 0.166667 0.748387 0.045161 0.060215
0 0.134946 0.285484 0.022581 0.031183
0 0.324731 0.137634 0.021505 0.025806
0 0.373118 0.173118 0.135484 0.187097
0 0.343011 0.152688 0.152688 0.206452
0 0.392473 0.292473 0.238710 0.313978
0 0.766667 0.497849 0.221505 0.292473
0 0.646237 0.463441 0.200000 0.273118
0 0.711828 0.494624 0.200000 0.279570
0 0.611828 0.446237 0.169892 0.234409