0 0.803226 0.515054 0.064516 0.010753
0 0.803226 0.503226 0.066667 0.012903
0 0.874194 0.403226 0.051613 0.043011
0 0.865591 0.413978 0.055914 0.045161
0 0.748387 0.135484 0.068817 0.090323
0 0.792473 0.145161 0.096774 0.090323
0 0.086022 0.682796 0.086022 0.068817
0 0.229032 0.604301 0.092473 0.092473
0 0.170968 0.565591 0.081720 0.081720
0 0.350538 0.486022 0.098925 0.086022
0 0.558065 0.383871 0.098925 0.090323
0 0.481720 0.350538 0.086022 0.083871
0 0.361290 0.223656 0.107527 0.105376
0 0.519355 0.223656 0.139785 0.133333
0 0.370968 0.306452 0.122581 0.116129
0 0.411828 0.555914 0.374194 0.320430