0 0.779570 0.811828 0.133333 0.064516
0 0.787097 0.777419 0.131183 0.062366
0 0.787097 0.738710 0.131183 0.070968
0 0.802151 0.696774 0.152688 0.079570
0 0.693548 0.746237 0.060215 0.133333
0 0.644086 0.737634 0.060215 0.131183
0 0.589247 0.702151 0.049462 0.182796
0 0.536559 0.703226 0.062366 0.165591
0 0.160215 0.589247 0.051613 0.262366
0 0.110753 0.606452 0.060215 0.219355
0 0.411828 0.575269 0.101075 0.372043
0 0.054839 0.548387 0.068817 0.329032
0 0.226882 0.508602 0.107527 0.458065