0 0.733333 0.169892 0.036559 0.021505
0 0.652688 0.510753 0.040860 0.019355
0 0.582796 0.523656 0.038710 0.021505
0 0.590323 0.532258 0.036559 0.019355
0 0.335484 0.730108 0.036559 0.025806
0 0.447312 0.738710 0.036559 0.027957
0 0.391398 0.886022 0.036559 0.027957
0 0.376344 0.122581 0.034409 0.019355
0 0.377419 0.112903 0.034409 0.015054
0 0.309677 0.097849 0.032258 0.023656
0 0.903226 0.906452 0.043011 0.038710
0 0.959140 0.981720 0.036559 0.034409
0 0.801075 0.926882 0.032258 0.032258
0 0.408602 0.248387 0.030108 0.025806
0 0.372043 0.249462 0.030108 0.017204
0 0.268817 0.203226 0.023656 0.010753
0 0.205376 0.321505 0.030108 0.017204
0 0.308602 0.359140 0.023656 0.012903
0 0.495699 0.367742 0.030108 0.019355
0 0.413978 0.381720 0.023656 0.017204
0 0.474194 0.454839 0.027957 0.015054
0 0.523656 0.556989 0.036559 0.019355
0 0.436559 0.524731 0.032258 0.021505
0 0.384946 0.474194 0.025806 0.017204
0 0.284946 0.480645 0.032258 0.019355
0 0.200000 0.509677 0.027957 0.015054
0 0.321505 0.553763 0.040860 0.021505
0 0.378495 0.600000 0.030108 0.023656
0 0.423656 0.583871 0.032258 0.023656
0 0.135484 0.636559 0.027957 0.015054
0 0.227957 0.665591 0.038710 0.021505
0 0.034409 0.911828 0.045161 0.045161
0 0.086022 0.812903 0.040860 0.040860
0 0.116129 0.967742 0.047312 0.043011
0 0.454839 0.983871 0.032258 0.025806
0 0.672043 0.924731 0.040860 0.034409
0 0.605376 0.937634 0.040860 0.034409
0 0.529032 0.975269 0.036559 0.030108
0 0.315054 0.831183 0.036559 0.032258
0 0.340860 0.967742 0.021505 0.019355
0 0.488172 0.845161 0.034409 0.032258
0 0.416129 0.801075 0.038710 0.030108
0 0.491398 0.670968 0.040860 0.025806
0 0.538710 0.737634 0.036559 0.027957
0 0.598925 0.827957 0.043011 0.034409
0 0.834409 0.829032 0.034409 0.032258
0 0.902151 0.759140 0.034409 0.030108
0 0.737634 0.803226 0.025806 0.025806
0 0.676344 0.752688 0.030108 0.023656
0 0.734409 0.703226 0.038710 0.034409
0 0.832258 0.691398 0.030108 0.025806
0 0.908602 0.629032 0.030108 0.027957
0 0.817204 0.630108 0.030108 0.025806
0 0.702151 0.634409 0.034409 0.027957
0 0.717204 0.565591 0.036559 0.032258
0 0.792473 0.533333 0.030108 0.023656
0 0.841935 0.590323 0.025806 0.023656
0 0.986022 0.530108 0.027957 0.019355
0 0.921505 0.540860 0.027957 0.021505
0 0.861290 0.468817 0.036559 0.021505
0 0.964516 0.466667 0.040860 0.040860
0 0.917204 0.402151 0.032258 0.015054
0 0.811828 0.403226 0.038710 0.023656
0 0.767742 0.466667 0.034409 0.027957
0 0.681720 0.446237 0.040860 0.021505
0 0.583871 0.419355 0.025806 0.015054
0 0.715054 0.369892 0.032258 0.019355
0 0.606452 0.362366 0.027957 0.017204
0 0.567742 0.276344 0.040860 0.017204
0 0.491398 0.249462 0.032258 0.030108
0 0.444086 0.181720 0.032258 0.021505
0 0.431183 0.024731 0.032258 0.027957
0 0.522581 0.092473 0.027957 0.023656
0 0.579570 0.076344 0.032258 0.027957
0 0.668817 0.272043 0.034409 0.015054
0 0.859140 0.235484 0.021505 0.017204
0 0.734409 0.297849 0.030108 0.017204
0 0.865591 0.303226 0.036559 0.019355
0 0.950538 0.323656 0.038710 0.027957
0 0.984946 0.230108 0.030108 0.021505
0 0.920430 0.210753 0.030108 0.015054
0 0.927957 0.012903 0.023656 0.017204
0 0.920430 0.059140 0.027957 0.021505
0 0.946237 0.140860 0.036559 0.017204
0 0.886022 0.113978 0.023656 0.017204
0 0.836559 0.152688 0.023656 0.010753
0 0.794624 0.080645 0.023656 0.015054
0 0.654839 0.184946 0.025806 0.021505
0 0.600000 0.174194 0.023656 0.019355
0 0.696774 0.023656 0.021505 0.021505
0 0.666667 0.090323 0.021505 0.021505