0 0.574731 0.866667 0.039785 0.051613
0 0.560753 0.859140 0.037634 0.047312
0 0.545699 0.729032 0.041935 0.047312
0 0.558065 0.811828 0.101075 0.077419
0 0.489247 0.980108 0.040860 0.039785
0 0.459677 0.973118 0.052688 0.053763
0 0.527957 0.925806 0.073118 0.094624
0 0.501613 0.908602 0.072043 0.092473
0 0.455914 0.081720 0.298925 0.161290
0 0.205914 0.033333 0.112903 0.062366
0 0.322581 0.089247 0.124731 0.094624
0 0.477419 0.190860 0.202151 0.149462
0 0.255914 0.195699 0.230108 0.163441
0 0.468280 0.275806 0.121505 0.093548
0 0.439247 0.311828 0.143011 0.105376
0 0.009677 0.495699 0.017204 0.023656
0 0.017204 0.475269 0.032258 0.034409
0 0.164516 0.586022 0.311828 0.208602