0 0.103147 0.373494 0.059441 0.363855
0 0.305944 0.130120 0.180070 0.060241
0 0.451049 0.301205 0.048951 0.293976
0 0.633741 0.079518 0.176573 0.055422
0 0.791084 0.202410 0.047203 0.296386
0 0.850524 0.196386 0.048951 0.291566
0 0.132867 0.780723 0.064685 0.334940
0 0.201923 0.787952 0.059441 0.368675
0 0.486014 0.728916 0.043706 0.296386
0 0.552448 0.653012 0.083916 0.436145
0 0.816434 0.601205 0.090909 0.375904
0 0.892483 0.587952 0.073427 0.363855
0 0.167832 0.363855 0.064685 0.361446
0 0.056818 0.221687 0.043706 0.021687
0 0.078671 0.479518 0.041958 0.026506