0 0.833333 0.546237 0.088172 0.236559
0 0.733333 0.767742 0.038710 0.200000
0 0.620430 0.665591 0.107527 0.032258
0 0.725806 0.573118 0.060215 0.148387
0 0.663441 0.560215 0.047312 0.113978
0 0.463441 0.537634 0.068817 0.193548
0 0.349462 0.581720 0.032258 0.086022
0 0.356989 0.495699 0.032258 0.079570
0 0.300538 0.826882 0.115054 0.346237
0 0.219355 0.612903 0.113978 0.307527
0 0.038172 0.411290 0.074194 0.248387
0 0.540860 0.446237 0.023656 0.047312
0 0.108602 0.481720 0.083871 0.174194
0 0.062366 0.490323 0.086022 0.206452
0 0.105376 0.274194 0.066667 0.187097
0 0.072043 0.213978 0.027957 0.075269
0 0.052688 0.076344 0.030108 0.111828
0 0.102151 0.075269 0.077419 0.148387
0 0.732258 0.163441 0.141935 0.043011
0 0.738710 0.433333 0.051613 0.129032
0 0.681720 0.410753 0.040860 0.133333
0 0.745161 0.207527 0.105376 0.034409
0 0.732258 0.163441 0.141935 0.043011
0 0.738710 0.125806 0.137634 0.038710
0 0.741935 0.089247 0.118280 0.034409
0 0.813978 0.009677 0.008602 0.017204
0 0.361290 0.068817 0.025806 0.047312
0 0.362366 0.025269 0.017204 0.039785
0 0.501075 0.133333 0.047312 0.137634
0 0.418280 0.312903 0.034409 0.058065
0 0.330108 0.332258 0.032258 0.079570
0 0.337634 0.247312 0.040860 0.081720
0 0.425806 0.222581 0.036559 0.103226
0 0.347312 0.153763 0.036559 0.098925