0 0.831183 0.312366 0.027957 0.016129
0 0.063441 0.855376 0.124731 0.076344
0 0.918817 0.416129 0.158065 0.077419
0 0.716129 0.397849 0.212903 0.077419
0 0.712903 0.359140 0.249462 0.083871
0 0.466667 0.324731 0.161290 0.060215
0 0.475269 0.301075 0.159140 0.058065
0 0.429032 0.338710 0.090323 0.036559
0 0.424731 0.358065 0.088172 0.038710
0 0.276344 0.310753 0.161290 0.075269
0 0.288172 0.268817 0.141935 0.073118
0 0.141935 0.287097 0.077419 0.081720
0 0.113978 0.272043 0.092473 0.096774