0 0.066667 0.513978 0.070968 0.021505
0 0.350538 0.737634 0.088172 0.307527
0 0.392473 0.702151 0.023656 0.045161
0 0.434409 0.318280 0.043011 0.113978
0 0.987634 0.777957 0.024731 0.177419
0 0.225806 0.018280 0.047312 0.034409
0 0.021505 0.019892 0.040860 0.037634
0 0.245161 0.446237 0.032258 0.062366
0 0.553763 0.332258 0.154839 0.240860
0 0.415054 0.395161 0.010753 0.024731
0 0.334409 0.430108 0.077419 0.305376
0 0.963441 0.490323 0.068817 0.339785
0 0.900000 0.284946 0.088172 0.019355
0 0.938710 0.216129 0.032258 0.083871
0 0.892473 0.226882 0.027957 0.075269
0 0.945161 0.056989 0.045161 0.111828
0 0.841935 0.060215 0.053763 0.118280
0 0.782796 0.212903 0.034409 0.094624
0 0.730108 0.209677 0.053763 0.111828
0 0.679570 0.210753 0.032258 0.088172
0 0.701075 0.130108 0.060215 0.058065
0 0.718280 0.039785 0.043011 0.077419
0 0.033333 0.370968 0.060215 0.215054
0 0.106452 0.368817 0.064516 0.184946
0 0.015054 0.169355 0.027957 0.097849
0 0.031183 0.195699 0.060215 0.116129
0 0.100000 0.219355 0.049462 0.116129