0 0.727957 0.236559 0.017204 0.025806
0 0.721505 0.213978 0.034409 0.017204
0 0.723656 0.193548 0.036559 0.019355
0 0.730108 0.181720 0.032258 0.017204
0 0.732258 0.168817 0.032258 0.017204
0 0.738710 0.156989 0.025806 0.012903
0 0.745161 0.127957 0.055914 0.027957
0 0.752688 0.112903 0.047312 0.021505
0 0.761290 0.097849 0.034409 0.015054
0 0.765591 0.083871 0.034409 0.017204
0 0.766667 0.070968 0.036559 0.019355
0 0.790323 0.075269 0.015054 0.019355
0 0.780645 0.036559 0.040860 0.023656
0 0.770968 0.059140 0.045161 0.019355
0 0.792473 0.023656 0.030108 0.015054
0 0.904301 0.391398 0.081720 0.032258
0 0.913978 0.366667 0.169892 0.070968
0 0.922581 0.331183 0.154839 0.066667
0 0.919355 0.298387 0.161290 0.059140
0 0.979032 0.252151 0.041935 0.026882
0 0.968817 0.269892 0.062366 0.023656
0 0.862366 0.238710 0.088172 0.043011
0 0.843011 0.188172 0.021505 0.015054
0 0.847312 0.162366 0.023656 0.015054
0 0.849462 0.149462 0.023656 0.012903
0 0.862366 0.131183 0.023656 0.008602
0 0.866667 0.122581 0.030108 0.010753
0 0.870968 0.113978 0.023656 0.010753
0 0.873118 0.107527 0.025806 0.015054
0 0.892473 0.073118 0.043011 0.023656
0 0.893548 0.061290 0.034409 0.021505
0 0.903226 0.019355 0.030108 0.036559