0 0.971505 0.114516 0.056989 0.216129
0 0.902151 0.046237 0.060215 0.088172
0 0.856452 0.052151 0.067742 0.102151
0 0.821505 0.040860 0.058065 0.079570
0 0.632258 0.627957 0.053763 0.066667
0 0.355914 0.526882 0.238710 0.090323
0 0.364516 0.492473 0.273118 0.098925
0 0.408602 0.463441 0.329032 0.120430
0 0.438710 0.427957 0.326882 0.111828
0 0.566667 0.393548 0.086022 0.047312
0 0.459140 0.377419 0.135484 0.058065
0 0.465591 0.347312 0.152688 0.066667
0 0.016667 0.276882 0.031183 0.020430
0 0.023656 0.253763 0.045161 0.023656
0 0.013441 0.346774 0.024731 0.037634
0 0.031183 0.318280 0.060215 0.040860
0 0.103226 0.353763 0.083871 0.043011
0 0.097849 0.330108 0.060215 0.032258
0 0.101075 0.286022 0.073118 0.032258
0 0.094624 0.297849 0.053763 0.023656
0 0.151613 0.310753 0.053763 0.023656
0 0.210753 0.323656 0.062366 0.027957
0 0.216129 0.362366 0.083871 0.047312
0 0.279570 0.339785 0.051613 0.025806
0 0.290323 0.329032 0.058065 0.030108
0 0.305376 0.322581 0.025806 0.015054
0 0.346237 0.356989 0.075269 0.030108
0 0.231720 0.009140 0.016129 0.016129
0 0.250000 0.010215 0.018280 0.018280
0 0.267204 0.012366 0.013978 0.022581
0 0.283871 0.016129 0.019355 0.030108
0 0.296774 0.016129 0.019355 0.025806
0 0.309677 0.017742 0.021505 0.033333
0 0.326344 0.018817 0.026882 0.035484
0 0.337634 0.026882 0.019355 0.025806
0 0.345161 0.035484 0.015054 0.017204
0 0.056989 0.009677 0.015054 0.017204
0 0.078495 0.011828 0.015054 0.021505
0 0.090323 0.021505 0.025806 0.038710
0 0.108602 0.019355 0.021505 0.030108
0 0.122581 0.030108 0.025806 0.040860
0 0.151613 0.030108 0.021505 0.030108
0 0.173118 0.046237 0.027957 0.043011
0 0.209677 0.050538 0.027957 0.038710
0 0.227957 0.055914 0.030108 0.040860
0 0.329032 0.067742 0.008602 0.019355
0 0.291398 0.074194 0.030108 0.051613
0 0.272043 0.072043 0.038710 0.058065
0 0.308602 0.089247 0.034409 0.062366
0 0.389785 0.092473 0.020430 0.038710
0 0.434409 0.094624 0.051613 0.034409
0 0.458065 0.081720 0.094624 0.043011
0 0.389247 0.043011 0.083871 0.036559