0 0.990860 0.989247 0.018280 0.017204
0 0.993548 0.953226 0.012903 0.020430
0 0.833871 0.988172 0.080645 0.023656
0 0.834409 0.967742 0.077419 0.023656
0 0.820430 0.944624 0.036559 0.016129
0 0.832796 0.915591 0.054839 0.035484
0 0.837097 0.887097 0.046237 0.019355
0 0.854301 0.871505 0.076344 0.033333
0 0.857527 0.851613 0.069892 0.023656
0 0.720430 0.990323 0.101075 0.019355
0 0.738710 0.972581 0.086022 0.026882
0 0.741935 0.950538 0.086022 0.025806
0 0.744624 0.929032 0.093548 0.027957
0 0.754301 0.904301 0.082796 0.038710
0 0.762366 0.880645 0.081720 0.038710
0 0.773118 0.855914 0.073118 0.032258
0 0.778495 0.837097 0.068817 0.033333
0 0.663441 0.774194 0.023656 0.015054
0 0.660753 0.766129 0.022581 0.011828
0 0.582258 0.726882 0.031183 0.043011
0 0.565054 0.724731 0.026882 0.038710
0 0.554839 0.872043 0.053763 0.023656
0 0.555914 0.850000 0.040860 0.018280
0 0.561828 0.813978 0.037634 0.017204
0 0.564516 0.803226 0.036559 0.015054
0 0.577419 0.781720 0.047312 0.021505
0 0.540323 0.914516 0.044086 0.020430
0 0.546774 0.891398 0.044086 0.023656
0 0.558602 0.832258 0.039785 0.021505
0 0.597312 0.753226 0.067742 0.035484
0 0.462903 0.858065 0.117204 0.053763
0 0.473118 0.805376 0.116129 0.051613