6 0.83046875 0.78984375 0.0390625 0.0234375
6 0.8140625 0.83203125 0.03125 0.0203125
6 0.80625 0.85 0.03125 0.021875
6 0.80625 0.8625 0.03125 0.01875
6 0.79296875 0.88984375 0.0265625 0.0171875
6 0.7859375 0.90234375 0.028125 0.0203125
6 0.77890625 0.95078125 0.0265625 0.0171875
6 0.7734375 0.96796875 0.028125 0.0203125
6 0.74921875 0.80390625 0.0265625 0.0203125
6 0.7421875 0.81875 0.025 0.01875
6 0.7359375 0.83515625 0.025 0.0171875
6 0.71328125 0.8984375 0.0296875 0.01875
6 0.709375 0.91328125 0.03125 0.0203125
6 0.271875 0.909375 0.025 0.025
6 0.28671875 0.91484375 0.0234375 0.0203125
6 0.24453125 0.896875 0.0296875 0.028125
6 0.2578125 0.90390625 0.028125 0.0265625
6 0.7015625 0.92890625 0.034375 0.0203125
6 0.565625 0.90390625 0.021875 0.0296875
6 0.69375 0.95625 0.021875 0.028125
6 0.66015625 0.94453125 0.0234375 0.0265625
6 0.6453125 0.93828125 0.025 0.0296875
6 0.6296875 0.93203125 0.025 0.0296875
6 0.6140625 0.9265625 0.025 0.028125
6 0.596875 0.91796875 0.025 0.0296875
6 0.578125 0.91015625 0.028125 0.0296875
6 0.5515625 0.8984375 0.021875 0.028125
6 0.5375 0.8921875 0.021875 0.03125
6 0.52578125 0.88984375 0.0203125 0.0296875
6 0.5109375 0.88203125 0.028125 0.0265625
6 0.403125 0.61015625 0.01875 0.0265625
6 0.4359375 0.64140625 0.028125 0.0296875
6 0.48359375 0.684375 0.0203125 0.028125
6 0.46640625 0.67578125 0.0171875 0.0265625
6 0.76015625 0.771875 0.0296875 0.021875
6 0.3140625 0.92734375 0.015625 0.0234375
6 0.15546875 0.87265625 0.0296875 0.0203125
6 0.43203125 0.75078125 0.0265625 0.0203125
6 0.38203125 0.8578125 0.0328125 0.021875
6 0.38828125 0.84296875 0.0296875 0.0234375
6 0.39453125 0.8328125 0.0265625 0.01875
6 0.4046875 0.80546875 0.028125 0.0203125
6 0.4140625 0.79140625 0.028125 0.0203125
6 0.42265625 0.77890625 0.0265625 0.0171875
6 0.42578125 0.76875 0.0234375 0.01875
6 0.43671875 0.7359375 0.0265625 0.01875
6 0.4421875 0.7234375 0.025 0.021875
6 0.72265625 0.8703125 0.0265625 0.021875
6 0.72890625 0.85390625 0.0265625 0.0203125
6 0.71875 0.8859375 0.021875 0.01875
6 0.76875 0.75703125 0.028125 0.0234375
6 0.82109375 0.81171875 0.0265625 0.0203125
