6 0.1265625 0.13515625 0.01875 0.0296875
6 0.15390625 0.14453125 0.0203125 0.0296875
6 0.02890625 0.3640625 0.0296875 0.03125
6 0.16328125 0.203125 0.0328125 0.021875
6 0.21875 0.2265625 0.028125 0.021875
6 0.27734375 0.25234375 0.0328125 0.0234375
6 0.0921875 0.20703125 0.021875 0.0296875
6 0.10625 0.21328125 0.021875 0.0296875
6 0.1140625 0.23359375 0.01875 0.0265625
6 0.45078125 0.1953125 0.0328125 0.021875
6 0.46171875 0.1796875 0.0328125 0.025
6 0.478125 0.1515625 0.03125 0.025
6 0.33984375 0.45859375 0.0234375 0.0328125
6 0.23671875 0.5609375 0.0171875 0.028125
6 0.25 0.5671875 0.01875 0.025
6 0.28828125 0.57734375 0.0203125 0.0234375
6 0.571875 0.1125 0.01875 0.028125
