6 0.27421875 0.1046875 0.0171875 0.028125
6 0.2828125 0.065625 0.01875 0.025
6 0.26484375 0.13359375 0.0296875 0.0234375
6 0.2890625 0.0375 0.028125 0.025
6 0.2546875 0.16796875 0.025 0.0265625
6 0.11328125 0.42578125 0.0265625 0.0359375
6 0.17109375 0.42578125 0.0203125 0.0359375
6 0.07578125 0.43046875 0.0265625 0.0328125
6 0.08203125 0.4578125 0.0203125 0.034375
6 0.0953125 0.484375 0.025 0.034375
6 0.121875 0.48671875 0.01875 0.0296875
6 0.04375 0.49453125 0.025 0.0328125
6 0.08984375 0.5390625 0.0234375 0.028125
6 0.07265625 0.53125 0.0203125 0.028125
6 0.05 0.53046875 0.025 0.0265625
6 0.103125 0.575 0.025 0.028125
6 0.07734375 0.59609375 0.0140625 0.0234375
6 0.05546875 0.61953125 0.0296875 0.0359375
6 0.04296875 0.59296875 0.0234375 0.0328125
6 0.02734375 0.6328125 0.0203125 0.03125
6 0.07265625 0.6453125 0.0234375 0.028125
6 0.03125 0.6828125 0.01875 0.03125
6 0.1 0.3734375 0.028125 0.0375
6 0.1421875 0.396875 0.028125 0.034375
6 0.18046875 0.36171875 0.0296875 0.0140625
6 0.21484375 0.28203125 0.0296875 0.0203125
6 0.2359375 0.16328125 0.01875 0.0296875
6 0.2140625 0.153125 0.01875 0.025
6 0.19921875 0.14296875 0.0234375 0.0296875
6 0.171875 0.14765625 0.01875 0.0296875
6 0.24453125 0.2078125 0.0296875 0.021875
6 0.24140625 0.23203125 0.0265625 0.0265625
6 0.23125 0.2609375 0.028125 0.025
6 0.184375 0.203125 0.015625 0.028125
6 0.159375 0.3453125 0.025 0.03125
6 0.20546875 0.19609375 0.0203125 0.0265625
6 0.190625 0.2671875 0.021875 0.03125
6 0.1734375 0.3140625 0.025 0.03125
6 0.1484375 0.29921875 0.034375 0.0359375
6 0.196875 0.33515625 0.021875 0.0328125
6 0.1140625 0.315625 0.025 0.034375
6 0.14296875 0.33125 0.0234375 0.028125
6 0.053125 0.6921875 0.021875 0.028125
6 0.015625 0.7015625 0.028125 0.034375
6 0.009375 0.771875 0.015625 0.028125
6 0.2453125 0.11953125 0.01875 0.0296875
5 0.20859375 0.23046875 0.0234375 0.0359375
