6 0.79375 0.3421875 0.015625 0.021875
6 0.83671875 0.2890625 0.0203125 0.03125
6 0.77421875 0.6046875 0.0171875 0.028125
5 0.75078125 0.0484375 0.0171875 0.028125
6 0.846875 0.246875 0.01875 0.028125
6 0.84765625 0.07265625 0.0171875 0.0234375
6 0.85 0.11328125 0.015625 0.0265625
6 0.8171875 0.0765625 0.0125 0.021875
6 0.82890625 0.38671875 0.0234375 0.0296875
6 0.7921875 0.07109375 0.01875 0.0234375
6 0.7828125 0.565625 0.01875 0.025
6 0.76484375 0.63359375 0.0296875 0.0234375
6 0.81328125 0.4640625 0.0140625 0.03125
6 0.72265625 0.4765625 0.0140625 0.025
6 0.7890625 0.5375 0.028125 0.025
6 0.271875 0.1921875 0.01875 0.028125
6 0.27890625 0.228125 0.0140625 0.028125
6 0.28359375 0.2609375 0.0140625 0.025
6 0.29140625 0.2984375 0.0171875 0.034375
6 0.2953125 0.33046875 0.01875 0.0296875
6 0.7546875 0.66796875 0.025 0.0265625
6 0.61328125 0.92578125 0.0265625 0.0359375
6 0.67109375 0.92578125 0.0203125 0.0359375
6 0.57578125 0.93046875 0.0265625 0.0328125
6 0.58203125 0.9578125 0.0203125 0.034375
6 0.6 0.8734375 0.028125 0.0375
6 0.6421875 0.896875 0.028125 0.034375
6 0.68046875 0.86171875 0.0296875 0.0140625
6 0.71484375 0.78203125 0.0296875 0.0203125
6 0.7359375 0.66328125 0.01875 0.0296875
6 0.7140625 0.653125 0.01875 0.025
6 0.69921875 0.64296875 0.0234375 0.0296875
6 0.671875 0.64765625 0.01875 0.0296875
6 0.74453125 0.7078125 0.0296875 0.021875
6 0.74140625 0.73203125 0.0265625 0.0265625
6 0.73125 0.7609375 0.028125 0.025
6 0.684375 0.703125 0.015625 0.028125
6 0.659375 0.8453125 0.025 0.03125
6 0.70546875 0.69609375 0.0203125 0.0265625
6 0.690625 0.7671875 0.021875 0.03125
6 0.6734375 0.8140625 0.025 0.03125
6 0.6484375 0.79921875 0.034375 0.0359375
6 0.696875 0.83515625 0.021875 0.0328125
6 0.6140625 0.815625 0.025 0.034375
6 0.64296875 0.83125 0.0234375 0.028125
6 0.7453125 0.61953125 0.01875 0.0296875
5 0.70859375 0.73046875 0.0234375 0.0359375
