6 0.2703125 0.52265625 0.03125 0.0203125
6 0.28515625 0.6375 0.0296875 0.01875
6 0.21875 0.33359375 0.01875 0.0328125
6 0.1703125 0.34375 0.021875 0.03125
6 0.22890625 0.38671875 0.0234375 0.0296875
6 0.09296875 0.29296875 0.0203125 0.0296875
6 0.0515625 0.278125 0.021875 0.028125
6 0.01875 0.26640625 0.021875 0.0296875
6 0.078125 0.34453125 0.028125 0.0171875
6 0.02890625 0.32265625 0.0265625 0.0171875
6 0.41484375 0.2859375 0.0203125 0.025
6 0.38515625 0.27578125 0.0203125 0.0296875
6 0.253125 0.028125 0.028125 0.021875
6 0.78125 0.878125 0.01875 0.021875
6 0.31640625 0.77421875 0.0265625 0.0265625
6 0.8453125 0.97265625 0.01875 0.0296875
6 0.52109375 0.4046875 0.0109375 0.03125
6 0.5015625 0.40234375 0.015625 0.0296875
6 0.4796875 0.3171875 0.021875 0.028125
6 0.17734375 0.8828125 0.0265625 0.021875
6 0.14296875 0.86796875 0.0265625 0.0171875
6 0.10625 0.85390625 0.025 0.0203125
6 0.07890625 0.8421875 0.0234375 0.015625
6 0.046875 0.82890625 0.028125 0.0203125
6 0.5015625 0.5296875 0.028125 0.01875
6 0.22890625 0.27578125 0.0203125 0.0296875
6 0.1234375 0.346875 0.028125 0.015625
6 0.4375 0.58828125 0.03125 0.0203125
