6 0.08984375 0.0390625 0.0234375 0.028125
6 0.07265625 0.03125 0.0203125 0.028125
6 0.05 0.03046875 0.025 0.0265625
6 0.103125 0.075 0.025 0.028125
6 0.07734375 0.09609375 0.0140625 0.0234375
6 0.05546875 0.11953125 0.0296875 0.0359375
6 0.04296875 0.09296875 0.0234375 0.0328125
6 0.02734375 0.1328125 0.0203125 0.03125
6 0.07265625 0.1453125 0.0234375 0.028125
6 0.03125 0.1828125 0.01875 0.03125
6 0.053125 0.1921875 0.021875 0.028125
6 0.015625 0.2015625 0.028125 0.034375
6 0.009375 0.271875 0.015625 0.028125
