6 0.24375 0.91640625 0.028125 0.0171875
6 0.346875 0.84375 0.03125 0.0125
6 0.28203125 0.8625 0.0296875 0.015625
6 0.98359375 0.63203125 0.0265625 0.0265625
6 0.678125 0.8890625 0.028125 0.021875
6 0.4390625 0.61640625 0.021875 0.0265625
6 0.759375 0.8828125 0.034375 0.025
6 0.61171875 0.9375 0.0234375 0.015625
6 0.63984375 0.92734375 0.0296875 0.0203125
6 0.49921875 0.44921875 0.0265625 0.0296875
6 0.53984375 0.46171875 0.0203125 0.0296875
6 0.08359375 0.8828125 0.0328125 0.021875
6 0.18515625 0.8328125 0.0359375 0.015625
6 0.9359375 0.6640625 0.021875 0.021875
5 0.4421875 0.5453125 0.0875 0.075
