6 0.33046875 0.78984375 0.0390625 0.0234375
6 0.3140625 0.83203125 0.03125 0.0203125
6 0.30625 0.85 0.03125 0.021875
6 0.30625 0.8625 0.03125 0.01875
6 0.29296875 0.88984375 0.0265625 0.0171875
6 0.2859375 0.90234375 0.028125 0.0203125
6 0.27890625 0.95078125 0.0265625 0.0171875
6 0.2734375 0.96796875 0.028125 0.0203125
6 0.24921875 0.80390625 0.0265625 0.0203125
6 0.2421875 0.81875 0.025 0.01875
6 0.2359375 0.83515625 0.025 0.0171875
6 0.21328125 0.8984375 0.0296875 0.01875
6 0.209375 0.91328125 0.03125 0.0203125
6 0.2015625 0.92890625 0.034375 0.0203125
6 0.065625 0.90390625 0.021875 0.0296875
6 0.19375 0.95625 0.021875 0.028125
6 0.16015625 0.94453125 0.0234375 0.0265625
6 0.1453125 0.93828125 0.025 0.0296875
6 0.1296875 0.93203125 0.025 0.0296875
6 0.1140625 0.9265625 0.025 0.028125
6 0.096875 0.91796875 0.025 0.0296875
6 0.078125 0.91015625 0.028125 0.0296875
6 0.0515625 0.8984375 0.021875 0.028125
6 0.0375 0.8921875 0.021875 0.03125
6 0.02578125 0.88984375 0.0203125 0.0296875
6 0.26015625 0.771875 0.0296875 0.021875
6 0.22265625 0.8703125 0.0265625 0.021875
6 0.22890625 0.85390625 0.0265625 0.0203125
6 0.21875 0.8859375 0.021875 0.01875
6 0.965625 0.59296875 0.0375 0.0265625
6 0.96328125 0.61328125 0.0359375 0.0265625
6 0.26875 0.75703125 0.028125 0.0234375
6 0.32109375 0.81171875 0.0265625 0.0203125
