6 0.77421875 0.1046875 0.0171875 0.028125
6 0.44921875 0.71875 0.0234375 0.03125
6 0.7828125 0.065625 0.01875 0.025
6 0.76484375 0.13359375 0.0296875 0.0234375
6 0.7890625 0.0375 0.028125 0.025
6 0.7546875 0.16796875 0.025 0.0265625
6 0.61328125 0.42578125 0.0265625 0.0359375
6 0.67109375 0.42578125 0.0203125 0.0359375
6 0.57578125 0.43046875 0.0265625 0.0328125
6 0.58203125 0.4578125 0.0203125 0.034375
6 0.5953125 0.484375 0.025 0.034375
6 0.621875 0.48671875 0.01875 0.0296875
6 0.54375 0.49453125 0.025 0.0328125
6 0.58984375 0.5390625 0.0234375 0.028125
6 0.57265625 0.53125 0.0203125 0.028125
6 0.55 0.53046875 0.025 0.0265625
6 0.603125 0.575 0.025 0.028125
6 0.57734375 0.59609375 0.0140625 0.0234375
6 0.55546875 0.61953125 0.0296875 0.0359375
6 0.54296875 0.59296875 0.0234375 0.0328125
6 0.52734375 0.6328125 0.0203125 0.03125
6 0.57265625 0.6453125 0.0234375 0.028125
6 0.53125 0.6828125 0.01875 0.03125
6 0.6 0.3734375 0.028125 0.0375
6 0.6421875 0.396875 0.028125 0.034375
6 0.68046875 0.36171875 0.0296875 0.0140625
6 0.71484375 0.28203125 0.0296875 0.0203125
6 0.7359375 0.16328125 0.01875 0.0296875
6 0.7140625 0.153125 0.01875 0.025
6 0.69921875 0.14296875 0.0234375 0.0296875
6 0.671875 0.14765625 0.01875 0.0296875
6 0.74453125 0.2078125 0.0296875 0.021875
6 0.74140625 0.23203125 0.0265625 0.0265625
6 0.73125 0.2609375 0.028125 0.025
6 0.684375 0.203125 0.015625 0.028125
6 0.659375 0.3453125 0.025 0.03125
6 0.70546875 0.19609375 0.0203125 0.0265625
6 0.690625 0.2671875 0.021875 0.03125
6 0.6734375 0.3140625 0.025 0.03125
6 0.6484375 0.29921875 0.034375 0.0359375
6 0.696875 0.33515625 0.021875 0.0328125
6 0.6140625 0.315625 0.025 0.034375
6 0.64296875 0.33125 0.0234375 0.028125
6 0.553125 0.6921875 0.021875 0.028125
6 0.515625 0.7015625 0.028125 0.034375
6 0.509375 0.771875 0.015625 0.028125
6 0.7453125 0.11953125 0.01875 0.0296875
5 0.70859375 0.23046875 0.0234375 0.0359375
6 0.48671875 0.80234375 0.0328125 0.0296875
6 0.45078125 0.8203125 0.0234375 0.03125
6 0.46484375 0.84609375 0.0203125 0.0328125
6 0.4421875 0.88984375 0.028125 0.0296875
6 0.41875 0.9453125 0.03125 0.03125
6 0.3984375 0.97578125 0.025 0.0296875
