6 0.96953125 0.74140625 0.0203125 0.0234375
6 0.771875 0.409375 0.025 0.025
6 0.78671875 0.41484375 0.0234375 0.0203125
6 0.74453125 0.396875 0.0296875 0.028125
6 0.95703125 0.79375 0.0265625 0.021875
6 0.91171875 0.778125 0.0296875 0.01875
6 0.7578125 0.40390625 0.028125 0.0265625
6 0.853125 0.56328125 0.021875 0.0296875
6 0.8640625 0.53125 0.01875 0.025
6 0.96640625 0.496875 0.0296875 0.021875
6 0.9390625 0.57578125 0.03125 0.0171875
6 0.92578125 0.6046875 0.0265625 0.01875
6 0.875 0.49921875 0.021875 0.0265625
6 0.903125 0.11015625 0.01875 0.0265625
6 0.9359375 0.14140625 0.028125 0.0296875
6 0.98359375 0.184375 0.0203125 0.028125
6 0.96640625 0.17578125 0.0171875 0.0265625
6 0.03984375 0.96171875 0.0203125 0.0296875
6 0.57265625 0.828125 0.0328125 0.01875
6 0.853125 0.74765625 0.028125 0.0296875
6 0.8140625 0.42734375 0.015625 0.0234375
6 0.65546875 0.37265625 0.0296875 0.0203125
6 0.74375 0.8265625 0.021875 0.028125
6 0.71640625 0.85859375 0.0265625 0.0234375
6 0.93203125 0.25078125 0.0265625 0.0203125
6 0.88203125 0.3578125 0.0328125 0.021875
6 0.88828125 0.34296875 0.0296875 0.0234375
6 0.89453125 0.3328125 0.0265625 0.01875
6 0.9046875 0.30546875 0.028125 0.0203125
6 0.9140625 0.29140625 0.028125 0.0203125
6 0.92265625 0.27890625 0.0265625 0.0171875
6 0.92578125 0.26875 0.0234375 0.01875
6 0.93671875 0.2359375 0.0265625 0.01875
6 0.9421875 0.2234375 0.025 0.021875
