6 0.7703125 0.52265625 0.03125 0.0203125
6 0.78515625 0.6375 0.0296875 0.01875
6 0.71875 0.33359375 0.01875 0.0328125
6 0.6703125 0.34375 0.021875 0.03125
6 0.72890625 0.38671875 0.0234375 0.0296875
6 0.46953125 0.24140625 0.0203125 0.0234375
6 0.59296875 0.29296875 0.0203125 0.0296875
6 0.5515625 0.278125 0.021875 0.028125
6 0.51875 0.26640625 0.021875 0.0296875
6 0.50703125 0.259375 0.0171875 0.025
6 0.49296875 0.25078125 0.0203125 0.0234375
6 0.578125 0.34453125 0.028125 0.0171875
6 0.52890625 0.32265625 0.0265625 0.0171875
6 0.4890625 0.309375 0.025 0.01875
6 0.45703125 0.29375 0.0265625 0.021875
6 0.41171875 0.278125 0.0296875 0.01875
6 0.91484375 0.2859375 0.0203125 0.025
6 0.88515625 0.27578125 0.0203125 0.0296875
6 0.753125 0.028125 0.028125 0.021875
6 0.353125 0.06328125 0.021875 0.0296875
6 0.3640625 0.03125 0.01875 0.025
6 0.4390625 0.07578125 0.03125 0.0171875
6 0.42578125 0.1046875 0.0265625 0.01875
6 0.81640625 0.77421875 0.0265625 0.0265625
6 0.07265625 0.328125 0.0328125 0.01875
6 0.353125 0.24765625 0.028125 0.0296875
6 0.9796875 0.3171875 0.021875 0.028125
6 0.446875 0.66953125 0.03125 0.0234375
6 0.67734375 0.8828125 0.0265625 0.021875
6 0.64296875 0.86796875 0.0265625 0.0171875
6 0.60625 0.85390625 0.025 0.0203125
6 0.57890625 0.8421875 0.0234375 0.015625
6 0.546875 0.82890625 0.028125 0.0203125
6 0.5078125 0.81328125 0.025 0.0203125
6 0.478125 0.8015625 0.025 0.015625
6 0.4453125 0.7875 0.025 0.01875
6 0.41875 0.77578125 0.028125 0.0203125
6 0.24375 0.3265625 0.021875 0.028125
6 0.21640625 0.35859375 0.0265625 0.0234375
6 0.72890625 0.27578125 0.0203125 0.0296875
6 0.6234375 0.346875 0.028125 0.015625
6 0.9375 0.58828125 0.03125 0.0203125
6 0.38515625 0.76171875 0.0296875 0.0203125
6 0.31328125 0.74609375 0.0265625 0.0171875
6 0.34921875 0.75234375 0.0234375 0.0140625
