6 0.35703125 0.90703125 0.0296875 0.0234375
6 0.740625 0.46953125 0.03125 0.0234375
6 0.9390625 0.41328125 0.03125 0.0234375
6 0.86171875 0.77734375 0.0203125 0.0265625
6 0.88046875 0.7546875 0.0234375 0.028125
6 0.90078125 0.73046875 0.0296875 0.0296875
6 0.9109375 0.71953125 0.025 0.0265625
6 0.92265625 0.7109375 0.0234375 0.025
6 0.93203125 0.696875 0.0234375 0.025
6 0.95 0.6765625 0.021875 0.025
6 0.96484375 0.66875 0.0234375 0.028125
6 0.83984375 0.74765625 0.0265625 0.0328125
6 0.71875 0.11328125 0.025 0.0140625
6 0.8359375 0.1359375 0.025 0.015625
6 0.80234375 0.1328125 0.0265625 0.0125
6 0.7453125 0.12265625 0.028125 0.0171875
6 0.8875 0.38125 0.028125 0.01875
6 0.5171875 0.7078125 0.01875 0.025
6 0.49921875 0.38125 0.0296875 0.01875
6 0.40625 0.42109375 0.03125 0.0203125
6 0.94609375 0.47421875 0.0265625 0.0234375
6 0.909375 0.4921875 0.025 0.01875
6 0.853125 0.6140625 0.028125 0.015625
6 0.82265625 0.61640625 0.0296875 0.0171875
6 0.534375 0.71484375 0.021875 0.0296875
6 0.53828125 0.79609375 0.0234375 0.0296875
6 0.56484375 0.7296875 0.0203125 0.028125
6 0.553125 0.721875 0.021875 0.03125
6 0.46640625 0.6859375 0.0203125 0.028125
6 0.48046875 0.7796875 0.0234375 0.028125
6 0.49296875 0.696875 0.0265625 0.03125
6 0.49375 0.78515625 0.021875 0.0265625
6 0.465625 0.77421875 0.021875 0.0296875
6 0.45 0.76796875 0.021875 0.0296875
6 0.89296875 0.603125 0.0328125 0.025
6 0.9671875 0.578125 0.034375 0.025
6 0.9328125 0.58984375 0.03125 0.0203125
