6 0.50390625 0.16640625 0.0265625 0.0234375
6 0.48359375 0.13203125 0.0265625 0.0265625
6 0.178125 0.3890625 0.028125 0.021875
6 0.259375 0.3828125 0.034375 0.025
6 0.11171875 0.4375 0.0234375 0.015625
6 0.13984375 0.42734375 0.0296875 0.0203125
6 0.946875 0.16953125 0.03125 0.0234375
6 0.978125 0.3015625 0.025 0.015625
6 0.9453125 0.2875 0.025 0.01875
6 0.91875 0.27578125 0.028125 0.0203125
6 0.4359375 0.1640625 0.021875 0.021875
6 0.88515625 0.26171875 0.0296875 0.0203125
6 0.81328125 0.24609375 0.0265625 0.0171875
6 0.84921875 0.25234375 0.0234375 0.0140625
6 0.49609375 0.10390625 0.0328125 0.0265625
