6 0.96953125 0.24140625 0.0203125 0.0234375
6 0.95703125 0.29375 0.0265625 0.021875
6 0.91171875 0.278125 0.0296875 0.01875
6 0.853125 0.06328125 0.021875 0.0296875
6 0.8640625 0.03125 0.01875 0.025
6 0.9390625 0.07578125 0.03125 0.0171875
6 0.92578125 0.1046875 0.0265625 0.01875
6 0.50390625 0.66640625 0.0265625 0.0234375
6 0.48359375 0.63203125 0.0265625 0.0265625
6 0.178125 0.8890625 0.028125 0.021875
6 0.259375 0.8828125 0.034375 0.025
6 0.11171875 0.9375 0.0234375 0.015625
6 0.13984375 0.92734375 0.0296875 0.0203125
6 0.03984375 0.46171875 0.0203125 0.0296875
6 0.57265625 0.328125 0.0328125 0.01875
6 0.853125 0.24765625 0.028125 0.0296875
6 0.946875 0.66953125 0.03125 0.0234375
6 0.978125 0.8015625 0.025 0.015625
6 0.9453125 0.7875 0.025 0.01875
6 0.91875 0.77578125 0.028125 0.0203125
6 0.74375 0.3265625 0.021875 0.028125
6 0.71640625 0.35859375 0.0265625 0.0234375
6 0.4359375 0.6640625 0.021875 0.021875
6 0.88515625 0.76171875 0.0296875 0.0203125
6 0.81328125 0.74609375 0.0265625 0.0171875
6 0.84921875 0.75234375 0.0234375 0.0140625
6 0.49609375 0.60390625 0.0328125 0.0265625
