5 0.759375 0.6984375 0.01875 0.04375
5 0.359375 0.90390625 0.03125 0.0296875
5 0.375 0.8890625 0.03125 0.028125
5 0.3859375 0.87578125 0.03125 0.0265625
5 0.521875 0.77265625 0.028125 0.0390625
5 0.540625 0.76328125 0.034375 0.0421875
5 0.5765625 0.74765625 0.03125 0.0390625
6 0.36171875 0.27734375 0.0203125 0.0265625
6 0.38046875 0.2546875 0.0234375 0.028125
6 0.40078125 0.23046875 0.0296875 0.0296875
6 0.4109375 0.21953125 0.025 0.0265625
6 0.42265625 0.2109375 0.0234375 0.025
6 0.43203125 0.196875 0.0234375 0.025
6 0.45 0.1765625 0.021875 0.025
6 0.46484375 0.16875 0.0234375 0.028125
6 0.33984375 0.24765625 0.0265625 0.0328125
6 0.0171875 0.2078125 0.01875 0.025
6 0.353125 0.1140625 0.028125 0.015625
6 0.32265625 0.11640625 0.0296875 0.0171875
6 0.034375 0.21484375 0.021875 0.0296875
6 0.03828125 0.29609375 0.0234375 0.0296875
6 0.06484375 0.2296875 0.0203125 0.028125
6 0.053125 0.221875 0.021875 0.03125
6 0.39296875 0.103125 0.0328125 0.025
6 0.4671875 0.078125 0.034375 0.025
6 0.5078125 0.06484375 0.03125 0.0234375
6 0.4328125 0.08984375 0.03125 0.0203125
