6 0.15 0.7265625 0.028125 0.03125
6 0.20859375 0.6984375 0.0296875 0.034375
6 0.08359375 0.8046875 0.0296875 0.03125
6 0.17890625 0.66015625 0.0265625 0.0296875
6 0.259375 0.69453125 0.025 0.0296875
6 0.44921875 0.21875 0.0234375 0.03125
6 0.58984375 0.0390625 0.0234375 0.028125
6 0.57265625 0.03125 0.0203125 0.028125
6 0.55 0.03046875 0.025 0.0265625
6 0.603125 0.075 0.025 0.028125
6 0.57734375 0.09609375 0.0140625 0.0234375
6 0.55546875 0.11953125 0.0296875 0.0359375
6 0.54296875 0.09296875 0.0234375 0.0328125
6 0.52734375 0.1328125 0.0203125 0.03125
6 0.57265625 0.1453125 0.0234375 0.028125
6 0.53125 0.1828125 0.01875 0.03125
6 0.553125 0.1921875 0.021875 0.028125
6 0.515625 0.2015625 0.028125 0.034375
6 0.509375 0.271875 0.015625 0.028125
6 0.48671875 0.30234375 0.0328125 0.0296875
6 0.31953125 0.4875 0.0296875 0.03125
6 0.45078125 0.3203125 0.0234375 0.03125
6 0.46484375 0.34609375 0.0203125 0.0328125
6 0.4421875 0.38984375 0.028125 0.0296875
6 0.41875 0.4453125 0.03125 0.03125
6 0.3984375 0.47578125 0.025 0.0296875
6 0.35546875 0.5 0.0265625 0.028125
6 0.36953125 0.5265625 0.0265625 0.028125
6 0.3140625 0.52421875 0.021875 0.0265625
6 0.325 0.54296875 0.025 0.0296875
6 0.3015625 0.596875 0.034375 0.028125
6 0.2859375 0.64140625 0.028125 0.0296875
