6 0.33046875 0.28984375 0.0390625 0.0234375
6 0.3140625 0.33203125 0.03125 0.0203125
6 0.30625 0.35 0.03125 0.021875
6 0.30625 0.3625 0.03125 0.01875
6 0.29296875 0.38984375 0.0265625 0.0171875
6 0.2859375 0.40234375 0.028125 0.0203125
6 0.27890625 0.45078125 0.0265625 0.0171875
6 0.2734375 0.46796875 0.028125 0.0203125
6 0.24921875 0.30390625 0.0265625 0.0203125
6 0.2421875 0.31875 0.025 0.01875
6 0.21875 0.83359375 0.01875 0.0328125
6 0.1703125 0.84375 0.021875 0.03125
6 0.22890625 0.88671875 0.0234375 0.0296875
6 0.2359375 0.33515625 0.025 0.0171875
6 0.21328125 0.3984375 0.0296875 0.01875
6 0.209375 0.41328125 0.03125 0.0203125
6 0.09296875 0.79296875 0.0203125 0.0296875
6 0.0515625 0.778125 0.021875 0.028125
6 0.01875 0.76640625 0.021875 0.0296875
6 0.078125 0.84453125 0.028125 0.0171875
6 0.02890625 0.82265625 0.0265625 0.0171875
6 0.41484375 0.7859375 0.0203125 0.025
6 0.38515625 0.77578125 0.0203125 0.0296875
6 0.253125 0.528125 0.028125 0.021875
6 0.2015625 0.42890625 0.034375 0.0203125
6 0.065625 0.40390625 0.021875 0.0296875
6 0.19375 0.45625 0.021875 0.028125
6 0.16015625 0.44453125 0.0234375 0.0265625
6 0.1453125 0.43828125 0.025 0.0296875
6 0.1296875 0.43203125 0.025 0.0296875
6 0.1140625 0.4265625 0.025 0.028125
6 0.096875 0.41796875 0.025 0.0296875
6 0.078125 0.41015625 0.028125 0.0296875
6 0.0515625 0.3984375 0.021875 0.028125
6 0.0375 0.3921875 0.021875 0.03125
6 0.02578125 0.38984375 0.0203125 0.0296875
6 0.26015625 0.271875 0.0296875 0.021875
6 0.52109375 0.9046875 0.0109375 0.03125
6 0.5015625 0.90234375 0.015625 0.0296875
6 0.4796875 0.8171875 0.021875 0.028125
6 0.22265625 0.3703125 0.0265625 0.021875
6 0.22890625 0.35390625 0.0265625 0.0203125
6 0.21875 0.3859375 0.021875 0.01875
6 0.22890625 0.77578125 0.0203125 0.0296875
6 0.1234375 0.846875 0.028125 0.015625
6 0.965625 0.09296875 0.0375 0.0265625
6 0.96328125 0.11328125 0.0359375 0.0265625
6 0.26875 0.25703125 0.028125 0.0234375
6 0.32109375 0.31171875 0.0265625 0.0203125
