6 0.29375 0.8421875 0.015625 0.021875
6 0.33671875 0.7890625 0.0203125 0.03125
6 0.28125 0.378125 0.01875 0.021875
5 0.25078125 0.5484375 0.0171875 0.028125
6 0.346875 0.746875 0.01875 0.028125
6 0.34765625 0.57265625 0.0171875 0.0234375
6 0.35 0.61328125 0.015625 0.0265625
6 0.3453125 0.47265625 0.01875 0.0296875
6 0.3171875 0.5765625 0.0125 0.021875
6 0.32890625 0.88671875 0.0234375 0.0296875
6 0.2921875 0.57109375 0.01875 0.0234375
5 0.23984375 0.503125 0.0203125 0.04375
6 0.96640625 0.01328125 0.0265625 0.0140625
6 0.31328125 0.9640625 0.0140625 0.03125
6 0.22265625 0.9765625 0.0140625 0.025
