6 0.83046875 0.28984375 0.0390625 0.0234375
6 0.8140625 0.33203125 0.03125 0.0203125
6 0.80625 0.35 0.03125 0.021875
6 0.80625 0.3625 0.03125 0.01875
6 0.79296875 0.38984375 0.0265625 0.0171875
6 0.7859375 0.40234375 0.028125 0.0203125
6 0.77890625 0.45078125 0.0265625 0.0171875
6 0.7734375 0.46796875 0.028125 0.0203125
6 0.74921875 0.30390625 0.0265625 0.0203125
6 0.7421875 0.31875 0.025 0.01875
6 0.71875 0.83359375 0.01875 0.0328125
6 0.6703125 0.84375 0.021875 0.03125
6 0.72890625 0.88671875 0.0234375 0.0296875
6 0.7359375 0.33515625 0.025 0.0171875
6 0.71328125 0.3984375 0.0296875 0.01875
6 0.709375 0.41328125 0.03125 0.0203125
6 0.46953125 0.74140625 0.0203125 0.0234375
6 0.271875 0.409375 0.025 0.025
6 0.28671875 0.41484375 0.0234375 0.0203125
6 0.59296875 0.79296875 0.0203125 0.0296875
6 0.5515625 0.778125 0.021875 0.028125
6 0.51875 0.76640625 0.021875 0.0296875
6 0.50703125 0.759375 0.0171875 0.025
6 0.49296875 0.75078125 0.0203125 0.0234375
6 0.578125 0.84453125 0.028125 0.0171875
6 0.24453125 0.396875 0.0296875 0.028125
6 0.52890625 0.82265625 0.0265625 0.0171875
6 0.4890625 0.809375 0.025 0.01875
6 0.45703125 0.79375 0.0265625 0.021875
6 0.41171875 0.778125 0.0296875 0.01875
6 0.91484375 0.7859375 0.0203125 0.025
6 0.88515625 0.77578125 0.0203125 0.0296875
6 0.753125 0.528125 0.028125 0.021875
6 0.2578125 0.40390625 0.028125 0.0265625
6 0.353125 0.56328125 0.021875 0.0296875
6 0.7015625 0.42890625 0.034375 0.0203125
6 0.565625 0.40390625 0.021875 0.0296875
6 0.69375 0.45625 0.021875 0.028125
6 0.66015625 0.44453125 0.0234375 0.0265625
6 0.6453125 0.43828125 0.025 0.0296875
6 0.6296875 0.43203125 0.025 0.0296875
6 0.6140625 0.4265625 0.025 0.028125
6 0.596875 0.41796875 0.025 0.0296875
6 0.578125 0.41015625 0.028125 0.0296875
6 0.5515625 0.3984375 0.021875 0.028125
6 0.3640625 0.53125 0.01875 0.025
6 0.5375 0.3921875 0.021875 0.03125
6 0.52578125 0.38984375 0.0203125 0.0296875
6 0.5109375 0.38203125 0.028125 0.0265625
6 0.46640625 0.496875 0.0296875 0.021875
6 0.4390625 0.57578125 0.03125 0.0171875
6 0.42578125 0.6046875 0.0265625 0.01875
6 0.375 0.49921875 0.021875 0.0265625
6 0.403125 0.11015625 0.01875 0.0265625
6 0.4359375 0.14140625 0.028125 0.0296875
6 0.48359375 0.184375 0.0203125 0.028125
6 0.46640625 0.17578125 0.0171875 0.0265625
6 0.76015625 0.271875 0.0296875 0.021875
6 0.07265625 0.828125 0.0328125 0.01875
6 0.353125 0.74765625 0.028125 0.0296875
6 0.3140625 0.42734375 0.015625 0.0234375
6 0.15546875 0.37265625 0.0296875 0.0203125
6 0.9796875 0.8171875 0.021875 0.028125
6 0.24375 0.8265625 0.021875 0.028125
6 0.21640625 0.85859375 0.0265625 0.0234375
6 0.43203125 0.25078125 0.0265625 0.0203125
6 0.38203125 0.3578125 0.0328125 0.021875
6 0.38828125 0.34296875 0.0296875 0.0234375
6 0.39453125 0.3328125 0.0265625 0.01875
6 0.4046875 0.30546875 0.028125 0.0203125
6 0.4140625 0.29140625 0.028125 0.0203125
6 0.42265625 0.27890625 0.0265625 0.0171875
6 0.42578125 0.26875 0.0234375 0.01875
6 0.43671875 0.2359375 0.0265625 0.01875
6 0.4421875 0.2234375 0.025 0.021875
6 0.72265625 0.3703125 0.0265625 0.021875
6 0.72890625 0.35390625 0.0265625 0.0203125
6 0.71875 0.3859375 0.021875 0.01875
6 0.72890625 0.77578125 0.0203125 0.0296875
6 0.6234375 0.846875 0.028125 0.015625
6 0.76875 0.25703125 0.028125 0.0234375
6 0.82109375 0.31171875 0.0265625 0.0203125
