6 0.35703125 0.40703125 0.0296875 0.0234375
5 0.859375 0.90390625 0.03125 0.0296875
5 0.875 0.8890625 0.03125 0.028125
5 0.8859375 0.87578125 0.03125 0.0265625
6 0.86171875 0.27734375 0.0203125 0.0265625
6 0.88046875 0.2546875 0.0234375 0.028125
6 0.90078125 0.23046875 0.0296875 0.0296875
6 0.9109375 0.21953125 0.025 0.0265625
6 0.92265625 0.2109375 0.0234375 0.025
6 0.93203125 0.196875 0.0234375 0.025
6 0.95 0.1765625 0.021875 0.025
6 0.96484375 0.16875 0.0234375 0.028125
6 0.2734375 0.578125 0.028125 0.01875
6 0.83984375 0.24765625 0.0265625 0.0328125
6 0.24453125 0.5265625 0.0328125 0.03125
6 0.5171875 0.2078125 0.01875 0.025
6 0.853125 0.1140625 0.028125 0.015625
6 0.82265625 0.11640625 0.0296875 0.0171875
6 0.534375 0.21484375 0.021875 0.0296875
6 0.53828125 0.29609375 0.0234375 0.0296875
6 0.56484375 0.2296875 0.0203125 0.028125
6 0.553125 0.221875 0.021875 0.03125
6 0.46640625 0.1859375 0.0203125 0.028125
6 0.48046875 0.2796875 0.0234375 0.028125
6 0.49296875 0.196875 0.0265625 0.03125
6 0.49375 0.28515625 0.021875 0.0265625
6 0.465625 0.27421875 0.021875 0.0296875
6 0.45 0.26796875 0.021875 0.0296875
6 0.89296875 0.103125 0.0328125 0.025
6 0.9671875 0.078125 0.034375 0.025
6 0.9328125 0.08984375 0.03125 0.0203125
