6 0.771875 0.909375 0.025 0.025
6 0.78671875 0.91484375 0.0234375 0.0203125
6 0.74453125 0.896875 0.0296875 0.028125
6 0.7578125 0.90390625 0.028125 0.0265625
6 0.903125 0.61015625 0.01875 0.0265625
6 0.9359375 0.64140625 0.028125 0.0296875
6 0.98359375 0.684375 0.0203125 0.028125
6 0.96640625 0.67578125 0.0171875 0.0265625
6 0.8140625 0.92734375 0.015625 0.0234375
6 0.65546875 0.87265625 0.0296875 0.0203125
6 0.93203125 0.75078125 0.0265625 0.0203125
6 0.88203125 0.8578125 0.0328125 0.021875
6 0.88828125 0.84296875 0.0296875 0.0234375
6 0.89453125 0.8328125 0.0265625 0.01875
6 0.9046875 0.80546875 0.028125 0.0203125
6 0.9140625 0.79140625 0.028125 0.0203125
6 0.92265625 0.77890625 0.0265625 0.0171875
6 0.92578125 0.76875 0.0234375 0.01875
6 0.93671875 0.7359375 0.0265625 0.01875
6 0.9421875 0.7234375 0.025 0.021875
