6 0.46953125 0.40625 0.0265625 0.028125
6 0.51640625 0.43125 0.0265625 0.034375
6 0.3921875 0.34140625 0.021875 0.0265625
6 0.3203125 0.05625 0.028125 0.015625
6 0.44921875 0.178125 0.0296875 0.021875
6 0.45390625 0.19375 0.0328125 0.028125
6 0.4953125 0.2421875 0.034375 0.034375
6 0.39453125 0.23515625 0.0328125 0.0265625
6 0.38359375 0.221875 0.0328125 0.03125
6 0.37421875 0.20703125 0.0296875 0.0265625
6 0.365625 0.19453125 0.028125 0.0234375
6 0.36171875 0.18125 0.0296875 0.021875
6 0.3375 0.11796875 0.028125 0.0203125
6 0.3296875 0.10390625 0.03125 0.0203125
6 0.35 0.22265625 0.025 0.0234375
6 0.40625 0.35 0.025 0.028125
6 0.3390625 0.21484375 0.03125 0.0328125
6 0.3265625 0.2015625 0.028125 0.028125
6 0.315625 0.190625 0.028125 0.028125
6 0.28984375 0.1703125 0.0265625 0.025
6 0.17265625 0.38828125 0.0265625 0.0265625
6 0.23984375 0.23984375 0.0296875 0.0296875
6 0.2546875 0.24765625 0.028125 0.0296875
6 0.26796875 0.26015625 0.0265625 0.0296875
6 0.346875 0.31640625 0.028125 0.0359375
6 0.3609375 0.325 0.021875 0.028125
6 0.43203125 0.1484375 0.0234375 0.021875
6 0.49921875 0.4296875 0.0234375 0.03125
6 0.86875 0.38046875 0.015625 0.0296875
6 0.88671875 0.378125 0.0171875 0.03125
6 0.90234375 0.3765625 0.0140625 0.028125
6 0.46015625 0.3953125 0.0328125 0.034375
6 0.98203125 0.459375 0.0140625 0.03125
6 0.4796875 0.42109375 0.021875 0.0265625
6 0.44765625 0.38515625 0.0296875 0.0359375
6 0.309375 0.01171875 0.0375 0.0171875
6 0.35390625 0.1671875 0.0296875 0.025
6 0.31640625 0.0390625 0.0359375 0.021875
6 0.321875 0.07265625 0.040625 0.0234375
6 0.32890625 0.0890625 0.0328125 0.01875
6 0.3390625 0.13515625 0.028125 0.0203125
6 0.34765625 0.15 0.0390625 0.03125
6 0.465625 0.20625 0.028125 0.028125
6 0.43515625 0.3734375 0.0265625 0.028125
6 0.478125 0.2171875 0.028125 0.03125
6 0.4875 0.22734375 0.025 0.0265625
6 0.2171875 0.209375 0.028125 0.028125
6 0.228125 0.225 0.040625 0.034375
6 0.275 0.27890625 0.028125 0.0296875
6 0.29140625 0.2828125 0.0296875 0.034375
6 0.30234375 0.29296875 0.0296875 0.0296875
6 0.31875 0.3015625 0.028125 0.03125
6 0.37734375 0.33515625 0.0234375 0.0328125
6 0.42421875 0.3609375 0.0296875 0.028125
6 0.44140625 0.16328125 0.0296875 0.0265625
6 0.425 0.13515625 0.028125 0.0234375
5 0.10703125 0.41875 0.1203125 0.103125
5 0.77578125 0.275 0.1046875 0.046875
6 0.07578125 0.41953125 0.0328125 0.0328125
6 0.41796875 0.12109375 0.0296875 0.0203125
6 0.38515625 0.01015625 0.0296875 0.0203125
6 0.38671875 0.02734375 0.0296875 0.0203125
6 0.39140625 0.04140625 0.0328125 0.0171875
6 0.4 0.0765625 0.021875 0.015625
6 0.3953125 0.06171875 0.03125 0.0203125
6 0.41171875 0.10546875 0.0296875 0.0234375
6 0.98359375 0.3796875 0.0140625 0.03125
6 0.9671875 0.3796875 0.0125 0.03125
6 0.95078125 0.378125 0.0140625 0.03125
6 0.93671875 0.37890625 0.0140625 0.0296875
6 0.91875 0.378125 0.0125 0.03125
6 0.965625 0.46015625 0.0125 0.0296875
6 0.95 0.46015625 0.0125 0.0296875
6 0.934375 0.46015625 0.0125 0.0328125
6 0.91875 0.4609375 0.0125 0.03125
6 0.90390625 0.459375 0.0171875 0.03125
6 0.884375 0.4578125 0.0125 0.03125
6 0.85078125 0.453125 0.0171875 0.034375
6 0.78125 0.4296875 0.0375 0.015625
5 0.83984375 0.94609375 0.0203125 0.0421875
5 0.76953125 0.9421875 0.0203125 0.04375
5 0.88125 0.9359375 0.01875 0.046875
6 0.72265625 0.7 0.0296875 0.015625
6 0.56640625 0.6734375 0.0328125 0.01875
