6 0.5390625 0.48203125 0.0125 0.0265625
6 0.93984375 0.75078125 0.0328125 0.0296875
6 0.96796875 0.8625 0.0265625 0.025
6 0.9296875 0.97265625 0.034375 0.0296875
6 0.93671875 0.78828125 0.0390625 0.0296875
6 0.9671875 0.78828125 0.034375 0.0296875
6 0.96484375 0.80703125 0.0328125 0.0265625
6 0.73203125 0.6765625 0.0265625 0.015625
6 0.73515625 0.56484375 0.0296875 0.0171875
6 0.765625 0.61484375 0.03125 0.0171875
6 0.76328125 0.63125 0.0328125 0.015625
6 0.76640625 0.6625 0.0328125 0.015625
6 0.7625 0.69375 0.028125 0.015625
6 0.7328125 0.69453125 0.03125 0.0171875
6 0.73359375 0.73984375 0.0328125 0.0171875
6 0.84453125 0.63359375 0.0296875 0.0140625
6 0.72890625 0.75625 0.0234375 0.015625
6 0.76328125 0.80390625 0.0296875 0.0140625
6 0.7625 0.78828125 0.028125 0.0140625
6 0.72890625 0.85078125 0.0328125 0.0171875
6 0.75859375 0.8671875 0.0359375 0.015625
6 0.8359375 0.88671875 0.0375 0.0171875
6 0.86953125 0.8234375 0.0296875 0.021875
6 0.84296875 0.7890625 0.0296875 0.015625
6 0.875 0.78515625 0.03125 0.0234375
6 0.84375 0.7109375 0.028125 0.015625
6 0.9609375 0.97265625 0.0375 0.0328125
6 0.76875 0.565625 0.03125 0.015625
6 0.8484375 0.56640625 0.028125 0.0171875
6 0.76875 0.5828125 0.03125 0.0125
6 0.7640625 0.5984375 0.028125 0.0125
6 0.73125 0.59609375 0.028125 0.0140625
6 0.84375 0.58359375 0.028125 0.0140625
6 0.84453125 0.59921875 0.0359375 0.0203125
6 0.8453125 0.615625 0.028125 0.015625
6 0.7328125 0.6140625 0.03125 0.015625
6 0.90859375 0.23984375 0.0140625 0.0359375
6 0.8828125 0.27578125 0.015625 0.0390625
6 0.909375 0.14609375 0.015625 0.0328125
5 0.90234375 0.39296875 0.0171875 0.0796875
6 0.73203125 0.628125 0.0296875 0.015625
6 0.76484375 0.6453125 0.0296875 0.015625
6 0.7296875 0.6625 0.0375 0.015625
6 0.8734375 0.8765625 0.0375 0.03125
6 0.93984375 0.7703125 0.0328125 0.028125
6 0.94296875 0.73671875 0.0296875 0.0296875
6 0.9703125 0.75234375 0.028125 0.0296875
6 0.96640625 0.76875 0.0265625 0.025
6 0.846875 0.64921875 0.03125 0.0171875
6 0.84140625 0.7578125 0.0296875 0.015625
6 0.84765625 0.74296875 0.0265625 0.0140625
6 0.84140625 0.7265625 0.0359375 0.015625
6 0.84453125 0.77421875 0.0296875 0.0171875
6 0.9625 0.87890625 0.034375 0.0328125
6 0.8359375 0.85234375 0.0375 0.0171875
6 0.9328125 0.8578125 0.034375 0.028125
6 0.9328125 0.87890625 0.03125 0.0265625
6 0.9359375 0.84375 0.034375 0.03125
6 0.84296875 0.66328125 0.0390625 0.0171875
6 0.87265625 0.85625 0.0296875 0.025
6 0.83828125 0.821875 0.0359375 0.015625
6 0.7609375 0.709375 0.03125 0.015625
6 0.72734375 0.81796875 0.0328125 0.0140625
6 0.728125 0.70546875 0.034375 0.0171875
6 0.728125 0.72421875 0.034375 0.0171875
6 0.765625 0.725 0.03125 0.015625
6 0.765625 0.740625 0.03125 0.015625
6 0.7609375 0.75703125 0.028125 0.0140625
6 0.7265625 0.77109375 0.04375 0.0171875
6 0.7625 0.771875 0.028125 0.015625
6 0.7265625 0.78671875 0.03125 0.0171875
6 0.72734375 0.8015625 0.0328125 0.015625
6 0.75859375 0.81953125 0.0296875 0.0140625
6 0.72734375 0.8359375 0.0328125 0.015625
6 0.87109375 0.80390625 0.0390625 0.0328125
6 0.76171875 0.85 0.0296875 0.0125
6 0.721875 0.86640625 0.03125 0.0140625
6 0.75859375 0.8828125 0.0296875 0.015625
6 0.7265625 0.884375 0.025 0.0125
6 0.8453125 0.68046875 0.034375 0.0171875
6 0.8421875 0.6953125 0.028125 0.015625
6 0.87578125 0.6953125 0.0359375 0.03125
6 0.875 0.73125 0.03125 0.028125
6 0.87578125 0.74765625 0.0296875 0.0234375
6 0.8765625 0.76484375 0.028125 0.0265625
6 0.5828125 0.6765625 0.0125 0.03125
6 0.63125 0.61953125 0.03125 0.0171875
6 0.63515625 0.6390625 0.0296875 0.015625
6 0.62421875 0.80234375 0.0296875 0.0171875
6 0.625 0.81953125 0.034375 0.0171875
6 0.6234375 0.88359375 0.034375 0.0171875
6 0.61796875 0.89921875 0.0296875 0.0140625
6 0.61953125 0.91484375 0.0296875 0.0140625
6 0.615625 0.93046875 0.025 0.0109375
6 0.525 0.57734375 0.0125 0.0296875
6 0.53046875 0.796875 0.0328125 0.015625
6 0.528125 0.86015625 0.040625 0.0203125
6 0.61875 0.86640625 0.034375 0.0203125
6 0.5234375 0.97890625 0.034375 0.0171875
6 0.50703125 0.484375 0.0140625 0.028125
6 0.221875 0.22265625 0.034375 0.0265625
6 0.3125 0.26953125 0.03125 0.0234375
6 0.6265625 0.7859375 0.028125 0.015625
