6 0.14296875 0.89453125 0.0328125 0.0171875
6 0.12578125 0.18125 0.0140625 0.025
6 0.2265625 0.34296875 0.040625 0.0171875
6 0.2203125 0.40703125 0.0375 0.0171875
6 0.2234375 0.45625 0.028125 0.015625
6 0.2171875 0.47109375 0.021875 0.0140625
6 0.2203125 0.48671875 0.034375 0.0140625
6 0.21875 0.53515625 0.034375 0.0140625
6 0.2171875 0.5671875 0.034375 0.015625
6 0.22109375 0.55078125 0.0359375 0.0140625
6 0.21640625 0.58203125 0.0359375 0.0140625
6 0.10703125 0.215625 0.0140625 0.028125
6 0.1546875 0.1828125 0.015625 0.03125
6 0.134375 0.284375 0.015625 0.034375
6 0.50546875 0.075 0.0140625 0.03125
6 0.49140625 0.04140625 0.0109375 0.0296875
6 0.459375 0.04140625 0.0125 0.0328125
6 0.428125 0.0359375 0.015625 0.03125
6 0.4125 0.03984375 0.015625 0.0328125
6 0.34921875 0.0703125 0.0140625 0.028125
6 0.3625 0.06875 0.0125 0.028125
6 0.38046875 0.06875 0.0140625 0.028125
6 0.39609375 0.0734375 0.0109375 0.034375
6 0.47421875 0.075 0.0140625 0.028125
6 0.48984375 0.0734375 0.0109375 0.028125
6 0.53984375 0.07890625 0.0140625 0.0296875
6 0.79140625 0.0484375 0.0140625 0.03125
6 0.6015625 0.0765625 0.0125 0.028125
6 0.61640625 0.07421875 0.0140625 0.0296875
6 0.6328125 0.07890625 0.0125 0.0296875
6 0.6953125 0.08046875 0.015625 0.0265625
6 0.9046875 0.08828125 0.015625 0.0296875
6 0.7578125 0.16640625 0.015625 0.0296875
6 0.70859375 0.159375 0.0140625 0.034375
6 0.6609375 0.15546875 0.0125 0.0296875
6 0.61484375 0.153125 0.0140625 0.03125
6 0.67890625 0.078125 0.0109375 0.028125
6 0.77578125 0.0515625 0.0140625 0.03125
6 0.80546875 0.05390625 0.0109375 0.0265625
6 0.853125 0.05390625 0.0125 0.0328125
6 0.228125 0.02578125 0.028125 0.0203125
6 0.44453125 0.04140625 0.0140625 0.0296875
6 0.38046875 0.03828125 0.0140625 0.0265625
6 0.47578125 0.040625 0.0140625 0.03125
6 0.91875 0.0578125 0.0125 0.034375
6 0.903125 0.05859375 0.0125 0.0265625
6 0.8875 0.05703125 0.0125 0.0328125
6 0.87109375 0.059375 0.0109375 0.03125
6 0.5828125 0.15703125 0.0125 0.0328125
6 0.80546875 0.2 0.0140625 0.03125
6 0.5671875 0.15703125 0.0125 0.0296875
6 0.10234375 0.2875 0.0140625 0.028125
6 0.59609375 0.3765625 0.0171875 0.028125
6 0.3078125 0.2890625 0.015625 0.028125
5 0.48359375 0.296875 0.0203125 0.0375
6 0.62890625 0.409375 0.0140625 0.028125
6 0.62109375 0.37265625 0.0140625 0.0296875
6 0.64296875 0.37578125 0.0140625 0.0296875
6 0.41953125 0.4046875 0.0171875 0.040625
6 0.35625 0.36328125 0.015625 0.0328125
5 0.340625 0.3984375 0.015625 0.04375
6 0.30625 0.396875 0.015625 0.028125
6 0.56015625 0.4109375 0.0140625 0.034375
6 0.46484375 0.40546875 0.0171875 0.0328125
6 0.32734375 0.2546875 0.0140625 0.03125
6 0.540625 0.48828125 0.0125 0.0296875
6 0.6046875 0.496875 0.015625 0.03125
6 0.55859375 0.51875 0.0171875 0.034375
6 0.49375 0.48203125 0.015625 0.0328125
6 0.47734375 0.48359375 0.0140625 0.0296875
6 0.39765625 0.48671875 0.0140625 0.0296875
6 0.38046875 0.48203125 0.0140625 0.0296875
6 0.36796875 0.48046875 0.0140625 0.0296875
6 0.3515625 0.48125 0.0125 0.034375
6 0.36640625 0.5125 0.0140625 0.03125
6 0.31015625 0.253125 0.0140625 0.028125
6 0.34296875 0.25546875 0.0140625 0.0328125
6 0.334375 0.5109375 0.0125 0.028125
6 0.64453125 0.190625 0.0140625 0.028125
6 0.42421875 0.18359375 0.0109375 0.0265625
6 0.43984375 0.18515625 0.0140625 0.0296875
6 0.45546875 0.18359375 0.0140625 0.0328125
6 0.47109375 0.18671875 0.0171875 0.0328125
6 0.48828125 0.184375 0.0140625 0.028125
6 0.503125 0.18984375 0.0125 0.0296875
5 0.53359375 0.18828125 0.0140625 0.0328125
5 0.565625 0.1890625 0.015625 0.03125
6 0.5828125 0.1875 0.0125 0.028125
5 0.6125 0.18984375 0.015625 0.0359375
6 0.7234375 0.26875 0.0125 0.028125
6 0.3734375 0.2578125 0.015625 0.0375
5 0.78984375 0.275 0.0171875 0.028125
6 0.75390625 0.30234375 0.0140625 0.0296875
6 0.54765625 0.29765625 0.0140625 0.0296875
6 0.5328125 0.26484375 0.0125 0.0390625
6 0.48671875 0.2609375 0.0171875 0.03125
6 0.4703125 0.2625 0.015625 0.03125
6 0.43828125 0.26328125 0.0140625 0.0296875
6 0.42265625 0.26328125 0.0171875 0.0296875
6 0.40625 0.25546875 0.015625 0.0359375
6 0.390625 0.2578125 0.0125 0.03125
6 0.35 0.51484375 0.0125 0.0296875
6 0.396875 0.51640625 0.0125 0.0265625
6 0.39296875 0.1828125 0.0140625 0.028125
6 0.13984375 0.1796875 0.0140625 0.03125
6 0.14296875 0.08359375 0.0140625 0.0296875
6 0.159375 0.08515625 0.015625 0.0296875
6 0.12578125 0.08203125 0.0140625 0.0296875
6 0.10859375 0.08046875 0.0140625 0.0296875
6 0.09296875 0.08125 0.0140625 0.025
6 0.0765625 0.08125 0.0125 0.028125
6 0.1875 0.18515625 0.0125 0.0296875
6 0.17109375 0.18046875 0.0140625 0.0296875
6 0.10859375 0.17890625 0.0140625 0.0265625
6 0.09296875 0.178125 0.0140625 0.028125
6 0.075 0.17734375 0.015625 0.0328125
6 0.18984375 0.08828125 0.0171875 0.0328125
6 0.1703125 0.2171875 0.0125 0.028125
6 0.1234375 0.21328125 0.0125 0.0265625
6 0.0890625 0.2140625 0.015625 0.03125
6 0.23046875 0.21640625 0.0296875 0.0140625
6 0.228125 0.23359375 0.0375 0.0171875
6 0.225 0.25078125 0.028125 0.0140625
6 0.22890625 0.26484375 0.0296875 0.0140625
6 0.225 0.28046875 0.028125 0.0140625
6 0.22578125 0.31171875 0.0390625 0.0171875
6 0.08359375 0.2859375 0.0140625 0.028125
6 0.1734375 0.08515625 0.0125 0.0296875
6 0.2296875 0.18671875 0.034375 0.0171875
6 0.50859375 0.48515625 0.0171875 0.0328125
6 0.30390625 0.5125 0.0171875 0.03125
6 0.3015625 0.47890625 0.0125 0.0265625
6 0.5890625 0.4921875 0.015625 0.034375
5 0.6203125 0.49296875 0.015625 0.0453125
5 0.22734375 0.171875 0.0359375 0.015625
6 0.228125 0.07890625 0.025 0.0109375
5 0.2328125 0.09296875 0.040625 0.0171875
6 0.2296875 0.12421875 0.03125 0.0140625
6 0.23046875 0.13984375 0.0296875 0.0140625
6 0.2265625 0.15390625 0.028125 0.0140625
6 0.409375 0.184375 0.015625 0.03125
6 0.3296875 0.18125 0.0125 0.028125
6 0.53671875 0.15625 0.0109375 0.028125
6 0.4453125 0.51796875 0.015625 0.0390625
6 0.37421875 0.4 0.0140625 0.028125
6 0.57265625 0.48671875 0.0140625 0.0328125
6 0.54140625 0.52265625 0.0140625 0.0328125
6 0.509375 0.51640625 0.0125 0.0296875
6 0.49375 0.51796875 0.0125 0.0296875
6 0.47734375 0.51953125 0.0140625 0.0296875
6 0.4625 0.484375 0.015625 0.03125
6 0.44609375 0.48125 0.0140625 0.028125
6 0.4296875 0.48359375 0.015625 0.0359375
6 0.415625 0.4828125 0.0125 0.028125
6 0.4296875 0.515625 0.015625 0.03125
6 0.37265625 0.3671875 0.0109375 0.03125
6 0.38203125 0.51640625 0.0140625 0.0296875
6 0.31875 0.51328125 0.0125 0.0296875
6 0.31875 0.4828125 0.0125 0.03125
6 0.21796875 0.6015625 0.0296875 0.015625
6 0.21796875 0.51875 0.0296875 0.015625
6 0.21875 0.503125 0.028125 0.0125
6 0.221875 0.440625 0.03125 0.015625
6 0.2265625 0.37578125 0.028125 0.0140625
6 0.225 0.203125 0.028125 0.015625
6 0.2296875 0.11015625 0.03125 0.0140625
6 0.3234375 0.3984375 0.0125 0.028125
6 0.403125 0.40703125 0.0125 0.0328125
6 0.2359375 0.0453125 0.028125 0.015625
6 0.37578125 0.29296875 0.0140625 0.0296875
6 0.47265625 0.15546875 0.0140625 0.0296875
6 0.43984375 0.1515625 0.0140625 0.03125
6 0.39453125 0.15234375 0.0140625 0.0296875
6 0.37890625 0.15234375 0.0140625 0.0296875
6 0.346875 0.15 0.015625 0.03125
6 0.37734375 0.1828125 0.0109375 0.03125
6 0.51953125 0.1859375 0.0140625 0.028125
6 0.5515625 0.15703125 0.0125 0.0328125
6 0.51796875 0.2984375 0.0140625 0.03125
6 0.503125 0.2984375 0.015625 0.03125
6 0.34296875 0.28984375 0.0140625 0.0265625
6 0.45234375 0.40859375 0.0140625 0.0328125
6 0.3265625 0.28828125 0.015625 0.0296875
6 0.421875 0.29375 0.0125 0.028125
6 0.390625 0.29296875 0.0125 0.0296875
6 0.35859375 0.28984375 0.0109375 0.0328125
6 0.36015625 0.259375 0.0140625 0.028125
6 0.64375 0.26796875 0.015625 0.0421875
6 0.5015625 0.26171875 0.015625 0.0390625
6 0.40546875 0.2921875 0.0140625 0.028125
6 0.5765625 0.40703125 0.0125 0.0296875
6 0.49765625 0.41015625 0.0171875 0.0296875
6 0.23046875 0.06015625 0.0328125 0.0171875
6 0.728125 0.08359375 0.015625 0.0296875
6 0.309375 0.18125 0.01875 0.0375
6 0.6171875 0.0453125 0.0125 0.03125
6 0.5078125 0.0421875 0.0125 0.03125
5 0.75859375 0.0515625 0.0171875 0.034375
6 0.74296875 0.04765625 0.0109375 0.0265625
6 0.72734375 0.046875 0.0140625 0.03125
5 0.7109375 0.0484375 0.015625 0.0375
6 0.6953125 0.04765625 0.0125 0.0296875
6 0.6796875 0.0484375 0.0125 0.028125
6 0.66328125 0.04765625 0.0109375 0.0296875
6 0.6484375 0.0453125 0.0125 0.03125
6 0.6328125 0.0453125 0.0125 0.03125
6 0.60234375 0.0453125 0.0140625 0.03125
6 0.5390625 0.04609375 0.0125 0.0265625
6 0.52109375 0.07265625 0.0140625 0.0265625
6 0.51953125 0.15078125 0.0203125 0.0359375
6 0.503125 0.15390625 0.015625 0.0296875
5 0.48828125 0.15 0.0171875 0.040625
6 0.45625 0.15 0.0125 0.03125
6 0.425 0.1515625 0.015625 0.028125
6 0.41015625 0.1515625 0.0140625 0.028125
6 0.36171875 0.14609375 0.0140625 0.0390625
6 0.3296875 0.14765625 0.015625 0.0359375
6 0.309375 0.146875 0.015625 0.034375
6 0.52421875 0.04453125 0.0140625 0.0296875
5 0.553125 0.04375 0.015625 0.034375
6 0.646875 0.075 0.0125 0.028125
6 0.3953125 0.0375 0.015625 0.03125
6 0.553125 0.075 0.0125 0.028125
6 0.36484375 0.0359375 0.0109375 0.028125
6 0.34765625 0.0375 0.0109375 0.03125
6 0.3328125 0.065625 0.0125 0.03125
6 0.884375 0.08984375 0.0125 0.0296875
6 0.86953125 0.090625 0.0140625 0.028125
6 0.85234375 0.08828125 0.0140625 0.0328125
6 0.80703125 0.0875 0.0140625 0.03125
6 0.77421875 0.084375 0.0140625 0.028125
6 0.5703125 0.0765625 0.0125 0.028125
6 0.428125 0.0734375 0.015625 0.0375
5 0.57109375 0.04140625 0.0140625 0.0390625
6 0.4125 0.0703125 0.015625 0.03125
6 0.44296875 0.071875 0.0140625 0.028125
6 0.584375 0.07421875 0.0125 0.0296875
6 0.6625 0.07734375 0.015625 0.0265625
6 0.82265625 0.1671875 0.0140625 0.028125
6 0.72421875 0.15390625 0.0140625 0.0296875
6 0.69296875 0.19453125 0.0140625 0.0328125
6 0.78828125 0.19375 0.0140625 0.025
6 0.7703125 0.19453125 0.015625 0.0328125
6 0.675 0.15703125 0.015625 0.0359375
