4 0.85 0.421875 0.290625 0.31875
6 0.94453125 0.846875 0.0140625 0.03125
6 0.9453125 0.8796875 0.0125 0.028125
6 0.8421875 0.77265625 0.015625 0.0390625
6 0.92734375 0.878125 0.0140625 0.03125
6 0.88046875 0.8765625 0.0140625 0.03125
6 0.86328125 0.84296875 0.0140625 0.0296875
6 0.95234375 0.77578125 0.0140625 0.0359375
6 0.971875 0.95 0.015625 0.028125
6 0.95703125 0.878125 0.0140625 0.034375
6 0.91015625 0.94765625 0.0140625 0.0296875
6 0.925 0.94921875 0.0125 0.0296875
6 0.9734375 0.98203125 0.0125 0.0296875
6 0.890625 0.775 0.015625 0.0375
6 0.97421875 0.846875 0.0109375 0.028125
6 0.88046875 0.840625 0.0171875 0.0375
6 0.93515625 0.775 0.0140625 0.0375
6 0.14921875 0.33125 0.0171875 0.034375
5 0.10859375 0.90078125 0.0140625 0.0296875
5 0.2359375 0.3515625 0.015625 0.0375
6 0.23671875 0.3140625 0.0109375 0.03125
6 0.6984375 0.12421875 0.03125 0.0140625
6 0.9234375 0.98203125 0.0125 0.0296875
6 0.93984375 0.98046875 0.0140625 0.0328125
