6 0.2703125 0.49140625 0.015625 0.0328125
6 0.43984375 0.25078125 0.0328125 0.0296875
6 0.46796875 0.3625 0.0265625 0.025
6 0.53046875 0.32421875 0.0296875 0.0234375
6 0.4296875 0.47265625 0.034375 0.0296875
6 0.36328125 0.50625 0.0328125 0.028125
6 0.4625 0.54921875 0.028125 0.0265625
6 0.3640625 0.525 0.028125 0.021875
6 0.3625 0.5828125 0.028125 0.025
6 0.36171875 0.61796875 0.0328125 0.0296875
6 0.36328125 0.6546875 0.0296875 0.025
6 0.3328125 0.53515625 0.015625 0.0296875
6 0.43671875 0.28828125 0.0390625 0.0296875
6 0.3296875 0.57109375 0.015625 0.0296875
6 0.328125 0.61015625 0.015625 0.0328125
6 0.3234375 0.68046875 0.015625 0.0265625
6 0.31796875 0.72109375 0.0140625 0.0296875
6 0.31484375 0.7578125 0.0140625 0.03125
6 0.315625 0.79609375 0.0125 0.0296875
6 0.42421875 0.61796875 0.0328125 0.0296875
6 0.45390625 0.65546875 0.0328125 0.0265625
6 0.42578125 0.6578125 0.0296875 0.025
6 0.4265625 0.67578125 0.03125 0.0265625
6 0.4671875 0.28828125 0.034375 0.0296875
6 0.46484375 0.30703125 0.0328125 0.0265625
6 0.55703125 0.4796875 0.0328125 0.025
6 0.23203125 0.1765625 0.0265625 0.015625
6 0.55625 0.49609375 0.028125 0.0265625
6 0.52578125 0.51171875 0.0296875 0.0265625
6 0.459375 0.603125 0.025 0.025
6 0.45625 0.63828125 0.034375 0.0265625
6 0.23515625 0.06484375 0.0296875 0.0171875
6 0.265625 0.11484375 0.03125 0.0171875
6 0.26328125 0.13125 0.0328125 0.015625
6 0.26640625 0.1625 0.0328125 0.015625
6 0.2625 0.19375 0.028125 0.015625
6 0.2328125 0.19453125 0.03125 0.0171875
6 0.23359375 0.23984375 0.0328125 0.0171875
6 0.34453125 0.13359375 0.0296875 0.0140625
6 0.22890625 0.25625 0.0234375 0.015625
6 0.26328125 0.30390625 0.0296875 0.0140625
6 0.2625 0.28828125 0.028125 0.0140625
6 0.22890625 0.35078125 0.0328125 0.0171875
6 0.25859375 0.3671875 0.0359375 0.015625
6 0.3359375 0.38671875 0.0375 0.0171875
6 0.36953125 0.3234375 0.0296875 0.021875
6 0.34296875 0.2890625 0.0296875 0.015625
6 0.375 0.28515625 0.03125 0.0234375
6 0.34375 0.2109375 0.028125 0.015625
6 0.45234375 0.7109375 0.0265625 0.025
6 0.5453125 0.6265625 0.0375 0.028125
6 0.4609375 0.47265625 0.0375 0.0328125
6 0.453125 0.74765625 0.028125 0.0296875
6 0.20390625 0.490625 0.0171875 0.03125
6 0.3265625 0.6453125 0.015625 0.03125
6 0.459375 0.62109375 0.03125 0.0296875
6 0.45546875 0.67578125 0.0328125 0.0296875
6 0.45546875 0.6921875 0.0296875 0.025
6 0.4265625 0.69375 0.028125 0.028125
6 0.45390625 0.7296875 0.0265625 0.025
6 0.42421875 0.7109375 0.0359375 0.03125
6 0.42421875 0.73125 0.0328125 0.028125
6 0.42109375 0.74609375 0.0328125 0.0296875
6 0.421875 0.76796875 0.03125 0.0296875
6 0.23671875 0.48828125 0.0171875 0.0390625
6 0.35859375 0.70859375 0.0296875 0.0265625
6 0.35625 0.74609375 0.03125 0.0234375
6 0.35625 0.79921875 0.028125 0.0265625
6 0.61640625 0.55390625 0.0328125 0.0328125
6 0.6171875 0.5734375 0.0375 0.03125
6 0.61875 0.6109375 0.034375 0.03125
6 0.61015625 0.625 0.0390625 0.034375
6 0.61171875 0.6640625 0.0359375 0.034375
6 0.6140625 0.68203125 0.028125 0.0265625
6 0.61328125 0.70078125 0.0359375 0.0296875
6 0.221875 0.48984375 0.0125 0.0296875
6 0.25234375 0.49140625 0.0140625 0.0328125
6 0.52265625 0.60234375 0.0265625 0.0265625
6 0.61796875 0.50390625 0.0359375 0.0296875
6 0.6859375 0.403125 0.021875 0.028125
6 0.459375 0.584375 0.03125 0.028125
6 0.5203125 0.65703125 0.03125 0.0234375
6 0.5125 0.70078125 0.034375 0.0296875
6 0.5140625 0.71796875 0.034375 0.0265625
6 0.54453125 0.69765625 0.0328125 0.0265625
6 0.61171875 0.64765625 0.0359375 0.0328125
6 0.82265625 0.603125 0.0328125 0.034375
6 0.84375 0.6484375 0.028125 0.03125
6 0.36328125 0.565625 0.0265625 0.025
6 0.9796875 0.82578125 0.028125 0.0140625
6 0.92109375 0.715625 0.0203125 0.028125
6 0.86796875 0.67421875 0.0328125 0.0328125
6 0.36640625 0.54609375 0.0296875 0.0265625
6 0.525 0.4734375 0.034375 0.025
6 0.4265625 0.54453125 0.040625 0.0359375
6 0.55 0.66015625 0.034375 0.0296875
6 0.6546875 0.2125 0.025 0.028125
6 0.54921875 0.09453125 0.0265625 0.0234375
6 0.51796875 0.015625 0.0265625 0.021875
6 0.590625 0.14140625 0.028125 0.0296875
6 0.7203125 0.11015625 0.0375 0.0171875
6 0.71484375 0.178125 0.0359375 0.01875
6 0.71875 0.16171875 0.025 0.0140625
6 0.61015625 0.165625 0.0296875 0.028125
6 0.56875 0.19921875 0.028125 0.0328125
6 0.55625 0.22109375 0.028125 0.0296875
6 0.72890625 0.31953125 0.0390625 0.0296875
6 0.6734375 0.23828125 0.03125 0.0265625
6 0.5328125 0.06640625 0.034375 0.0265625
6 0.68203125 0.25234375 0.0296875 0.0296875
6 0.69140625 0.26328125 0.0296875 0.0265625
6 0.26875 0.065625 0.03125 0.015625
6 0.3484375 0.06640625 0.028125 0.0171875
6 0.26875 0.0828125 0.03125 0.0125
6 0.2640625 0.0984375 0.028125 0.0125
6 0.23125 0.09609375 0.028125 0.0140625
6 0.34375 0.08359375 0.028125 0.0140625
6 0.34453125 0.09921875 0.0359375 0.0203125
6 0.3453125 0.115625 0.028125 0.015625
6 0.54140625 0.07734375 0.0328125 0.0265625
6 0.2328125 0.1140625 0.03125 0.015625
6 0.23203125 0.128125 0.0296875 0.015625
6 0.26484375 0.1453125 0.0296875 0.015625
6 0.7453125 0.346875 0.03125 0.025
6 0.2296875 0.1625 0.0375 0.015625
6 0.3734375 0.3765625 0.0375 0.03125
6 0.43984375 0.2703125 0.0328125 0.028125
6 0.44296875 0.23671875 0.0296875 0.0296875
6 0.4703125 0.25234375 0.028125 0.0296875
6 0.46640625 0.26875 0.0265625 0.025
6 0.346875 0.14921875 0.03125 0.0171875
6 0.34140625 0.2578125 0.0296875 0.015625
6 0.34765625 0.24296875 0.0265625 0.0140625
6 0.34140625 0.2265625 0.0359375 0.015625
6 0.34453125 0.27421875 0.0296875 0.0171875
6 0.4625 0.37890625 0.034375 0.0328125
6 0.3359375 0.35234375 0.0375 0.0171875
6 0.4328125 0.3578125 0.034375 0.028125
6 0.4328125 0.37890625 0.03125 0.0265625
6 0.5296875 0.29921875 0.028125 0.0265625
6 0.52578125 0.3390625 0.0296875 0.025
6 0.5265625 0.359375 0.03125 0.025
6 0.52890625 0.3828125 0.0296875 0.025
6 0.71171875 0.28984375 0.0328125 0.0265625
6 0.70078125 0.27890625 0.0265625 0.0265625
6 0.4359375 0.34375 0.034375 0.03125
6 0.34296875 0.16328125 0.0390625 0.0171875
6 0.37265625 0.35625 0.0296875 0.025
6 0.33828125 0.321875 0.0359375 0.015625
6 0.2609375 0.209375 0.03125 0.015625
6 0.22734375 0.31796875 0.0328125 0.0140625
6 0.228125 0.20546875 0.034375 0.0171875
6 0.228125 0.22421875 0.034375 0.0171875
6 0.265625 0.225 0.03125 0.015625
6 0.265625 0.240625 0.03125 0.015625
6 0.2609375 0.25703125 0.028125 0.0140625
6 0.2265625 0.27109375 0.04375 0.0171875
6 0.2625 0.271875 0.028125 0.015625
6 0.2265625 0.28671875 0.03125 0.0171875
6 0.22734375 0.3015625 0.0328125 0.015625
6 0.25859375 0.31953125 0.0296875 0.0140625
6 0.22734375 0.3359375 0.0328125 0.015625
6 0.37109375 0.30390625 0.0390625 0.0328125
6 0.26171875 0.35 0.0296875 0.0125
6 0.221875 0.36640625 0.03125 0.0140625
6 0.25859375 0.3828125 0.0296875 0.015625
6 0.2265625 0.384375 0.025 0.0125
6 0.3453125 0.18046875 0.034375 0.0171875
6 0.3421875 0.1953125 0.028125 0.015625
6 0.37578125 0.1953125 0.0359375 0.03125
6 0.375 0.23125 0.03125 0.028125
6 0.37578125 0.24765625 0.0296875 0.0234375
6 0.3765625 0.26484375 0.028125 0.0265625
6 0.5484375 0.64296875 0.028125 0.0265625
6 0.51640625 0.67578125 0.0265625 0.0234375
6 0.7640625 0.97890625 0.021875 0.0265625
6 0.58125 0.9078125 0.028125 0.034375
6 0.97109375 0.91875 0.0234375 0.028125
6 0.95234375 0.91796875 0.0234375 0.0296875
6 0.8984375 0.91796875 0.025 0.0296875
6 0.7515625 0.9109375 0.028125 0.03125
6 0.6640625 0.9125 0.025 0.034375
6 0.59921875 0.9078125 0.0265625 0.03125
6 0.56484375 0.9125 0.0265625 0.03125
6 0.54453125 0.91640625 0.0265625 0.0359375
6 0.525 0.92265625 0.03125 0.0296875
6 0.50390625 0.93046875 0.0296875 0.0234375
6 0.45625 0.9671875 0.03125 0.021875
6 0.75 0.97734375 0.03125 0.0359375
6 0.578125 0.97421875 0.025 0.0328125
6 0.6 0.971875 0.028125 0.04375
6 0.61953125 0.9765625 0.0265625 0.03125
6 0.65703125 0.97421875 0.0265625 0.0296875
6 0.709375 0.9765625 0.025 0.03125
6 0.80078125 0.97890625 0.0328125 0.0328125
6 0.440625 0.9828125 0.03125 0.015625
6 0.8390625 0.9796875 0.028125 0.034375
6 0.8578125 0.9796875 0.03125 0.03125
6 0.46875 0.953125 0.034375 0.025
6 0.4859375 0.9390625 0.034375 0.028125
6 0.9375 0.92109375 0.025 0.0328125
6 0.91953125 0.9234375 0.0359375 0.040625
6 0.8828125 0.91875 0.025 0.034375
6 0.8640625 0.91875 0.03125 0.0375
6 0.82578125 0.91796875 0.0296875 0.0359375
6 0.809375 0.9171875 0.028125 0.0375
6 0.615625 0.9078125 0.025 0.034375
6 0.51953125 0.64296875 0.0265625 0.0265625
6 0.215625 0.83828125 0.034375 0.0171875
6 0.0171875 0.68515625 0.03125 0.0171875
6 0.0140625 0.75234375 0.028125 0.0140625
6 0.0171875 0.73515625 0.028125 0.0171875
6 0.975 0.72109375 0.0125 0.0296875
6 0.98984375 0.7234375 0.0109375 0.03125
6 0.9578125 0.7203125 0.015625 0.0375
6 0.01640625 0.7 0.0328125 0.015625
6 0.1796875 0.8203125 0.03125 0.0125
6 0.178125 0.85078125 0.034375 0.0140625
6 0.1765625 0.8828125 0.0375 0.015625
6 0.2875 0.87109375 0.034375 0.0171875
6 0.2109375 0.86796875 0.025 0.0140625
6 0.2125 0.8515625 0.025 0.015625
6 0.1703125 0.86484375 0.025 0.0140625
6 0.2125 0.89921875 0.028125 0.0140625
6 0.18046875 0.8375 0.0359375 0.015625
6 0.1765625 0.93046875 0.028125 0.0140625
6 0.2109375 0.9328125 0.028125 0.015625
6 0.21171875 0.94765625 0.0296875 0.0171875
6 0.21328125 0.98046875 0.0296875 0.0140625
6 0.0828125 0.1765625 0.0125 0.03125
6 0.54609375 0.67890625 0.0296875 0.0234375
6 0.3625 0.68984375 0.034375 0.0296875
6 0.36328125 0.7234375 0.0359375 0.03125
6 0.35546875 0.76640625 0.0296875 0.0234375
6 0.3578125 0.7796875 0.034375 0.03125
6 0.35703125 0.8171875 0.0390625 0.028125
6 0.3578125 0.834375 0.028125 0.021875
6 0.353125 0.871875 0.028125 0.021875
6 0.13125 0.11953125 0.03125 0.0171875
6 0.13515625 0.1390625 0.0296875 0.015625
6 0.12421875 0.30234375 0.0296875 0.0171875
6 0.01875 0.65234375 0.0375 0.0171875
6 0.125 0.31953125 0.034375 0.0171875
6 0.1234375 0.38359375 0.034375 0.0171875
6 0.11796875 0.39921875 0.0296875 0.0140625
6 0.11953125 0.41484375 0.0296875 0.0140625
6 0.115625 0.43046875 0.025 0.0109375
6 0.025 0.07734375 0.0125 0.0296875
6 0.03046875 0.296875 0.0328125 0.015625
6 0.028125 0.36015625 0.040625 0.0203125
6 0.11875 0.36640625 0.034375 0.0203125
6 0.0234375 0.47890625 0.034375 0.0171875
6 0.21171875 0.96328125 0.0296875 0.0140625
6 0.175 0.97734375 0.034375 0.0171875
6 0.2859375 0.96640625 0.028125 0.0171875
6 0.10234375 0.9203125 0.0265625 0.015625
6 0.10078125 0.984375 0.0328125 0.01875
6 0.28828125 0.934375 0.0296875 0.015625
6 0.1078125 0.89765625 0.025 0.0140625
6 0.1265625 0.2859375 0.028125 0.015625
