5 0.81640625 0.7265625 0.0578125 0.05625
6 0.01796875 0.21328125 0.0296875 0.0171875
6 0.0328125 0.1078125 0.034375 0.01875
6 0.8625 0.42578125 0.015625 0.0359375
6 0.8421875 0.428125 0.015625 0.040625
6 0.67890625 0.46796875 0.0390625 0.0171875
6 0.82734375 0.42265625 0.0140625 0.0328125
5 0.73828125 0.45 0.0796875 0.021875
5 0.71875 0.515625 0.096875 0.025
5 0.7125 0.55 0.090625 0.025
5 0.71328125 0.58671875 0.0921875 0.0234375
5 0.74453125 0.72578125 0.0546875 0.0578125
5 0.8140625 0.796875 0.05625 0.05625
5 0.74375 0.7953125 0.05625 0.059375
6 0.75859375 0.26171875 0.0359375 0.0203125
6 0.31171875 0.109375 0.0328125 0.01875
