6 0.9359375 0.759375 0.03125 0.015625
6 0.8296875 0.403125 0.034375 0.015625
6 0.93671875 0.68046875 0.0296875 0.0109375
6 0.934375 0.7921875 0.03125 0.015625
6 0.9375 0.66640625 0.028125 0.0171875
6 0.93203125 0.7453125 0.0328125 0.015625
6 0.93203125 0.7765625 0.0296875 0.015625
6 0.8609375 0.75078125 0.0125 0.0265625
6 0.85390625 0.91640625 0.0109375 0.0296875
6 0.8546875 0.959375 0.0125 0.0375
6 0.85625 0.88359375 0.0125 0.0359375
6 0.31171875 0.91171875 0.0328125 0.0171875
6 0.31484375 0.78671875 0.0359375 0.0171875
6 0.4265625 0.15859375 0.025 0.0171875
6 0.39375 0.15078125 0.03125 0.0171875
5 0.06328125 0.359375 0.0203125 0.04375
