6 0.0390625 0.48203125 0.0125 0.0265625
6 0.43984375 0.75078125 0.0328125 0.0296875
6 0.46796875 0.8625 0.0265625 0.025
6 0.53046875 0.82421875 0.0296875 0.0234375
6 0.4296875 0.97265625 0.034375 0.0296875
6 0.43671875 0.78828125 0.0390625 0.0296875
6 0.4671875 0.78828125 0.034375 0.0296875
6 0.46484375 0.80703125 0.0328125 0.0265625
6 0.55703125 0.9796875 0.0328125 0.025
6 0.23203125 0.6765625 0.0265625 0.015625
6 0.23515625 0.56484375 0.0296875 0.0171875
6 0.265625 0.61484375 0.03125 0.0171875
6 0.26328125 0.63125 0.0328125 0.015625
6 0.26640625 0.6625 0.0328125 0.015625
6 0.2625 0.69375 0.028125 0.015625
6 0.2328125 0.69453125 0.03125 0.0171875
6 0.23359375 0.73984375 0.0328125 0.0171875
6 0.34453125 0.63359375 0.0296875 0.0140625
6 0.22890625 0.75625 0.0234375 0.015625
6 0.26328125 0.80390625 0.0296875 0.0140625
6 0.2625 0.78828125 0.028125 0.0140625
6 0.22890625 0.85078125 0.0328125 0.0171875
6 0.25859375 0.8671875 0.0359375 0.015625
6 0.3359375 0.88671875 0.0375 0.0171875
6 0.36953125 0.8234375 0.0296875 0.021875
6 0.34296875 0.7890625 0.0296875 0.015625
6 0.375 0.78515625 0.03125 0.0234375
6 0.34375 0.7109375 0.028125 0.015625
6 0.4609375 0.97265625 0.0375 0.0328125
6 0.6859375 0.903125 0.021875 0.028125
6 0.525 0.9734375 0.034375 0.025
6 0.6546875 0.7125 0.025 0.028125
6 0.54921875 0.59453125 0.0265625 0.0234375
6 0.51796875 0.515625 0.0265625 0.021875
6 0.590625 0.64140625 0.028125 0.0296875
6 0.7203125 0.61015625 0.0375 0.0171875
6 0.71484375 0.678125 0.0359375 0.01875
6 0.71875 0.66171875 0.025 0.0140625
6 0.61015625 0.665625 0.0296875 0.028125
6 0.56875 0.69921875 0.028125 0.0328125
6 0.55625 0.72109375 0.028125 0.0296875
6 0.72890625 0.81953125 0.0390625 0.0296875
6 0.6734375 0.73828125 0.03125 0.0265625
6 0.5328125 0.56640625 0.034375 0.0265625
6 0.68203125 0.75234375 0.0296875 0.0296875
6 0.69140625 0.76328125 0.0296875 0.0265625
6 0.26875 0.565625 0.03125 0.015625
6 0.3484375 0.56640625 0.028125 0.0171875
6 0.26875 0.5828125 0.03125 0.0125
6 0.2640625 0.5984375 0.028125 0.0125
6 0.23125 0.59609375 0.028125 0.0140625
6 0.34375 0.58359375 0.028125 0.0140625
6 0.34453125 0.59921875 0.0359375 0.0203125
6 0.3453125 0.615625 0.028125 0.015625
6 0.54140625 0.57734375 0.0328125 0.0265625
6 0.62109375 0.50078125 0.0296875 0.0140625
6 0.2328125 0.6140625 0.03125 0.015625
6 0.5109375 0.48515625 0.03125 0.0203125
6 0.40859375 0.23984375 0.0140625 0.0359375
6 0.3828125 0.27578125 0.015625 0.0390625
6 0.409375 0.14609375 0.015625 0.0328125
6 0.59296875 0.34921875 0.0296875 0.0171875
6 0.7484375 0.35078125 0.034375 0.0171875
6 0.51171875 0.45078125 0.0328125 0.0171875
6 0.50859375 0.4671875 0.0296875 0.015625
5 0.40234375 0.39296875 0.0171875 0.0796875
6 0.23203125 0.628125 0.0296875 0.015625
6 0.26484375 0.6453125 0.0296875 0.015625
6 0.7453125 0.846875 0.03125 0.025
6 0.2296875 0.6625 0.0375 0.015625
6 0.3734375 0.8765625 0.0375 0.03125
6 0.43984375 0.7703125 0.0328125 0.028125
6 0.44296875 0.73671875 0.0296875 0.0296875
6 0.4703125 0.75234375 0.028125 0.0296875
6 0.46640625 0.76875 0.0265625 0.025
6 0.346875 0.64921875 0.03125 0.0171875
6 0.34140625 0.7578125 0.0296875 0.015625
6 0.34765625 0.74296875 0.0265625 0.0140625
6 0.34140625 0.7265625 0.0359375 0.015625
6 0.34453125 0.77421875 0.0296875 0.0171875
6 0.4625 0.87890625 0.034375 0.0328125
6 0.3359375 0.85234375 0.0375 0.0171875
6 0.4328125 0.8578125 0.034375 0.028125
6 0.4328125 0.87890625 0.03125 0.0265625
6 0.5296875 0.79921875 0.028125 0.0265625
6 0.52578125 0.8390625 0.0296875 0.025
6 0.5265625 0.859375 0.03125 0.025
6 0.52890625 0.8828125 0.0296875 0.025
6 0.71171875 0.78984375 0.0328125 0.0265625
6 0.70078125 0.77890625 0.0265625 0.0265625
6 0.4359375 0.84375 0.034375 0.03125
6 0.34296875 0.66328125 0.0390625 0.0171875
6 0.37265625 0.85625 0.0296875 0.025
6 0.33828125 0.821875 0.0359375 0.015625
6 0.2609375 0.709375 0.03125 0.015625
6 0.22734375 0.81796875 0.0328125 0.0140625
6 0.228125 0.70546875 0.034375 0.0171875
6 0.228125 0.72421875 0.034375 0.0171875
6 0.265625 0.725 0.03125 0.015625
6 0.265625 0.740625 0.03125 0.015625
6 0.2609375 0.75703125 0.028125 0.0140625
6 0.2265625 0.77109375 0.04375 0.0171875
6 0.2625 0.771875 0.028125 0.015625
6 0.2265625 0.78671875 0.03125 0.0171875
6 0.22734375 0.8015625 0.0328125 0.015625
6 0.25859375 0.81953125 0.0296875 0.0140625
6 0.22734375 0.8359375 0.0328125 0.015625
6 0.37109375 0.80390625 0.0390625 0.0328125
6 0.26171875 0.85 0.0296875 0.0125
6 0.221875 0.86640625 0.03125 0.0140625
6 0.25859375 0.8828125 0.0296875 0.015625
6 0.2265625 0.884375 0.025 0.0125
6 0.3453125 0.68046875 0.034375 0.0171875
6 0.3421875 0.6953125 0.028125 0.015625
6 0.37578125 0.6953125 0.0359375 0.03125
6 0.375 0.73125 0.03125 0.028125
6 0.37578125 0.74765625 0.0296875 0.0234375
6 0.3765625 0.76484375 0.028125 0.0265625
6 0.0828125 0.6765625 0.0125 0.03125
6 0.13125 0.61953125 0.03125 0.0171875
6 0.13515625 0.6390625 0.0296875 0.015625
6 0.12421875 0.80234375 0.0296875 0.0171875
6 0.125 0.81953125 0.034375 0.0171875
6 0.1234375 0.88359375 0.034375 0.0171875
6 0.11796875 0.89921875 0.0296875 0.0140625
6 0.11953125 0.91484375 0.0296875 0.0140625
6 0.115625 0.93046875 0.025 0.0109375
6 0.025 0.57734375 0.0125 0.0296875
6 0.03046875 0.796875 0.0328125 0.015625
6 0.028125 0.86015625 0.040625 0.0203125
6 0.11875 0.86640625 0.034375 0.0203125
6 0.0234375 0.97890625 0.034375 0.0171875
6 0.00703125 0.484375 0.0140625 0.028125
6 0.1265625 0.7859375 0.028125 0.015625
