6 0.78359375 0.00859375 0.0296875 0.0140625
6 0.92890625 0.0578125 0.0328125 0.015625
6 0.928125 0.10390625 0.034375 0.0203125
6 0.9328125 0.12265625 0.0375 0.0140625
6 0.97265625 0.2 0.0171875 0.03125
6 0.95390625 0.19921875 0.0140625 0.0296875
6 0.9296875 0.2 0.015625 0.03125
6 0.99140625 0.27890625 0.0140625 0.0265625
5 0.62578125 0.23984375 0.0140625 0.0328125
6 0.60859375 0.23671875 0.0109375 0.0265625
6 0.5125 0.2375 0.0125 0.03125
6 0.48203125 0.23984375 0.0140625 0.0328125
6 0.56171875 0.2390625 0.0109375 0.03125
6 0.5453125 0.23984375 0.015625 0.0328125
6 0.53046875 0.23984375 0.0140625 0.0328125
6 0.45078125 0.2390625 0.0140625 0.034375
6 0.334375 0.23671875 0.03125 0.0171875
6 0.28828125 0.12734375 0.0296875 0.0140625
6 0.8546875 0.209375 0.028125 0.034375
