6 0.14296875 0.39453125 0.0328125 0.0171875
6 0.21875 0.03515625 0.034375 0.0140625
6 0.2171875 0.0671875 0.034375 0.015625
6 0.22109375 0.05078125 0.0359375 0.0140625
6 0.21640625 0.08203125 0.0359375 0.0140625
6 0.55859375 0.01875 0.0171875 0.034375
6 0.35 0.01484375 0.0125 0.0296875
6 0.396875 0.01640625 0.0125 0.0265625
6 0.54140625 0.02265625 0.0140625 0.0328125
6 0.509375 0.01640625 0.0125 0.0296875
6 0.49375 0.01796875 0.0125 0.0296875
6 0.47734375 0.01953125 0.0140625 0.0296875
6 0.4296875 0.015625 0.015625 0.03125
6 0.38203125 0.01640625 0.0140625 0.0296875
6 0.21796875 0.1015625 0.0296875 0.015625
6 0.21796875 0.01875 0.0296875 0.015625
