6 0.94453125 0.346875 0.0140625 0.03125
6 0.92265625 0.58359375 0.0109375 0.0265625
6 0.9859375 0.58359375 0.0125 0.0265625
6 0.9703125 0.58125 0.015625 0.03125
6 0.9234375 0.55 0.0125 0.03125
6 0.8625 0.65234375 0.015625 0.0296875
6 0.846875 0.6515625 0.015625 0.03125
6 0.91015625 0.65625 0.0140625 0.03125
6 0.85859375 0.58125 0.0140625 0.03125
6 0.9078125 0.5515625 0.0125 0.03125
6 0.97265625 0.65625 0.0140625 0.03125
6 0.9453125 0.3796875 0.0125 0.028125
6 0.8421875 0.27265625 0.015625 0.0390625
6 0.92734375 0.378125 0.0140625 0.03125
6 0.93984375 0.54921875 0.0140625 0.0296875
6 0.88046875 0.3765625 0.0140625 0.03125
6 0.86328125 0.34296875 0.0140625 0.0296875
6 0.95703125 0.65390625 0.0140625 0.0296875
6 0.95234375 0.27578125 0.0140625 0.0359375
6 0.971875 0.45 0.015625 0.028125
6 0.95703125 0.378125 0.0140625 0.034375
6 0.91015625 0.44765625 0.0140625 0.0296875
6 0.925 0.44921875 0.0125 0.0296875
6 0.9734375 0.48203125 0.0125 0.0296875
6 0.890625 0.275 0.015625 0.0375
6 0.97421875 0.346875 0.0109375 0.028125
6 0.88046875 0.340625 0.0171875 0.0375
6 0.93515625 0.275 0.0140625 0.0375
6 0.18671875 0.525 0.0359375 0.015625
5 0.10859375 0.40078125 0.0140625 0.0296875
6 0.9875 0.65234375 0.015625 0.0328125
6 0.87578125 0.5484375 0.0140625 0.028125
6 0.84375 0.55078125 0.0125 0.0296875
6 0.890625 0.5828125 0.015625 0.0375
6 0.9234375 0.48203125 0.0125 0.0296875
6 0.98828125 0.48203125 0.0140625 0.0359375
6 0.93984375 0.48046875 0.0140625 0.0328125
6 0.90859375 0.4828125 0.0140625 0.034375
6 0.9875 0.55390625 0.0125 0.0265625
5 0.11015625 0.86953125 0.0203125 0.0421875
6 0.1140625 0.959375 0.0125 0.028125
