6 0.0390625 0.98203125 0.0125 0.0265625
5 0.81640625 0.2265625 0.0578125 0.05625
5 0.71875 0.015625 0.096875 0.025
5 0.7125 0.05 0.090625 0.025
5 0.71328125 0.08671875 0.0921875 0.0234375
5 0.74453125 0.22578125 0.0546875 0.0578125
6 0.5109375 0.98515625 0.03125 0.0203125
5 0.8140625 0.296875 0.05625 0.05625
5 0.74375 0.2953125 0.05625 0.059375
6 0.40859375 0.73984375 0.0140625 0.0359375
6 0.3828125 0.77578125 0.015625 0.0390625
6 0.409375 0.64609375 0.015625 0.0328125
6 0.59296875 0.84921875 0.0296875 0.0171875
6 0.7484375 0.85078125 0.034375 0.0171875
6 0.51171875 0.95078125 0.0328125 0.0171875
6 0.50859375 0.9671875 0.0296875 0.015625
5 0.40234375 0.89296875 0.0171875 0.0796875
6 0.00703125 0.984375 0.0140625 0.028125
