6 0.909375 0.05625 0.0375 0.021875
6 0.89921875 0.1140625 0.0265625 0.0125
6 0.89921875 0.1609375 0.0265625 0.0125
6 0.89296875 0.19296875 0.0265625 0.0140625
6 0.978125 0.11640625 0.0125 0.0265625
6 0.675 0.040625 0.034375 0.015625
6 0.665625 0.3125 0.021875 0.034375
6 0.6734375 0.21640625 0.03125 0.0203125
6 0.9078125 0.04140625 0.028125 0.0140625
6 0.9015625 0.07578125 0.03125 0.0171875
6 0.89375 0.13125 0.028125 0.015625
6 0.8953125 0.14609375 0.03125 0.0140625
6 0.9 0.17890625 0.040625 0.0171875
6 0.91484375 0.02109375 0.0265625 0.0171875
6 0.67265625 0.0875 0.0296875 0.015625
6 0.671875 0.2 0.028125 0.015625
6 0.67734375 0.18203125 0.0359375 0.0171875
6 0.7640625 0.21875 0.0375 0.028125
6 0.7875 0.0265625 0.034375 0.015625
6 0.78359375 0.0421875 0.0359375 0.01875
6 0.78359375 0.059375 0.0296875 0.0125
6 0.7828125 0.07578125 0.03125 0.0140625
6 0.78359375 0.09140625 0.0296875 0.0140625
6 0.78515625 0.12265625 0.0296875 0.0140625
6 0.78125 0.13828125 0.03125 0.0140625
6 0.778125 0.17109375 0.028125 0.0171875
6 0.7765625 0.1890625 0.034375 0.01875
6 0.7578125 0.23671875 0.03125 0.0265625
6 0.7546875 0.253125 0.0375 0.03125
6 0.73828125 0.265625 0.0296875 0.03125
6 0.721875 0.27421875 0.03125 0.0359375
6 0.68046875 0.30390625 0.0234375 0.0359375
6 0.59765625 0.040625 0.0359375 0.015625
6 0.5953125 0.07265625 0.028125 0.0171875
6 0.59609375 0.15078125 0.0296875 0.0140625
6 0.59296875 0.1671875 0.0265625 0.015625
6 0.7109375 0.0109375 0.034375 0.015625
6 0.71171875 0.02890625 0.0328125 0.0171875
6 0.709375 0.04296875 0.034375 0.0140625
6 0.7109375 0.05859375 0.03125 0.0140625
6 0.7078125 0.075 0.034375 0.015625
6 0.70546875 0.10546875 0.0328125 0.0171875
6 0.675 0.15234375 0.03125 0.0171875
6 0.67421875 0.12109375 0.0296875 0.0171875
6 0.671875 0.103125 0.034375 0.015625
6 0.5984375 0.02265625 0.028125 0.0140625
6 0.59609375 0.05390625 0.0296875 0.0140625
6 0.7046875 0.1359375 0.028125 0.015625
6 0.59609375 0.0859375 0.0265625 0.015625
6 0.59375 0.10234375 0.025 0.0140625
6 0.59765625 0.13359375 0.0421875 0.0171875
6 0.59375 0.18125 0.025 0.015625
6 0.59375 0.2125 0.03125 0.015625
6 0.59453125 0.22890625 0.0265625 0.0140625
6 0.5921875 0.246875 0.03125 0.015625
6 0.59296875 0.275 0.0390625 0.015625
6 0.590625 0.29296875 0.03125 0.0140625
6 0.59296875 0.26015625 0.0296875 0.0140625
6 0.62578125 0.68125 0.0140625 0.025
6 0.7265625 0.84296875 0.040625 0.0171875
6 0.7203125 0.90703125 0.0375 0.0171875
6 0.7234375 0.95625 0.028125 0.015625
6 0.7171875 0.97109375 0.021875 0.0140625
6 0.7203125 0.98671875 0.034375 0.0140625
6 0.29453125 0.2859375 0.0140625 0.03125
6 0.4375 0.2140625 0.015625 0.03125
6 0.4203125 0.21796875 0.015625 0.0359375
6 0.3734375 0.21328125 0.015625 0.0359375
6 0.48984375 0.28984375 0.0140625 0.0328125
6 0.475 0.28828125 0.015625 0.0328125
6 0.39453125 0.2890625 0.0140625 0.028125
6 0.34375 0.28984375 0.0125 0.0234375
6 0.37578125 0.28671875 0.0171875 0.0359375
6 0.41015625 0.28515625 0.0140625 0.0296875
6 0.31171875 0.2890625 0.0140625 0.025
6 0.2796875 0.2859375 0.0125 0.03125
6 0.46796875 0.2171875 0.0140625 0.034375
6 0.26484375 0.284375 0.0140625 0.03125
6 0.215625 0.27890625 0.015625 0.0328125
6 0.1953125 0.28125 0.0125 0.028125
6 0.16328125 0.28125 0.0140625 0.03125
6 0.1 0.27734375 0.015625 0.0296875
6 0.01015625 0.27734375 0.0140625 0.0296875
6 0.06953125 0.32265625 0.0140625 0.0296875
6 0.08671875 0.321875 0.0140625 0.025
6 0.04765625 0.321875 0.0140625 0.028125
6 0.4515625 0.21640625 0.015625 0.0296875
6 0.484375 0.2109375 0.0125 0.03125
5 0.440625 0.28671875 0.015625 0.0359375
6 0.0703125 0.2046875 0.01875 0.034375
5 0.175 0.2125 0.028125 0.034375
6 0.60703125 0.715625 0.0140625 0.028125
6 0.35703125 0.4578125 0.0140625 0.028125
6 0.38984375 0.4609375 0.0140625 0.028125
6 0.48359375 0.4625 0.0140625 0.028125
6 0.18359375 0.45390625 0.0140625 0.0296875
6 0.12109375 0.453125 0.0109375 0.03125
6 0.1546875 0.40625 0.015625 0.028125
6 0.1375 0.40390625 0.015625 0.0296875
5 0.32734375 0.409375 0.0140625 0.03125
5 0.33828125 0.5125 0.0484375 0.01875
6 0.25 0.40703125 0.015625 0.0296875
6 0.27578125 0.4578125 0.0140625 0.028125
6 0.26640625 0.40859375 0.0171875 0.0296875
5 0.3484375 0.334375 0.015625 0.0375
6 0.00859375 0.32109375 0.0140625 0.0265625
5 0.24609375 0.2796875 0.0171875 0.0375
6 0.13203125 0.28046875 0.0140625 0.0265625
6 0.17890625 0.27890625 0.0140625 0.0328125
6 0.084375 0.27734375 0.0125 0.0296875
6 0.06796875 0.2765625 0.0140625 0.03125
6 0.17109375 0.32734375 0.0140625 0.0296875
6 0.234375 0.32734375 0.0125 0.0296875
6 0.315625 0.33203125 0.015625 0.0296875
6 0.37578125 0.33359375 0.0140625 0.0296875
6 0.2828125 0.41015625 0.0125 0.0265625
6 0.39296875 0.3328125 0.0140625 0.028125
6 0.42265625 0.33359375 0.0140625 0.0296875
6 0.4390625 0.334375 0.0125 0.028125
6 0.45546875 0.33359375 0.0109375 0.0265625
6 0.48671875 0.334375 0.0140625 0.028125
6 0.43828125 0.4140625 0.0140625 0.028125
6 0.39140625 0.4109375 0.0171875 0.034375
6 0.37578125 0.4125 0.0140625 0.028125
6 0.36015625 0.41328125 0.0140625 0.0265625
6 0.296875 0.4109375 0.015625 0.028125
6 0.20234375 0.32734375 0.0140625 0.0296875
6 0.18515625 0.32734375 0.0140625 0.0296875
6 0.21953125 0.32890625 0.0140625 0.0265625
6 0.25234375 0.33046875 0.0109375 0.0265625
6 0.1375 0.453125 0.0125 0.028125
6 0.47421875 0.6453125 0.0359375 0.01875
6 0.4765625 0.60859375 0.025 0.0140625
6 0.4796875 0.58671875 0.028125 0.0140625
6 0.45234375 0.4609375 0.0140625 0.028125
6 0.4671875 0.4625 0.0125 0.03125
6 0.43515625 0.4609375 0.0140625 0.028125
6 0.4203125 0.4609375 0.0125 0.028125
6 0.23046875 0.45390625 0.0140625 0.0296875
6 0.21484375 0.4546875 0.0140625 0.025
6 0.2 0.453125 0.0125 0.028125
6 0.1875 0.4046875 0.0125 0.028125
6 0.1703125 0.40546875 0.0125 0.0265625
6 0.12109375 0.40390625 0.0140625 0.0265625
6 0.21640625 0.40546875 0.0140625 0.0265625
6 0.23359375 0.40546875 0.0140625 0.0328125
6 0.3125 0.409375 0.0125 0.028125
6 0.421875 0.41484375 0.0125 0.0296875
6 0.453125 0.4171875 0.0125 0.028125
6 0.46875 0.41328125 0.0125 0.0296875
6 0.484375 0.41640625 0.0125 0.0296875
6 0.28203125 0.32890625 0.0140625 0.0265625
6 0.475 0.68984375 0.03125 0.0140625
6 0.6546875 0.6828125 0.015625 0.03125
6 0.634375 0.784375 0.015625 0.034375
6 0.98828125 0.3234375 0.0140625 0.03125
6 0.971875 0.31796875 0.015625 0.0359375
6 0.8921875 0.2125 0.028125 0.0125
6 0.96171875 0.4328125 0.0140625 0.03125
6 0.94765625 0.4328125 0.0171875 0.03125
6 0.93125 0.4328125 0.01875 0.03125
6 0.9140625 0.4328125 0.015625 0.028125
6 0.9 0.434375 0.015625 0.03125
6 0.92890625 0.46328125 0.0140625 0.0328125
6 0.9125 0.46484375 0.0125 0.0296875
6 0.99140625 0.54140625 0.0109375 0.0296875
6 0.959375 0.54140625 0.0125 0.0328125
6 0.928125 0.5359375 0.015625 0.03125
6 0.9125 0.53984375 0.015625 0.0328125
6 0.84921875 0.5703125 0.0140625 0.028125
6 0.8625 0.56875 0.0125 0.028125
6 0.88046875 0.56875 0.0140625 0.028125
6 0.89609375 0.5734375 0.0109375 0.034375
6 0.97421875 0.575 0.0140625 0.028125
6 0.98984375 0.5734375 0.0109375 0.028125
6 0.784375 0.42734375 0.025 0.0234375
6 0.97734375 0.46328125 0.0109375 0.0296875
6 0.96171875 0.46484375 0.0109375 0.0296875
6 0.946875 0.4640625 0.015625 0.03125
6 0.8984375 0.46171875 0.0125 0.0234375
6 0.8828125 0.4625 0.0125 0.0375
6 0.76015625 0.46953125 0.0265625 0.0234375
6 0.7546875 0.48359375 0.03125 0.0265625
6 0.74609375 0.4984375 0.0328125 0.028125
6 0.728125 0.52578125 0.028125 0.0203125
6 0.94453125 0.54140625 0.0140625 0.0296875
6 0.88046875 0.53828125 0.0140625 0.0265625
6 0.97578125 0.540625 0.0140625 0.03125
6 0.978125 0.08046875 0.0125 0.0296875
6 0.98828125 0.35625 0.0140625 0.03125
6 0.97265625 0.3515625 0.0140625 0.028125
6 0.95546875 0.34921875 0.0140625 0.0296875
6 0.93984375 0.35234375 0.0140625 0.0265625
6 0.95546875 0.3203125 0.0140625 0.034375
6 0.97734375 0.2421875 0.0140625 0.03125
6 0.60234375 0.7875 0.0140625 0.028125
6 0.8078125 0.7890625 0.015625 0.028125
5 0.98359375 0.796875 0.0203125 0.0375
6 0.91953125 0.9046875 0.0171875 0.040625
6 0.85625 0.86328125 0.015625 0.0328125
5 0.840625 0.8984375 0.015625 0.04375
6 0.80625 0.896875 0.015625 0.028125
6 0.96484375 0.90546875 0.0171875 0.0328125
6 0.82734375 0.7546875 0.0140625 0.03125
6 0.97734375 0.98359375 0.0140625 0.0296875
6 0.88046875 0.98203125 0.0140625 0.0296875
6 0.86796875 0.98046875 0.0140625 0.0296875
6 0.8515625 0.98125 0.0125 0.034375
6 0.81015625 0.753125 0.0140625 0.028125
6 0.84296875 0.75546875 0.0140625 0.0328125
6 0.92421875 0.68359375 0.0109375 0.0265625
6 0.93984375 0.68515625 0.0140625 0.0296875
6 0.95546875 0.68359375 0.0140625 0.0328125
6 0.97109375 0.68671875 0.0171875 0.0328125
6 0.98828125 0.684375 0.0140625 0.028125
6 0.8734375 0.7578125 0.015625 0.0375
6 0.98671875 0.7609375 0.0171875 0.03125
6 0.9703125 0.7625 0.015625 0.03125
6 0.93828125 0.76328125 0.0140625 0.0296875
6 0.92265625 0.76328125 0.0171875 0.0296875
6 0.90625 0.75546875 0.015625 0.0359375
6 0.890625 0.7578125 0.0125 0.03125
6 0.89296875 0.6828125 0.0140625 0.028125
6 0.63984375 0.6796875 0.0140625 0.03125
6 0.64296875 0.58359375 0.0140625 0.0296875
6 0.659375 0.58515625 0.015625 0.0296875
6 0.62578125 0.58203125 0.0140625 0.0296875
6 0.60859375 0.58046875 0.0140625 0.0296875
6 0.59296875 0.58125 0.0140625 0.025
6 0.5765625 0.58125 0.0125 0.028125
6 0.6875 0.68515625 0.0125 0.0296875
6 0.67109375 0.68046875 0.0140625 0.0296875
6 0.60859375 0.67890625 0.0140625 0.0265625
6 0.59296875 0.678125 0.0140625 0.028125
6 0.575 0.67734375 0.015625 0.0328125
6 0.68984375 0.58828125 0.0171875 0.0328125
6 0.6703125 0.7171875 0.0125 0.028125
6 0.6234375 0.71328125 0.0125 0.0265625
6 0.5890625 0.7140625 0.015625 0.03125
6 0.73046875 0.71640625 0.0296875 0.0140625
6 0.728125 0.73359375 0.0375 0.0171875
6 0.725 0.75078125 0.028125 0.0140625
6 0.72890625 0.76484375 0.0296875 0.0140625
6 0.725 0.78046875 0.028125 0.0140625
6 0.72578125 0.81171875 0.0390625 0.0171875
6 0.58359375 0.7859375 0.0140625 0.028125
6 0.6734375 0.58515625 0.0125 0.0296875
6 0.7296875 0.68671875 0.034375 0.0171875
6 0.8578125 0.3046875 0.0375 0.028125
6 0.8015625 0.97890625 0.0125 0.0265625
5 0.90078125 0.0953125 0.0390625 0.021875
5 0.8890625 0.22578125 0.0375 0.0265625
6 0.88203125 0.24375 0.0328125 0.021875
6 0.878125 0.26171875 0.03125 0.0203125
5 0.87265625 0.2734375 0.0390625 0.028125
6 0.8640625 0.2890625 0.028125 0.021875
6 0.8515625 0.3171875 0.03125 0.025
5 0.72734375 0.671875 0.0359375 0.015625
6 0.84453125 0.33125 0.0328125 0.028125
6 0.7921875 0.4171875 0.03125 0.028125
6 0.7765625 0.44296875 0.034375 0.0296875
6 0.76953125 0.45703125 0.0359375 0.0296875
5 0.7421875 0.5140625 0.04375 0.03125
6 0.728125 0.57890625 0.025 0.0109375
5 0.7328125 0.59296875 0.040625 0.0171875
6 0.7296875 0.62421875 0.03125 0.0140625
6 0.73046875 0.63984375 0.0296875 0.0140625
6 0.7265625 0.65390625 0.028125 0.0140625
6 0.909375 0.684375 0.015625 0.03125
6 0.8296875 0.68125 0.0125 0.028125
6 0.87421875 0.9 0.0140625 0.028125
6 0.94609375 0.98125 0.0140625 0.028125
6 0.915625 0.9828125 0.0125 0.028125
6 0.87265625 0.8671875 0.0109375 0.03125
6 0.81875 0.9828125 0.0125 0.03125
6 0.721875 0.940625 0.03125 0.015625
6 0.7265625 0.87578125 0.028125 0.0140625
6 0.725 0.703125 0.028125 0.015625
6 0.7296875 0.61015625 0.03125 0.0140625
6 0.8234375 0.8984375 0.0125 0.028125
6 0.903125 0.90703125 0.0125 0.0328125
6 0.7359375 0.5453125 0.028125 0.015625
6 0.87578125 0.79296875 0.0140625 0.0296875
6 0.97265625 0.65546875 0.0140625 0.0296875
6 0.93984375 0.6515625 0.0140625 0.03125
6 0.89453125 0.65234375 0.0140625 0.0296875
6 0.87890625 0.65234375 0.0140625 0.0296875
6 0.846875 0.65 0.015625 0.03125
6 0.87734375 0.6828125 0.0109375 0.03125
6 0.84296875 0.78984375 0.0140625 0.0265625
6 0.95234375 0.90859375 0.0140625 0.0328125
6 0.8265625 0.78828125 0.015625 0.0296875
6 0.921875 0.79375 0.0125 0.028125
6 0.890625 0.79296875 0.0125 0.0296875
6 0.85859375 0.78984375 0.0109375 0.0328125
6 0.86015625 0.759375 0.0140625 0.028125
6 0.90546875 0.7921875 0.0140625 0.028125
6 0.73046875 0.56015625 0.0328125 0.0171875
6 0.809375 0.68125 0.01875 0.0375
5 0.98828125 0.65 0.0171875 0.040625
6 0.95625 0.65 0.0125 0.03125
6 0.925 0.6515625 0.015625 0.028125
6 0.91015625 0.6515625 0.0140625 0.028125
6 0.86171875 0.64609375 0.0140625 0.0390625
6 0.8296875 0.64765625 0.015625 0.0359375
6 0.809375 0.646875 0.015625 0.034375
6 0.8953125 0.5375 0.015625 0.03125
6 0.86484375 0.5359375 0.0109375 0.028125
6 0.84765625 0.5375 0.0109375 0.03125
6 0.8328125 0.565625 0.0125 0.03125
6 0.928125 0.5734375 0.015625 0.0375
6 0.9125 0.5703125 0.015625 0.03125
6 0.94296875 0.571875 0.0140625 0.028125
