6 0.03046875 0.82421875 0.0296875 0.0234375
6 0.05703125 0.9796875 0.0328125 0.025
6 0.1859375 0.903125 0.021875 0.028125
6 0.025 0.9734375 0.034375 0.025
6 0.1546875 0.7125 0.025 0.028125
6 0.04921875 0.59453125 0.0265625 0.0234375
6 0.01796875 0.515625 0.0265625 0.021875
6 0.090625 0.64140625 0.028125 0.0296875
6 0.2203125 0.61015625 0.0375 0.0171875
6 0.21484375 0.678125 0.0359375 0.01875
6 0.21875 0.66171875 0.025 0.0140625
6 0.11015625 0.665625 0.0296875 0.028125
6 0.06875 0.69921875 0.028125 0.0328125
6 0.05625 0.72109375 0.028125 0.0296875
6 0.22890625 0.81953125 0.0390625 0.0296875
6 0.1734375 0.73828125 0.03125 0.0265625
6 0.0328125 0.56640625 0.034375 0.0265625
6 0.18203125 0.75234375 0.0296875 0.0296875
6 0.19140625 0.76328125 0.0296875 0.0265625
6 0.04140625 0.57734375 0.0328125 0.0265625
6 0.12109375 0.50078125 0.0296875 0.0140625
6 0.09296875 0.34921875 0.0296875 0.0171875
6 0.2484375 0.35078125 0.034375 0.0171875
6 0.2453125 0.846875 0.03125 0.025
6 0.0296875 0.79921875 0.028125 0.0265625
6 0.02578125 0.8390625 0.0296875 0.025
6 0.0265625 0.859375 0.03125 0.025
6 0.02890625 0.8828125 0.0296875 0.025
6 0.21171875 0.78984375 0.0328125 0.0265625
6 0.20078125 0.77890625 0.0265625 0.0265625
