6 0.4625 0.04921875 0.028125 0.0265625
6 0.3640625 0.025 0.028125 0.021875
6 0.3625 0.0828125 0.028125 0.025
6 0.36171875 0.11796875 0.0328125 0.0296875
6 0.36328125 0.1546875 0.0296875 0.025
6 0.3328125 0.03515625 0.015625 0.0296875
6 0.3296875 0.07109375 0.015625 0.0296875
6 0.328125 0.11015625 0.015625 0.0328125
6 0.3234375 0.18046875 0.015625 0.0265625
6 0.31796875 0.22109375 0.0140625 0.0296875
6 0.31484375 0.2578125 0.0140625 0.03125
6 0.315625 0.29609375 0.0125 0.0296875
6 0.42421875 0.11796875 0.0328125 0.0296875
6 0.45390625 0.15546875 0.0328125 0.0265625
6 0.42578125 0.1578125 0.0296875 0.025
6 0.4265625 0.17578125 0.03125 0.0265625
6 0.459375 0.103125 0.025 0.025
6 0.45625 0.13828125 0.034375 0.0265625
6 0.45234375 0.2109375 0.0265625 0.025
6 0.5453125 0.1265625 0.0375 0.028125
6 0.453125 0.24765625 0.028125 0.0296875
6 0.3265625 0.1453125 0.015625 0.03125
6 0.459375 0.12109375 0.03125 0.0296875
6 0.45546875 0.17578125 0.0328125 0.0296875
6 0.45546875 0.1921875 0.0296875 0.025
6 0.4265625 0.19375 0.028125 0.028125
6 0.45390625 0.2296875 0.0265625 0.025
6 0.42421875 0.2109375 0.0359375 0.03125
6 0.42421875 0.23125 0.0328125 0.028125
6 0.42109375 0.24609375 0.0328125 0.0296875
6 0.421875 0.26796875 0.03125 0.0296875
6 0.35859375 0.20859375 0.0296875 0.0265625
6 0.35625 0.24609375 0.03125 0.0234375
6 0.35625 0.29921875 0.028125 0.0265625
6 0.61640625 0.05390625 0.0328125 0.0328125
6 0.6171875 0.0734375 0.0375 0.03125
6 0.61875 0.1109375 0.034375 0.03125
6 0.61015625 0.125 0.0390625 0.034375
6 0.61171875 0.1640625 0.0359375 0.034375
6 0.6140625 0.18203125 0.028125 0.0265625
6 0.61328125 0.20078125 0.0359375 0.0296875
6 0.52265625 0.10234375 0.0265625 0.0265625
6 0.459375 0.084375 0.03125 0.028125
6 0.5203125 0.15703125 0.03125 0.0234375
6 0.5125 0.20078125 0.034375 0.0296875
6 0.5140625 0.21796875 0.034375 0.0265625
6 0.54453125 0.19765625 0.0328125 0.0265625
6 0.61171875 0.14765625 0.0359375 0.0328125
6 0.82265625 0.103125 0.0328125 0.034375
6 0.84375 0.1484375 0.028125 0.03125
6 0.36328125 0.065625 0.0265625 0.025
6 0.9796875 0.32578125 0.028125 0.0140625
6 0.92109375 0.215625 0.0203125 0.028125
6 0.86796875 0.17421875 0.0328125 0.0328125
6 0.36640625 0.04609375 0.0296875 0.0265625
6 0.4265625 0.04453125 0.040625 0.0359375
6 0.55 0.16015625 0.034375 0.0296875
6 0.5484375 0.14296875 0.028125 0.0265625
6 0.51640625 0.17578125 0.0265625 0.0234375
6 0.63671875 0.50625 0.0265625 0.028125
6 0.65546875 0.50390625 0.0234375 0.0296875
6 0.67109375 0.50703125 0.0234375 0.0296875
6 0.81796875 0.51171875 0.0296875 0.0390625
6 0.87109375 0.51328125 0.0296875 0.0359375
6 0.89375 0.5109375 0.021875 0.025
6 0.92734375 0.51328125 0.0265625 0.0296875
6 0.98046875 0.5171875 0.0265625 0.03125
6 0.409375 0.55625 0.0375 0.021875
6 0.7640625 0.47890625 0.021875 0.0265625
6 0.39921875 0.6140625 0.0265625 0.0125
6 0.39921875 0.6609375 0.0265625 0.0125
6 0.39296875 0.69296875 0.0265625 0.0140625
6 0.73359375 0.6234375 0.0109375 0.028125
6 0.68515625 0.62109375 0.0140625 0.0296875
6 0.66875 0.62265625 0.0125 0.0296875
6 0.65390625 0.621875 0.0109375 0.028125
6 0.5265625 0.6171875 0.0125 0.028125
6 0.4953125 0.61640625 0.0125 0.0265625
6 0.478125 0.61640625 0.0125 0.0265625
6 0.6171875 0.50546875 0.025 0.0296875
6 0.89140625 0.4859375 0.0265625 0.03125
6 0.56015625 0.58671875 0.0140625 0.0328125
6 0.58125 0.4078125 0.028125 0.034375
6 0.175 0.540625 0.034375 0.015625
6 0.165625 0.8125 0.021875 0.034375
6 0.97109375 0.41875 0.0234375 0.028125
6 0.95234375 0.41796875 0.0234375 0.0296875
6 0.8984375 0.41796875 0.025 0.0296875
6 0.7515625 0.4109375 0.028125 0.03125
6 0.6640625 0.4125 0.025 0.034375
6 0.59921875 0.4078125 0.0265625 0.03125
6 0.56484375 0.4125 0.0265625 0.03125
6 0.9828125 0.48515625 0.025 0.0328125
6 0.54453125 0.41640625 0.0265625 0.0359375
6 0.525 0.42265625 0.03125 0.0296875
6 0.50390625 0.43046875 0.0296875 0.0234375
6 0.45625 0.4671875 0.03125 0.021875
6 0.58984375 0.6203125 0.0140625 0.025
6 0.54609375 0.5875 0.0140625 0.03125
6 0.1734375 0.71640625 0.03125 0.0203125
6 0.75 0.47734375 0.03125 0.0359375
6 0.4078125 0.54140625 0.028125 0.0140625
6 0.4015625 0.57578125 0.03125 0.0171875
6 0.39375 0.63125 0.028125 0.015625
6 0.3953125 0.64609375 0.03125 0.0140625
6 0.4 0.67890625 0.040625 0.0171875
6 0.578125 0.47421875 0.025 0.0328125
6 0.6 0.471875 0.028125 0.04375
6 0.61953125 0.4765625 0.0265625 0.03125
6 0.65703125 0.47421875 0.0265625 0.0296875
6 0.709375 0.4765625 0.025 0.03125
6 0.80078125 0.47890625 0.0328125 0.0328125
6 0.440625 0.4828125 0.03125 0.015625
6 0.8390625 0.4796875 0.028125 0.034375
6 0.8578125 0.4796875 0.03125 0.03125
6 0.875 0.4828125 0.028125 0.034375
6 0.909375 0.484375 0.025 0.03125
6 0.9625 0.48671875 0.025 0.0296875
6 0.41484375 0.52109375 0.0265625 0.0171875
6 0.46875 0.453125 0.034375 0.025
6 0.7015625 0.590625 0.0125 0.03125
6 0.6234375 0.58984375 0.0125 0.0296875
6 0.7359375 0.590625 0.0125 0.028125
6 0.7 0.715625 0.0125 0.03125
6 0.66640625 0.71171875 0.0140625 0.0296875
6 0.62109375 0.71484375 0.0140625 0.0296875
6 0.5734375 0.71171875 0.015625 0.0296875
6 0.5578125 0.7109375 0.0125 0.028125
6 0.52578125 0.7125 0.0140625 0.028125
6 0.5109375 0.7109375 0.015625 0.028125
6 0.49453125 0.7421875 0.0140625 0.028125
6 0.4859375 0.4390625 0.034375 0.028125
6 0.9375 0.42109375 0.025 0.0328125
6 0.91953125 0.4234375 0.0359375 0.040625
6 0.8828125 0.41875 0.025 0.034375
6 0.8640625 0.41875 0.03125 0.0375
6 0.82578125 0.41796875 0.0296875 0.0359375
6 0.809375 0.4171875 0.028125 0.0375
6 0.615625 0.4078125 0.025 0.034375
6 0.17265625 0.5875 0.0296875 0.015625
6 0.171875 0.7 0.028125 0.015625
6 0.51953125 0.14296875 0.0265625 0.0265625
6 0.215625 0.33828125 0.034375 0.0171875
6 0.0171875 0.18515625 0.03125 0.0171875
6 0.0140625 0.25234375 0.028125 0.0140625
6 0.0171875 0.23515625 0.028125 0.0171875
6 0.975 0.22109375 0.0125 0.0296875
6 0.98984375 0.2234375 0.0109375 0.03125
6 0.9578125 0.2203125 0.015625 0.0375
6 0.01640625 0.2 0.0328125 0.015625
6 0.1796875 0.3203125 0.03125 0.0125
6 0.178125 0.35078125 0.034375 0.0140625
6 0.1765625 0.3828125 0.0375 0.015625
6 0.2875 0.37109375 0.034375 0.0171875
6 0.2109375 0.36796875 0.025 0.0140625
6 0.2125 0.3515625 0.025 0.015625
6 0.1703125 0.36484375 0.025 0.0140625
6 0.2125 0.39921875 0.028125 0.0140625
6 0.18046875 0.3375 0.0359375 0.015625
6 0.1765625 0.43046875 0.028125 0.0140625
6 0.2109375 0.4328125 0.028125 0.015625
6 0.21171875 0.44765625 0.0296875 0.0171875
6 0.21328125 0.48046875 0.0296875 0.0140625
6 0.54609375 0.17890625 0.0296875 0.0234375
6 0.3625 0.18984375 0.034375 0.0296875
6 0.36328125 0.2234375 0.0359375 0.03125
6 0.35546875 0.26640625 0.0296875 0.0234375
6 0.3578125 0.2796875 0.034375 0.03125
6 0.35703125 0.3171875 0.0390625 0.028125
6 0.3578125 0.334375 0.028125 0.021875
6 0.353125 0.371875 0.028125 0.021875
6 0.01875 0.15234375 0.0375 0.0171875
6 0.21171875 0.46328125 0.0296875 0.0140625
6 0.175 0.47734375 0.034375 0.0171875
6 0.17734375 0.68203125 0.0359375 0.0171875
6 0.2640625 0.71875 0.0375 0.028125
6 0.2859375 0.49609375 0.03125 0.0171875
6 0.2875 0.5265625 0.034375 0.015625
6 0.28359375 0.5421875 0.0359375 0.01875
6 0.28359375 0.559375 0.0296875 0.0125
6 0.2828125 0.57578125 0.03125 0.0140625
6 0.28359375 0.59140625 0.0296875 0.0140625
6 0.28515625 0.62265625 0.0296875 0.0140625
6 0.28125 0.63828125 0.03125 0.0140625
6 0.278125 0.67109375 0.028125 0.0171875
6 0.2765625 0.6890625 0.034375 0.01875
6 0.2578125 0.73671875 0.03125 0.0265625
6 0.2859375 0.46640625 0.028125 0.0171875
6 0.2546875 0.753125 0.0375 0.03125
6 0.23828125 0.765625 0.0296875 0.03125
6 0.221875 0.77421875 0.03125 0.0359375
6 0.18046875 0.80390625 0.0234375 0.0359375
6 0.10234375 0.4203125 0.0265625 0.015625
6 0.10078125 0.484375 0.0328125 0.01875
6 0.09765625 0.540625 0.0359375 0.015625
6 0.0953125 0.57265625 0.028125 0.0171875
6 0.09609375 0.65078125 0.0296875 0.0140625
6 0.09296875 0.6671875 0.0265625 0.015625
6 0.28828125 0.434375 0.0296875 0.015625
6 0.17578125 0.49375 0.0296875 0.015625
6 0.2109375 0.5109375 0.034375 0.015625
6 0.1078125 0.39765625 0.025 0.0140625
6 0.21171875 0.52890625 0.0328125 0.0171875
6 0.209375 0.54296875 0.034375 0.0140625
6 0.2109375 0.55859375 0.03125 0.0140625
6 0.2078125 0.575 0.034375 0.015625
6 0.20546875 0.60546875 0.0328125 0.0171875
6 0.175 0.65234375 0.03125 0.0171875
6 0.17421875 0.62109375 0.0296875 0.0171875
6 0.171875 0.603125 0.034375 0.015625
6 0.1015625 0.50390625 0.034375 0.0140625
6 0.0984375 0.52265625 0.028125 0.0140625
6 0.09609375 0.55390625 0.0296875 0.0140625
6 0.2046875 0.6359375 0.028125 0.015625
6 0.09609375 0.5859375 0.0265625 0.015625
6 0.09375 0.60234375 0.025 0.0140625
6 0.09765625 0.63359375 0.0421875 0.0171875
6 0.09375 0.68125 0.025 0.015625
6 0.09375 0.7125 0.03125 0.015625
6 0.09453125 0.72890625 0.0265625 0.0140625
6 0.0921875 0.746875 0.03125 0.015625
6 0.09296875 0.775 0.0390625 0.015625
6 0.090625 0.79296875 0.03125 0.0140625
6 0.09296875 0.76015625 0.0296875 0.0140625
6 0.6984375 0.97421875 0.015625 0.0296875
6 0.72578125 0.828125 0.0140625 0.03125
6 0.5203125 0.8234375 0.015625 0.03125
6 0.90546875 0.98203125 0.0109375 0.0296875
6 0.8734375 0.98046875 0.0125 0.0328125
6 0.840625 0.98046875 0.015625 0.0359375
6 0.82578125 0.97890625 0.0140625 0.0296875
6 0.809375 0.97734375 0.015625 0.0328125
6 0.7921875 0.9796875 0.015625 0.0375
6 0.74765625 0.97421875 0.0140625 0.0296875
6 0.7140625 0.97109375 0.015625 0.0296875
6 0.65078125 0.97109375 0.0140625 0.0296875
6 0.7078125 0.86171875 0.0125 0.0265625
6 0.634375 0.9703125 0.0125 0.028125
6 0.68125 0.971875 0.0125 0.028125
6 0.665625 0.97265625 0.0125 0.0296875
6 0.6296875 0.8578125 0.0125 0.028125
6 0.58203125 0.85859375 0.0140625 0.0296875
6 0.56796875 0.85703125 0.0140625 0.0328125
6 0.5046875 0.8234375 0.0125 0.028125
6 0.48828125 0.8234375 0.0140625 0.03125
6 0.471875 0.81796875 0.015625 0.0359375
6 0.3921875 0.7125 0.028125 0.0125
6 0.74140625 0.8328125 0.0171875 0.03125
6 0.72265625 0.86328125 0.0140625 0.0296875
6 0.60390625 0.9734375 0.0140625 0.03125
6 0.925 0.98203125 0.015625 0.0328125
6 0.46171875 0.9328125 0.0140625 0.03125
6 0.44765625 0.9328125 0.0171875 0.03125
6 0.43125 0.9328125 0.01875 0.03125
6 0.4140625 0.9328125 0.015625 0.028125
6 0.4 0.934375 0.015625 0.03125
6 0.42890625 0.96328125 0.0140625 0.0328125
6 0.4125 0.96484375 0.0125 0.0296875
6 0.7296875 0.9734375 0.015625 0.03125
6 0.7765625 0.9765625 0.015625 0.03125
6 0.88671875 0.98046875 0.0140625 0.0296875
6 0.85625 0.97890625 0.0125 0.0296875
6 0.74609375 0.94375 0.0140625 0.03125
6 0.7609375 0.971875 0.015625 0.025
6 0.58359375 0.825 0.0140625 0.03125
6 0.5671875 0.82421875 0.0125 0.0328125
6 0.53671875 0.8234375 0.0140625 0.034375
6 0.58984375 0.9375 0.0140625 0.028125
6 0.60703125 0.93828125 0.0109375 0.0296875
6 0.63671875 0.93984375 0.0140625 0.0296875
6 0.6828125 0.94140625 0.0125 0.0296875
6 0.7140625 0.93828125 0.0125 0.0296875
6 0.72890625 0.940625 0.0140625 0.03125
6 0.6203125 0.97109375 0.015625 0.0359375
6 0.58828125 0.96953125 0.0140625 0.0265625
6 0.5078125 0.93359375 0.015625 0.0328125
6 0.571875 0.9703125 0.0125 0.025
6 0.284375 0.92734375 0.025 0.0234375
6 0.5578125 0.96875 0.015625 0.028125
6 0.52421875 0.96796875 0.0109375 0.0296875
6 0.509375 0.965625 0.0125 0.03125
6 0.49296875 0.965625 0.0140625 0.03125
6 0.47734375 0.96328125 0.0109375 0.0296875
6 0.46171875 0.96484375 0.0109375 0.0296875
6 0.446875 0.9640625 0.015625 0.03125
6 0.3984375 0.96171875 0.0125 0.0234375
6 0.3828125 0.9625 0.0125 0.0375
6 0.5421875 0.96640625 0.015625 0.0234375
6 0.26015625 0.96953125 0.0265625 0.0234375
6 0.2546875 0.98359375 0.03125 0.0265625
6 0.49453125 0.93359375 0.0140625 0.0328125
6 0.525 0.93203125 0.015625 0.0359375
6 0.49296875 0.7046875 0.0171875 0.0375
6 0.478125 0.58046875 0.0125 0.0296875
6 0.75 0.625 0.015625 0.028125
6 0.7171875 0.62734375 0.0125 0.0296875
6 0.7015625 0.621875 0.0125 0.028125
6 0.6390625 0.6234375 0.015625 0.025
6 0.62421875 0.62265625 0.0140625 0.0296875
6 0.60703125 0.6203125 0.0140625 0.028125
6 0.57734375 0.62578125 0.0140625 0.0296875
6 0.559375 0.6203125 0.0125 0.03125
6 0.54375 0.6171875 0.015625 0.028125
6 0.54140625 0.71328125 0.0140625 0.0328125
6 0.5140625 0.5890625 0.0125 0.028125
6 0.58984375 0.7125 0.0171875 0.03125
6 0.6046875 0.7140625 0.015625 0.03125
6 0.6359375 0.71640625 0.0125 0.0296875
6 0.65234375 0.71640625 0.0140625 0.0328125
6 0.684375 0.71484375 0.015625 0.0359375
6 0.71484375 0.71640625 0.0140625 0.0328125
6 0.73125 0.7171875 0.0125 0.03125
6 0.74765625 0.71796875 0.0140625 0.0296875
6 0.7453125 0.75234375 0.015625 0.0359375
6 0.7296875 0.75234375 0.0125 0.0265625
6 0.49765625 0.58828125 0.0109375 0.0296875
6 0.52890625 0.58828125 0.0140625 0.0234375
6 0.69921875 0.75 0.0140625 0.028125
6 0.5078125 0.50078125 0.03125 0.0390625
6 0.9640625 0.5125 0.021875 0.03125
6 0.946875 0.515625 0.025 0.028125
6 0.7828125 0.51015625 0.025 0.0328125
6 0.70625 0.51171875 0.025 0.0296875
6 0.6859375 0.5109375 0.028125 0.0375
6 0.6015625 0.50390625 0.025 0.0296875
6 0.58125 0.5046875 0.03125 0.034375
6 0.5640625 0.50078125 0.028125 0.0328125
6 0.54765625 0.49765625 0.0265625 0.0328125
6 0.52578125 0.49921875 0.0296875 0.0359375
6 0.83515625 0.5140625 0.0234375 0.028125
6 0.5765625 0.590625 0.015625 0.03125
6 0.85625 0.5109375 0.028125 0.03125
6 0.76640625 0.596875 0.0140625 0.028125
6 0.7484375 0.59453125 0.0125 0.0296875
6 0.71875 0.5953125 0.0125 0.03125
6 0.68828125 0.5890625 0.0140625 0.03125
6 0.6703125 0.590625 0.009375 0.03125
6 0.6546875 0.5921875 0.0125 0.028125
6 0.63828125 0.59296875 0.0109375 0.0296875
6 0.60859375 0.58671875 0.0171875 0.0328125
6 0.590625 0.5890625 0.0125 0.028125
6 0.7140625 0.7546875 0.015625 0.034375
6 0.68203125 0.753125 0.0171875 0.034375
6 0.54140625 0.93515625 0.0140625 0.0296875
6 0.48828125 0.85625 0.0140625 0.03125
6 0.66171875 0.82734375 0.0140625 0.0359375
6 0.6453125 0.83046875 0.0125 0.0296875
6 0.6453125 0.8609375 0.0125 0.034375
6 0.61328125 0.8578125 0.0140625 0.028125
6 0.59765625 0.86015625 0.0140625 0.0296875
6 0.55078125 0.8578125 0.0140625 0.03125
6 0.5515625 0.82578125 0.015625 0.0296875
6 0.534375 0.85390625 0.0125 0.0265625
6 0.51796875 0.85390625 0.0140625 0.0265625
6 0.50390625 0.8546875 0.0140625 0.028125
6 0.47265625 0.8515625 0.0140625 0.028125
6 0.678125 0.82890625 0.015625 0.0296875
6 0.45546875 0.84921875 0.0140625 0.0296875
6 0.43984375 0.85234375 0.0140625 0.0265625
6 0.59765625 0.828125 0.0140625 0.03125
6 0.45546875 0.8203125 0.0140625 0.034375
6 0.76171875 0.94296875 0.0140625 0.0328125
6 0.69765625 0.93984375 0.0140625 0.0296875
6 0.66796875 0.940625 0.0140625 0.03125
6 0.6515625 0.9390625 0.015625 0.03125
6 0.57265625 0.93828125 0.0140625 0.0328125
6 0.55703125 0.93828125 0.0140625 0.0296875
6 0.67734375 0.86171875 0.0109375 0.0265625
6 0.70859375 0.828125 0.0171875 0.0375
6 0.665625 0.74765625 0.0125 0.0296875
6 0.47734375 0.7421875 0.0140625 0.03125
6 0.6515625 0.74765625 0.015625 0.0296875
6 0.63359375 0.74765625 0.0109375 0.0296875
6 0.61875 0.746875 0.0125 0.03125
6 0.6046875 0.74609375 0.015625 0.0296875
6 0.58671875 0.74765625 0.0140625 0.0359375
6 0.5734375 0.74453125 0.015625 0.0296875
6 0.55703125 0.74375 0.0171875 0.028125
6 0.540625 0.74375 0.0125 0.028125
6 0.52421875 0.74375 0.0140625 0.028125
6 0.509375 0.74375 0.015625 0.028125
6 0.88125 0.83359375 0.015625 0.0328125
6 0.69296875 0.83125 0.0140625 0.03125
6 0.86640625 0.82890625 0.0140625 0.0390625
6 0.84921875 0.8265625 0.0171875 0.028125
6 0.834375 0.83359375 0.015625 0.0296875
6 0.8203125 0.83203125 0.015625 0.0328125
6 0.803125 0.8296875 0.015625 0.034375
6 0.7875 0.83125 0.0125 0.028125
6 0.771875 0.82890625 0.015625 0.0296875
6 0.75546875 0.86328125 0.0140625 0.0328125
6 0.73984375 0.86171875 0.0109375 0.0265625
6 0.69296875 0.86015625 0.0140625 0.0296875
6 0.3578125 0.8046875 0.0375 0.028125
5 0.40078125 0.5953125 0.0390625 0.021875
5 0.3890625 0.72578125 0.0375 0.0265625
6 0.38203125 0.74375 0.0328125 0.021875
6 0.378125 0.76171875 0.03125 0.0203125
5 0.37265625 0.7734375 0.0390625 0.028125
6 0.3640625 0.7890625 0.028125 0.021875
6 0.3515625 0.8171875 0.03125 0.025
6 0.34453125 0.83125 0.0328125 0.028125
6 0.2921875 0.9171875 0.03125 0.028125
6 0.2765625 0.94296875 0.034375 0.0296875
6 0.26953125 0.95703125 0.0359375 0.0296875
