6 0.9546875 0.73125 0.01875 0.034375
5 0.571875 0.25625 0.015625 0.034375
6 0.5515625 0.2515625 0.015625 0.03125
6 0.53515625 0.2515625 0.0140625 0.028125
6 0.6359375 0.25703125 0.0125 0.0265625
5 0.71484375 0.01796875 0.0296875 0.0140625
5 0.71484375 0.04609375 0.0296875 0.0171875
5 0.715625 0.07890625 0.03125 0.0140625
5 0.515625 0.25078125 0.0125 0.0296875
5 0.21875 0.24765625 0.0125 0.0296875
5 0.2015625 0.2515625 0.0125 0.03125
5 0.128125 0.2515625 0.015625 0.034375
5 0.73125 0.11328125 0.034375 0.0171875
5 0.728125 0.14765625 0.034375 0.0140625
6 0.725 0.20625 0.028125 0.015625
6 0.846875 0.25390625 0.0125 0.0296875
6 0.86328125 0.253125 0.0109375 0.028125
5 0.49296875 0.25 0.0140625 0.025
5 0.9890625 0.03203125 0.015625 0.0328125
6 0.72265625 0.22578125 0.0328125 0.0171875
6 0.046875 0.3078125 0.03125 0.015625
6 0.4984375 0.71796875 0.015625 0.0328125
6 0.93671875 0.73125 0.0140625 0.03125
6 0.8609375 0.734375 0.0125 0.03125
6 0.84296875 0.7296875 0.0140625 0.028125
6 0.40390625 0.7171875 0.0140625 0.034375
6 0.38828125 0.71484375 0.0140625 0.0359375
