6 0.03046875 0.32421875 0.0296875 0.0234375
6 0.05703125 0.4796875 0.0328125 0.025
6 0.05625 0.49609375 0.028125 0.0265625
6 0.02578125 0.51171875 0.0296875 0.0265625
6 0.0453125 0.6265625 0.0375 0.028125
6 0.11640625 0.55390625 0.0328125 0.0328125
6 0.1171875 0.5734375 0.0375 0.03125
6 0.11875 0.6109375 0.034375 0.03125
6 0.11015625 0.625 0.0390625 0.034375
6 0.11171875 0.6640625 0.0359375 0.034375
6 0.1140625 0.68203125 0.028125 0.0265625
6 0.11328125 0.70078125 0.0359375 0.0296875
6 0.02265625 0.60234375 0.0265625 0.0265625
6 0.553125 0.721875 0.015625 0.0375
6 0.11796875 0.50390625 0.0359375 0.0296875
6 0.1859375 0.403125 0.021875 0.028125
6 0.0203125 0.65703125 0.03125 0.0234375
6 0.04453125 0.69765625 0.0328125 0.0265625
6 0.11171875 0.64765625 0.0359375 0.0328125
6 0.32265625 0.603125 0.0328125 0.034375
6 0.34375 0.6484375 0.028125 0.03125
6 0.5359375 0.728125 0.0125 0.03125
6 0.521875 0.725 0.0125 0.03125
6 0.50390625 0.721875 0.0140625 0.0375
6 0.4796875 0.82578125 0.028125 0.0140625
6 0.496875 0.86796875 0.0375 0.0203125
6 0.66171875 0.634375 0.0359375 0.01875
6 0.60859375 0.6109375 0.0328125 0.01875
6 0.5890625 0.59140625 0.03125 0.0171875
6 0.42109375 0.715625 0.0203125 0.028125
6 0.36796875 0.67421875 0.0328125 0.0328125
6 0.025 0.4734375 0.034375 0.025
6 0.05 0.66015625 0.034375 0.0296875
6 0.1546875 0.2125 0.025 0.028125
6 0.04921875 0.09453125 0.0265625 0.0234375
6 0.01796875 0.015625 0.0265625 0.021875
6 0.090625 0.14140625 0.028125 0.0296875
6 0.2203125 0.11015625 0.0375 0.0171875
6 0.21484375 0.178125 0.0359375 0.01875
6 0.21875 0.16171875 0.025 0.0140625
6 0.11015625 0.165625 0.0296875 0.028125
6 0.06875 0.19921875 0.028125 0.0328125
6 0.05625 0.22109375 0.028125 0.0296875
6 0.22890625 0.31953125 0.0390625 0.0296875
6 0.1734375 0.23828125 0.03125 0.0265625
6 0.0328125 0.06640625 0.034375 0.0265625
6 0.18203125 0.25234375 0.0296875 0.0296875
6 0.19140625 0.26328125 0.0296875 0.0265625
6 0.04140625 0.07734375 0.0328125 0.0265625
6 0.2453125 0.346875 0.03125 0.025
6 0.0296875 0.29921875 0.028125 0.0265625
6 0.02578125 0.3390625 0.0296875 0.025
6 0.0265625 0.359375 0.03125 0.025
6 0.02890625 0.3828125 0.0296875 0.025
6 0.21171875 0.28984375 0.0328125 0.0265625
6 0.20078125 0.27890625 0.0265625 0.0265625
6 0.0484375 0.64296875 0.028125 0.0265625
6 0.01640625 0.67578125 0.0265625 0.0234375
6 0.2640625 0.97890625 0.021875 0.0265625
6 0.08125 0.9078125 0.028125 0.034375
6 0.63203125 0.92265625 0.0265625 0.0359375
6 0.48828125 0.915625 0.0234375 0.028125
6 0.47109375 0.91875 0.0234375 0.028125
6 0.45234375 0.91796875 0.0234375 0.0296875
6 0.3984375 0.91796875 0.025 0.0296875
6 0.2515625 0.9109375 0.028125 0.03125
6 0.1640625 0.9125 0.025 0.034375
6 0.09921875 0.9078125 0.0265625 0.03125
6 0.06484375 0.9125 0.0265625 0.03125
6 0.04453125 0.91640625 0.0265625 0.0359375
6 0.025 0.92265625 0.03125 0.0296875
6 0.25 0.97734375 0.03125 0.0359375
6 0.078125 0.97421875 0.025 0.0328125
6 0.1 0.971875 0.028125 0.04375
6 0.11953125 0.9765625 0.0265625 0.03125
6 0.15703125 0.97421875 0.0265625 0.0296875
6 0.209375 0.9765625 0.025 0.03125
6 0.30078125 0.97890625 0.0328125 0.0328125
6 0.3390625 0.9796875 0.028125 0.034375
6 0.3578125 0.9796875 0.03125 0.03125
6 0.65234375 0.92890625 0.0234375 0.0328125
6 0.58046875 0.92421875 0.0265625 0.0296875
6 0.56328125 0.92421875 0.0296875 0.0328125
6 0.53984375 0.9234375 0.0265625 0.034375
6 0.5109375 0.921875 0.028125 0.03125
6 0.4375 0.92109375 0.025 0.0328125
6 0.41953125 0.9234375 0.0359375 0.040625
6 0.3828125 0.91875 0.025 0.034375
6 0.3640625 0.91875 0.03125 0.0375
6 0.32578125 0.91796875 0.0296875 0.0359375
6 0.309375 0.9171875 0.028125 0.0375
6 0.115625 0.9078125 0.025 0.034375
6 0.01953125 0.64296875 0.0265625 0.0265625
6 0.475 0.72109375 0.0125 0.0296875
6 0.48984375 0.7234375 0.0109375 0.03125
6 0.4578125 0.7203125 0.015625 0.0375
6 0.04609375 0.67890625 0.0296875 0.0234375
