6 0.72890625 0.56796875 0.0265625 0.0296875
6 0.2453125 0.05625 0.03125 0.03125
6 0.32578125 0.2 0.0328125 0.034375
6 0.35859375 0.0828125 0.0296875 0.034375
6 0.66484375 0.3953125 0.0234375 0.028125
6 0.7953125 0.6359375 0.0375 0.034375
6 0.94375 0.80546875 0.034375 0.0296875
6 0.7828125 0.08359375 0.040625 0.0234375
6 0.77890625 0.05078125 0.0359375 0.0203125
6 0.77890625 0.065625 0.0296875 0.015625
6 0.79140625 0.10078125 0.0328125 0.0234375
6 0.86328125 0.08125 0.0140625 0.03125
6 0.88359375 0.09296875 0.0140625 0.0265625
6 0.8984375 0.09296875 0.0125 0.0265625
6 0.9296875 0.0890625 0.0125 0.028125
6 0.9609375 0.0859375 0.009375 0.03125
6 0.94609375 0.08828125 0.0109375 0.0265625
6 0.97734375 0.0859375 0.0140625 0.034375
6 0.91328125 0.08671875 0.0171875 0.0359375
