4 0.3546875 0.51328125 0.39375 0.4421875
6 0.42265625 0.08359375 0.0109375 0.0265625
6 0.4859375 0.08359375 0.0125 0.0265625
6 0.50234375 0.08515625 0.0109375 0.0296875
6 0.565625 0.08828125 0.0125 0.0328125
6 0.59765625 0.084375 0.0140625 0.028125
6 0.58203125 0.0578125 0.0140625 0.028125
6 0.6 0.0546875 0.015625 0.025
6 0.55078125 0.05234375 0.0109375 0.0265625
6 0.4703125 0.08125 0.015625 0.03125
6 0.4234375 0.05 0.0125 0.03125
6 0.915625 0.06796875 0.015625 0.0265625
6 0.7859375 0.065625 0.0125 0.028125
6 0.7703125 0.06171875 0.0125 0.0296875
6 0.721875 0.0609375 0.015625 0.0375
6 0.6921875 0.06015625 0.0125 0.0265625
6 0.675 0.05859375 0.0125 0.0296875
6 0.58203125 0.0890625 0.0109375 0.028125
6 0.3625 0.15234375 0.015625 0.0296875
6 0.346875 0.1515625 0.015625 0.03125
6 0.41015625 0.15625 0.0140625 0.03125
6 0.35859375 0.08125 0.0140625 0.03125
6 0.4078125 0.0515625 0.0125 0.03125
6 0.47265625 0.15625 0.0140625 0.03125
6 0.43984375 0.04921875 0.0140625 0.0296875
6 0.45703125 0.15390625 0.0140625 0.0296875
6 0.51796875 0.159375 0.0140625 0.03125
6 0.53359375 0.1609375 0.0140625 0.028125
6 0.5515625 0.159375 0.0125 0.028125
6 0.66015625 0.06015625 0.0140625 0.0296875
6 0.89765625 0.0671875 0.0171875 0.03125
6 0.51796875 0.05234375 0.0140625 0.0359375
6 0.7328125 0.30546875 0.03125 0.0140625
6 0.56640625 0.15859375 0.0140625 0.0265625
6 0.58203125 0.15859375 0.0140625 0.0296875
6 0.61484375 0.15703125 0.0109375 0.0296875
5 0.503125 0.1515625 0.015625 0.0375
6 0.4875 0.15234375 0.015625 0.0328125
5 0.571875 0.75625 0.015625 0.034375
6 0.5515625 0.7515625 0.015625 0.03125
6 0.53515625 0.7515625 0.0140625 0.028125
6 0.6359375 0.75703125 0.0125 0.0265625
6 0.73359375 0.25703125 0.0328125 0.0140625
6 0.725 0.33828125 0.03125 0.0140625
6 0.37578125 0.0484375 0.0140625 0.028125
5 0.71484375 0.51796875 0.0296875 0.0140625
5 0.71484375 0.54609375 0.0296875 0.0171875
5 0.715625 0.57890625 0.03125 0.0140625
5 0.515625 0.75078125 0.0125 0.0296875
5 0.21875 0.74765625 0.0125 0.0296875
5 0.2015625 0.7515625 0.0125 0.03125
5 0.128125 0.7515625 0.015625 0.034375
5 0.73125 0.61328125 0.034375 0.0171875
5 0.728125 0.64765625 0.034375 0.0140625
6 0.725 0.70625 0.028125 0.015625
6 0.34375 0.05078125 0.0125 0.0296875
6 0.390625 0.0828125 0.015625 0.0375
6 0.846875 0.75390625 0.0125 0.0296875
6 0.4875 0.05390625 0.0125 0.0265625
6 0.8796875 0.06328125 0.015625 0.0390625
6 0.84921875 0.0671875 0.0140625 0.03125
6 0.81875 0.0640625 0.015625 0.0375
6 0.80078125 0.065625 0.0171875 0.03125
6 0.75546875 0.06484375 0.0140625 0.0296875
6 0.73984375 0.06015625 0.0171875 0.0359375
6 0.70625 0.0578125 0.0125 0.028125
6 0.534375 0.05078125 0.015625 0.0359375
6 0.54921875 0.08671875 0.0140625 0.0296875
6 0.51796875 0.0890625 0.0109375 0.028125
6 0.86328125 0.753125 0.0109375 0.028125
5 0.49296875 0.75 0.0140625 0.025
5 0.9890625 0.53203125 0.015625 0.0328125
6 0.72265625 0.72578125 0.0328125 0.0171875
6 0.046875 0.8078125 0.03125 0.015625
