6 0.09140625 0.9609375 0.0140625 0.03125
6 0.1234375 0.8796875 0.015625 0.0375
6 0.1703125 0.8828125 0.015625 0.0375
6 0.21796875 0.96015625 0.0140625 0.0296875
6 0.18671875 0.959375 0.0140625 0.03125
6 0.13671875 0.9640625 0.0140625 0.034375
6 0.06015625 0.9578125 0.0140625 0.028125
6 0.028125 0.9546875 0.0125 0.028125
6 0.0125 0.95703125 0.0125 0.0265625
6 0.203125 0.884375 0.0125 0.028125
6 0.1859375 0.88359375 0.0125 0.0296875
6 0.1546875 0.8828125 0.015625 0.03125
6 0.13984375 0.88203125 0.0140625 0.0265625
6 0.10703125 0.878125 0.0109375 0.028125
6 0.0921875 0.88203125 0.015625 0.0328125
6 0.06015625 0.88203125 0.0140625 0.0328125
6 0.078125 0.88046875 0.0125 0.0296875
6 0.04375 0.8796875 0.0125 0.028125
6 0.871875 0.6640625 0.028125 0.0125
6 0.8734375 0.65078125 0.034375 0.0171875
6 0.76015625 0.64375 0.0265625 0.015625
6 0.840625 0.6234375 0.025 0.0375
6 0.7265625 0.63828125 0.034375 0.0171875
6 0.94609375 0.65078125 0.0296875 0.0140625
6 0.728125 0.6125 0.015625 0.034375
6 0.93125 0.8890625 0.0125 0.03125
6 0.89921875 0.88828125 0.0140625 0.0359375
6 0.85234375 0.8890625 0.0140625 0.0375
6 0.83671875 0.890625 0.0140625 0.034375
6 0.8375 0.6671875 0.028125 0.0125
6 0.8640625 0.6234375 0.028125 0.034375
6 0.7875 0.8890625 0.015625 0.034375
6 0.778125 0.56015625 0.025 0.0328125
6 0.7953125 0.5578125 0.025 0.034375
6 0.81171875 0.56171875 0.0234375 0.0328125
6 0.86796875 0.5296875 0.0265625 0.03125
6 0.94375 0.5265625 0.028125 0.034375
6 0.97109375 0.528125 0.0265625 0.03125
6 0.88125 0.621875 0.021875 0.03125
6 0.94375 0.56171875 0.028125 0.0390625
6 0.9671875 0.6234375 0.028125 0.040625
6 0.92734375 0.61953125 0.0234375 0.0328125
6 0.89609375 0.62109375 0.0265625 0.0328125
6 0.80546875 0.890625 0.0140625 0.03125
6 0.75625 0.88671875 0.0125 0.0328125
6 0.78046875 0.46875 0.0234375 0.03125
6 0.9625 0.8890625 0.015625 0.0375
6 0.94609375 0.8890625 0.0109375 0.03125
6 0.91640625 0.8875 0.0140625 0.034375
6 0.88359375 0.8875 0.0140625 0.028125
6 0.86875 0.89375 0.0125 0.03125
6 0.82109375 0.8875 0.0109375 0.028125
6 0.771875 0.8875 0.0125 0.028125
6 0.81171875 0.8265625 0.0234375 0.0125
6 0.709375 0.8875 0.0125 0.034375
6 0.675 0.88515625 0.0125 0.0265625
6 0.81953125 0.96171875 0.0109375 0.0296875
6 0.9296875 0.96640625 0.0125 0.0265625
6 0.67734375 0.9640625 0.0109375 0.028125
6 0.70703125 0.965625 0.0140625 0.028125
6 0.8984375 0.96171875 0.015625 0.0265625
6 0.91484375 0.9625 0.0140625 0.028125
6 0.834375 0.96328125 0.0125 0.0328125
6 0.80234375 0.9609375 0.0140625 0.0375
6 0.95859375 0.96484375 0.0140625 0.0359375
6 0.97890625 0.89140625 0.0140625 0.0328125
6 0.7390625 0.88828125 0.015625 0.0328125
6 0.85 0.96640625 0.0125 0.0296875
6 0.7234375 0.88828125 0.015625 0.0328125
6 0.69296875 0.8875 0.0140625 0.0375
6 0.66015625 0.884375 0.0140625 0.025
6 0.6625 0.9609375 0.0125 0.03125
6 0.6921875 0.96484375 0.0125 0.0296875
6 0.72421875 0.96484375 0.0109375 0.0328125
6 0.73984375 0.9625 0.0140625 0.028125
6 0.75703125 0.9640625 0.0140625 0.03125
6 0.7734375 0.96640625 0.0125 0.0328125
6 0.7859375 0.9625 0.0125 0.03125
6 0.865625 0.96484375 0.009375 0.0296875
6 0.88359375 0.96328125 0.0140625 0.0296875
6 0.94375 0.96640625 0.009375 0.0296875
6 0.97734375 0.96640625 0.0140625 0.0296875
6 0.76328125 0.55390625 0.0234375 0.0328125
6 0.80625 0.465625 0.028125 0.03125
6 0.0296875 0.878125 0.015625 0.0375
6 0.49296875 0.62578125 0.0296875 0.0140625
5 0.465625 0.18515625 0.03125 0.0203125
6 0.50078125 0.18359375 0.0328125 0.0140625
6 0.503125 0.1984375 0.03125 0.015625
6 0.5015625 0.215625 0.028125 0.015625
6 0.5 0.23046875 0.028125 0.0140625
6 0.46328125 0.2015625 0.0296875 0.0125
6 0.46796875 0.215625 0.0328125 0.0125
6 0.46484375 0.23203125 0.0296875 0.0140625
6 0.46640625 0.24765625 0.0359375 0.0171875
6 0.46640625 0.2640625 0.0296875 0.015625
6 0.490625 0.609375 0.028125 0.015625
6 0.478125 0.1625 0.0125 0.028125
6 0.4921875 0.59375 0.0375 0.015625
6 0.4953125 0.5765625 0.028125 0.015625
6 0.49140625 0.546875 0.0296875 0.015625
6 0.49140625 0.5296875 0.0296875 0.0125
6 0.48984375 0.5140625 0.0359375 0.01875
6 0.62734375 0.50859375 0.0328125 0.0171875
6 0.62421875 0.5984375 0.0265625 0.015625
6 0.46640625 0.57734375 0.0140625 0.0265625
6 0.465625 0.54375 0.0125 0.025
6 0.4640625 0.61484375 0.015625 0.0359375
5 0.4609375 0.1578125 0.01875 0.034375
6 0.49140625 0.1609375 0.0140625 0.03125
6 0.62265625 0.57421875 0.0328125 0.0140625
6 0.20234375 0.9640625 0.0140625 0.028125
6 0.0125 0.88046875 0.0125 0.0296875
6 0.2640625 0.96015625 0.0125 0.0328125
6 0.24765625 0.96015625 0.0140625 0.0328125
6 0.23203125 0.9640625 0.0140625 0.03125
6 0.17109375 0.96484375 0.0140625 0.0296875
6 0.0765625 0.95859375 0.015625 0.0328125
6 0.50625 0.159375 0.015625 0.03125
6 0.1078125 0.95859375 0.0125 0.0328125
6 0.04296875 0.9546875 0.0140625 0.03125
6 0.61953125 0.62109375 0.0390625 0.0140625
6 0.62421875 0.553125 0.0265625 0.015625
6 0.85546875 0.4671875 0.0265625 0.034375
6 0.7953125 0.66171875 0.028125 0.0140625
6 0.75546875 0.615625 0.0203125 0.028125
6 0.9859375 0.46953125 0.025 0.0328125
6 0.8796875 0.4640625 0.034375 0.0375
6 0.8296875 0.4703125 0.025 0.028125
6 0.94453125 0.66484375 0.0234375 0.0109375
6 0.83671875 0.65 0.0328125 0.015625
6 0.7984375 0.6453125 0.028125 0.015625
6 0.9125 0.61953125 0.025 0.0328125
6 0.7671875 0.66015625 0.025 0.0140625
6 0.728125 0.65625 0.034375 0.01875
6 0.81640625 0.52890625 0.0234375 0.0296875
6 0.97734375 0.559375 0.0265625 0.034375
6 0.9578125 0.46484375 0.025 0.0328125
6 0.93125 0.46640625 0.025 0.0328125
6 0.9078125 0.4703125 0.025 0.03125
6 0.78984375 0.6171875 0.0265625 0.034375
6 0.94375 0.615625 0.021875 0.034375
6 0.6203125 0.53359375 0.034375 0.0171875
6 0.6234375 0.48515625 0.025 0.0109375
6 0.6234375 0.465625 0.03125 0.015625
6 0.72578125 0.46796875 0.0265625 0.0328125
6 0.7515625 0.46640625 0.025 0.0328125
6 0.9296875 0.55546875 0.021875 0.0296875
6 0.91015625 0.559375 0.0203125 0.028125
6 0.896875 0.55703125 0.021875 0.0296875
6 0.87734375 0.559375 0.0234375 0.03125
6 0.86171875 0.56015625 0.0234375 0.0328125
6 0.8453125 0.559375 0.028125 0.040625
6 0.89140625 0.53046875 0.0265625 0.0359375
