6 0.3625 0.92578125 0.015625 0.0359375
6 0.3421875 0.928125 0.015625 0.040625
6 0.17890625 0.96796875 0.0390625 0.0171875
6 0.32734375 0.92265625 0.0140625 0.0328125
5 0.23828125 0.95 0.0796875 0.021875
6 0.25859375 0.76171875 0.0359375 0.0203125
6 0.72890625 0.4671875 0.0171875 0.0375
6 0.6890625 0.46796875 0.015625 0.0390625
6 0.7125 0.39375 0.0125 0.028125
6 0.371875 0.1640625 0.028125 0.0125
6 0.3734375 0.15078125 0.034375 0.0171875
6 0.26015625 0.14375 0.0265625 0.015625
6 0.340625 0.1234375 0.025 0.0375
6 0.2265625 0.13828125 0.034375 0.0171875
6 0.44609375 0.15078125 0.0296875 0.0140625
6 0.496875 0.15546875 0.03125 0.0140625
6 0.4984375 0.16875 0.034375 0.0125
6 0.690625 0.27890625 0.01875 0.0390625
5 0.72109375 0.26640625 0.0171875 0.0484375
6 0.69296875 0.39375 0.0140625 0.028125
6 0.228125 0.1125 0.015625 0.034375
6 0.67421875 0.39140625 0.0140625 0.0328125
6 0.653125 0.39453125 0.015625 0.0328125
6 0.58828125 0.3921875 0.0140625 0.028125
6 0.54140625 0.39140625 0.0140625 0.0296875
6 0.52578125 0.38984375 0.0140625 0.0359375
6 0.5078125 0.3890625 0.015625 0.0375
6 0.43125 0.3890625 0.0125 0.03125
6 0.39921875 0.38828125 0.0140625 0.0359375
6 0.35234375 0.3890625 0.0140625 0.0375
6 0.33671875 0.390625 0.0140625 0.034375
6 0.3375 0.1671875 0.028125 0.0125
6 0.3640625 0.1234375 0.028125 0.034375
6 0.2875 0.3890625 0.015625 0.034375
6 0.70703125 0.06484375 0.0234375 0.0328125
6 0.278125 0.06015625 0.025 0.0328125
6 0.2953125 0.0578125 0.025 0.034375
6 0.31171875 0.06171875 0.0234375 0.0328125
6 0.36796875 0.0296875 0.0265625 0.03125
6 0.44375 0.0265625 0.028125 0.034375
6 0.47109375 0.028125 0.0265625 0.03125
6 0.5390625 0.034375 0.021875 0.028125
6 0.61640625 0.02890625 0.0234375 0.0296875
6 0.63828125 0.03515625 0.0234375 0.0328125
6 0.665625 0.03515625 0.028125 0.0328125
6 0.60859375 0.06171875 0.0265625 0.0359375
6 0.38125 0.121875 0.021875 0.03125
6 0.5546875 0.06640625 0.03125 0.0359375
6 0.58828125 0.06796875 0.0296875 0.0359375
6 0.44375 0.06171875 0.028125 0.0390625
6 0.6890625 0.128125 0.025 0.034375
6 0.66328125 0.13046875 0.0234375 0.0328125
6 0.6359375 0.12265625 0.021875 0.0296875
6 0.53671875 0.1234375 0.0265625 0.034375
6 0.4671875 0.1234375 0.028125 0.040625
6 0.42734375 0.11953125 0.0234375 0.0328125
6 0.39609375 0.12109375 0.0265625 0.0328125
6 0.30546875 0.390625 0.0140625 0.03125
6 0.25625 0.38671875 0.0125 0.0328125
6 0.571875 0.46640625 0.0125 0.0265625
6 0.4625 0.3890625 0.015625 0.0375
6 0.44609375 0.3890625 0.0109375 0.03125
6 0.41640625 0.3875 0.0140625 0.034375
6 0.38359375 0.3875 0.0140625 0.028125
6 0.36875 0.39375 0.0125 0.03125
6 0.32109375 0.3875 0.0109375 0.028125
6 0.271875 0.3875 0.0125 0.028125
6 0.31171875 0.3265625 0.0234375 0.0125
6 0.209375 0.3875 0.0125 0.034375
6 0.175 0.38515625 0.0125 0.0265625
6 0.31953125 0.46171875 0.0109375 0.0296875
6 0.49375 0.390625 0.0125 0.028125
6 0.4296875 0.46640625 0.0125 0.0265625
6 0.7109375 0.4703125 0.0125 0.03125
6 0.17734375 0.4640625 0.0109375 0.028125
6 0.20703125 0.465625 0.0140625 0.028125
6 0.3984375 0.46171875 0.015625 0.0265625
6 0.41484375 0.4625 0.0140625 0.028125
6 0.334375 0.46328125 0.0125 0.0328125
6 0.30234375 0.4609375 0.0140625 0.0375
6 0.45859375 0.46484375 0.0140625 0.0359375
6 0.66953125 0.46640625 0.0140625 0.0390625
6 0.47890625 0.39140625 0.0140625 0.0328125
6 0.55546875 0.38828125 0.0109375 0.0296875
6 0.2390625 0.38828125 0.015625 0.0328125
6 0.35 0.46640625 0.0125 0.0296875
6 0.2234375 0.38828125 0.015625 0.0328125
6 0.19296875 0.3875 0.0140625 0.0375
6 0.16015625 0.384375 0.0140625 0.025
6 0.1625 0.4609375 0.0125 0.03125
6 0.1921875 0.46484375 0.0125 0.0296875
6 0.22421875 0.46484375 0.0109375 0.0328125
6 0.23984375 0.4625 0.0140625 0.028125
6 0.25703125 0.4640625 0.0140625 0.03125
6 0.2734375 0.46640625 0.0125 0.0328125
6 0.2859375 0.4625 0.0125 0.03125
6 0.365625 0.46484375 0.009375 0.0296875
6 0.60546875 0.3921875 0.0140625 0.03125
6 0.38359375 0.46328125 0.0140625 0.0296875
6 0.44375 0.46640625 0.009375 0.0296875
6 0.47734375 0.46640625 0.0140625 0.0296875
6 0.50703125 0.46640625 0.0140625 0.0359375
6 0.52421875 0.46484375 0.0109375 0.0296875
6 0.55703125 0.46484375 0.0140625 0.0328125
6 0.63125 0.46796875 0.0125 0.0296875
6 0.64921875 0.46796875 0.0140625 0.0296875
6 0.63515625 0.39296875 0.0109375 0.0265625
6 0.61953125 0.39140625 0.0140625 0.0296875
6 0.26328125 0.05390625 0.0234375 0.0328125
6 0.12734375 0.00859375 0.0328125 0.0171875
6 0.12421875 0.0984375 0.0265625 0.015625
6 0.12265625 0.07421875 0.0328125 0.0140625
6 0.11953125 0.12109375 0.0390625 0.0140625
6 0.12421875 0.053125 0.0265625 0.015625
6 0.2953125 0.16171875 0.028125 0.0140625
6 0.25546875 0.115625 0.0203125 0.028125
6 0.65703125 0.06328125 0.0265625 0.0328125
6 0.44453125 0.16484375 0.0234375 0.0109375
6 0.33671875 0.15 0.0328125 0.015625
6 0.2984375 0.1453125 0.028125 0.015625
6 0.4125 0.11953125 0.025 0.0328125
6 0.2671875 0.16015625 0.025 0.0140625
6 0.228125 0.15625 0.034375 0.01875
6 0.31640625 0.02890625 0.0234375 0.0296875
6 0.47734375 0.059375 0.0265625 0.034375
6 0.28984375 0.1171875 0.0265625 0.034375
6 0.44375 0.115625 0.021875 0.034375
6 0.1203125 0.03359375 0.034375 0.0171875
6 0.49296875 0.0609375 0.0234375 0.03125
6 0.4296875 0.05546875 0.021875 0.0296875
6 0.41015625 0.059375 0.0203125 0.028125
6 0.396875 0.05703125 0.021875 0.0296875
6 0.37734375 0.059375 0.0234375 0.03125
6 0.36171875 0.06015625 0.0234375 0.0328125
6 0.3453125 0.059375 0.028125 0.040625
6 0.5171875 0.02734375 0.025 0.0328125
6 0.70859375 0.121875 0.0234375 0.03125
6 0.49140625 0.03046875 0.0234375 0.0328125
6 0.56328125 0.034375 0.0234375 0.028125
6 0.6375 0.065625 0.028125 0.0375
6 0.62421875 0.0625 0.0234375 0.03125
6 0.5875 0.034375 0.025 0.034375
6 0.39140625 0.03046875 0.0265625 0.0359375
6 0.48984375 0.12421875 0.0234375 0.0296875
6 0.5625 0.121875 0.021875 0.03125
6 0.5875 0.12265625 0.028125 0.0328125
6 0.61015625 0.1234375 0.0234375 0.03125
