6 0.01796875 0.71328125 0.0296875 0.0171875
6 0.0328125 0.6078125 0.034375 0.01875
6 0.8625 0.92578125 0.015625 0.0359375
6 0.8421875 0.928125 0.015625 0.040625
6 0.67890625 0.96796875 0.0390625 0.0171875
6 0.82734375 0.92265625 0.0140625 0.0328125
5 0.73828125 0.95 0.0796875 0.021875
6 0.75859375 0.76171875 0.0359375 0.0203125
6 0.31171875 0.609375 0.0328125 0.01875
6 0.09140625 0.4609375 0.0140625 0.03125
6 0.1234375 0.3796875 0.015625 0.0375
6 0.1703125 0.3828125 0.015625 0.0375
6 0.21796875 0.46015625 0.0140625 0.0296875
6 0.18671875 0.459375 0.0140625 0.03125
6 0.13671875 0.4640625 0.0140625 0.034375
6 0.06015625 0.4578125 0.0140625 0.028125
6 0.028125 0.4546875 0.0125 0.028125
6 0.0125 0.45703125 0.0125 0.0265625
6 0.203125 0.384375 0.0125 0.028125
6 0.1859375 0.38359375 0.0125 0.0296875
6 0.1546875 0.3828125 0.015625 0.03125
6 0.13984375 0.38203125 0.0140625 0.0265625
6 0.10703125 0.378125 0.0109375 0.028125
6 0.0921875 0.38203125 0.015625 0.0328125
6 0.06015625 0.38203125 0.0140625 0.0328125
6 0.078125 0.38046875 0.0125 0.0296875
6 0.04375 0.3796875 0.0125 0.028125
6 0.871875 0.1640625 0.028125 0.0125
6 0.8734375 0.15078125 0.034375 0.0171875
6 0.76015625 0.14375 0.0265625 0.015625
6 0.840625 0.1234375 0.025 0.0375
6 0.7265625 0.13828125 0.034375 0.0171875
6 0.94609375 0.15078125 0.0296875 0.0140625
6 0.728125 0.1125 0.015625 0.034375
6 0.93125 0.3890625 0.0125 0.03125
6 0.89921875 0.38828125 0.0140625 0.0359375
6 0.85234375 0.3890625 0.0140625 0.0375
6 0.83671875 0.390625 0.0140625 0.034375
6 0.8375 0.1671875 0.028125 0.0125
6 0.8640625 0.1234375 0.028125 0.034375
6 0.7875 0.3890625 0.015625 0.034375
6 0.778125 0.06015625 0.025 0.0328125
6 0.7953125 0.0578125 0.025 0.034375
6 0.81171875 0.06171875 0.0234375 0.0328125
6 0.86796875 0.0296875 0.0265625 0.03125
6 0.94375 0.0265625 0.028125 0.034375
6 0.97109375 0.028125 0.0265625 0.03125
6 0.88125 0.121875 0.021875 0.03125
6 0.94375 0.06171875 0.028125 0.0390625
6 0.9671875 0.1234375 0.028125 0.040625
6 0.92734375 0.11953125 0.0234375 0.0328125
6 0.89609375 0.12109375 0.0265625 0.0328125
6 0.80546875 0.390625 0.0140625 0.03125
6 0.75625 0.38671875 0.0125 0.0328125
6 0.9625 0.3890625 0.015625 0.0375
6 0.94609375 0.3890625 0.0109375 0.03125
6 0.91640625 0.3875 0.0140625 0.034375
6 0.88359375 0.3875 0.0140625 0.028125
6 0.86875 0.39375 0.0125 0.03125
6 0.82109375 0.3875 0.0109375 0.028125
6 0.771875 0.3875 0.0125 0.028125
6 0.81171875 0.3265625 0.0234375 0.0125
6 0.709375 0.3875 0.0125 0.034375
6 0.675 0.38515625 0.0125 0.0265625
6 0.81953125 0.46171875 0.0109375 0.0296875
6 0.9296875 0.46640625 0.0125 0.0265625
6 0.67734375 0.4640625 0.0109375 0.028125
6 0.70703125 0.465625 0.0140625 0.028125
6 0.8984375 0.46171875 0.015625 0.0265625
6 0.91484375 0.4625 0.0140625 0.028125
6 0.834375 0.46328125 0.0125 0.0328125
6 0.80234375 0.4609375 0.0140625 0.0375
6 0.95859375 0.46484375 0.0140625 0.0359375
6 0.97890625 0.39140625 0.0140625 0.0328125
6 0.7390625 0.38828125 0.015625 0.0328125
6 0.85 0.46640625 0.0125 0.0296875
6 0.7234375 0.38828125 0.015625 0.0328125
6 0.69296875 0.3875 0.0140625 0.0375
6 0.66015625 0.384375 0.0140625 0.025
6 0.6625 0.4609375 0.0125 0.03125
6 0.6921875 0.46484375 0.0125 0.0296875
6 0.72421875 0.46484375 0.0109375 0.0328125
6 0.73984375 0.4625 0.0140625 0.028125
6 0.75703125 0.4640625 0.0140625 0.03125
6 0.7734375 0.46640625 0.0125 0.0328125
6 0.7859375 0.4625 0.0125 0.03125
6 0.865625 0.46484375 0.009375 0.0296875
6 0.88359375 0.46328125 0.0140625 0.0296875
6 0.94375 0.46640625 0.009375 0.0296875
6 0.97734375 0.46640625 0.0140625 0.0296875
6 0.76328125 0.05390625 0.0234375 0.0328125
6 0.0296875 0.378125 0.015625 0.0375
6 0.49296875 0.12578125 0.0296875 0.0140625
6 0.490625 0.109375 0.028125 0.015625
6 0.4921875 0.09375 0.0375 0.015625
6 0.4953125 0.0765625 0.028125 0.015625
6 0.49140625 0.046875 0.0296875 0.015625
6 0.49140625 0.0296875 0.0296875 0.0125
6 0.48984375 0.0140625 0.0359375 0.01875
6 0.62734375 0.00859375 0.0328125 0.0171875
6 0.62421875 0.0984375 0.0265625 0.015625
6 0.46640625 0.07734375 0.0140625 0.0265625
6 0.465625 0.04375 0.0125 0.025
6 0.4640625 0.11484375 0.015625 0.0359375
6 0.62265625 0.07421875 0.0328125 0.0140625
6 0.20234375 0.4640625 0.0140625 0.028125
6 0.0125 0.38046875 0.0125 0.0296875
6 0.2640625 0.46015625 0.0125 0.0328125
6 0.24765625 0.46015625 0.0140625 0.0328125
6 0.23203125 0.4640625 0.0140625 0.03125
6 0.17109375 0.46484375 0.0140625 0.0296875
6 0.0765625 0.45859375 0.015625 0.0328125
6 0.1078125 0.45859375 0.0125 0.0328125
6 0.04296875 0.4546875 0.0140625 0.03125
6 0.61953125 0.12109375 0.0390625 0.0140625
6 0.62421875 0.053125 0.0265625 0.015625
6 0.7953125 0.16171875 0.028125 0.0140625
6 0.75546875 0.115625 0.0203125 0.028125
6 0.94453125 0.16484375 0.0234375 0.0109375
6 0.83671875 0.15 0.0328125 0.015625
6 0.7984375 0.1453125 0.028125 0.015625
6 0.9125 0.11953125 0.025 0.0328125
6 0.7671875 0.16015625 0.025 0.0140625
6 0.728125 0.15625 0.034375 0.01875
6 0.81640625 0.02890625 0.0234375 0.0296875
6 0.97734375 0.059375 0.0265625 0.034375
6 0.78984375 0.1171875 0.0265625 0.034375
6 0.94375 0.115625 0.021875 0.034375
6 0.6203125 0.03359375 0.034375 0.0171875
6 0.9296875 0.05546875 0.021875 0.0296875
6 0.91015625 0.059375 0.0203125 0.028125
6 0.896875 0.05703125 0.021875 0.0296875
6 0.87734375 0.059375 0.0234375 0.03125
6 0.86171875 0.06015625 0.0234375 0.0328125
6 0.8453125 0.059375 0.028125 0.040625
6 0.89140625 0.03046875 0.0265625 0.0359375
