6 0.9734375 0.14765625 0.03125 0.0140625
6 0.97421875 0.1625 0.0296875 0.015625
6 0.971875 0.1296875 0.03125 0.015625
6 0.85703125 0.05703125 0.0109375 0.0296875
6 0.35234375 0.03671875 0.0140625 0.0296875
6 0.353125 0.07265625 0.0125 0.0296875
6 0.3515625 0.1265625 0.0125 0.03125
6 0.34609375 0.1625 0.0109375 0.034375
6 0.3453125 0.20625 0.015625 0.040625
5 0.37109375 0.16171875 0.0140625 0.0359375
6 0.34453125 0.246875 0.0140625 0.028125
5 0.6546875 0.29140625 0.0125 0.0296875
6 0.79453125 0.7859375 0.0140625 0.03125
6 0.9375 0.7140625 0.015625 0.03125
6 0.9203125 0.71796875 0.015625 0.0359375
6 0.8734375 0.71328125 0.015625 0.0359375
6 0.98984375 0.78984375 0.0140625 0.0328125
6 0.975 0.78828125 0.015625 0.0328125
6 0.89453125 0.7890625 0.0140625 0.028125
6 0.84375 0.78984375 0.0125 0.0234375
6 0.87578125 0.78671875 0.0171875 0.0359375
6 0.91015625 0.78515625 0.0140625 0.0296875
6 0.81171875 0.7890625 0.0140625 0.025
6 0.7796875 0.7859375 0.0125 0.03125
6 0.96796875 0.7171875 0.0140625 0.034375
6 0.76484375 0.784375 0.0140625 0.03125
6 0.715625 0.77890625 0.015625 0.0328125
6 0.6953125 0.78125 0.0125 0.028125
6 0.66328125 0.78125 0.0140625 0.03125
6 0.6 0.77734375 0.015625 0.0296875
6 0.51015625 0.77734375 0.0140625 0.0296875
6 0.56953125 0.82265625 0.0140625 0.0296875
6 0.58671875 0.821875 0.0140625 0.025
6 0.54765625 0.821875 0.0140625 0.028125
6 0.9515625 0.71640625 0.015625 0.0296875
6 0.984375 0.7109375 0.0125 0.03125
5 0.640625 0.290625 0.009375 0.03125
6 0.28359375 0.50859375 0.0296875 0.0140625
5 0.62421875 0.28984375 0.0140625 0.0328125
5 0.59375 0.2875 0.015625 0.03125
5 0.578125 0.2875 0.015625 0.03125
6 0.28671875 0.3640625 0.0328125 0.015625
6 0.28828125 0.3953125 0.0296875 0.015625
6 0.28828125 0.41171875 0.0296875 0.0140625
6 0.28671875 0.4578125 0.0328125 0.015625
6 0.2875 0.4734375 0.03125 0.015625
6 0.2875 0.48984375 0.03125 0.0140625
6 0.4234375 0.37578125 0.03125 0.0171875
5 0.940625 0.78671875 0.015625 0.0359375
6 0.4390625 0.490625 0.034375 0.01875
6 0.42890625 0.5578125 0.0328125 0.015625
6 0.428125 0.60390625 0.034375 0.0203125
6 0.4328125 0.62265625 0.0375 0.0140625
6 0.64609375 0.346875 0.0296875 0.015625
6 0.5703125 0.7046875 0.01875 0.034375
6 0.47265625 0.7 0.0171875 0.03125
6 0.45390625 0.69921875 0.0140625 0.0296875
6 0.4296875 0.7 0.015625 0.03125
5 0.675 0.7125 0.028125 0.034375
6 0.85703125 0.9578125 0.0140625 0.028125
6 0.88984375 0.9609375 0.0140625 0.028125
6 0.98359375 0.9625 0.0140625 0.028125
6 0.68359375 0.95390625 0.0140625 0.0296875
6 0.62109375 0.953125 0.0109375 0.03125
6 0.6546875 0.90625 0.015625 0.028125
6 0.6375 0.90390625 0.015625 0.0296875
5 0.82734375 0.909375 0.0140625 0.03125
6 0.75 0.90703125 0.015625 0.0296875
6 0.77578125 0.9578125 0.0140625 0.028125
6 0.76640625 0.90859375 0.0171875 0.0296875
5 0.8484375 0.834375 0.015625 0.0375
6 0.50859375 0.82109375 0.0140625 0.0265625
5 0.74609375 0.7796875 0.0171875 0.0375
6 0.63203125 0.78046875 0.0140625 0.0265625
6 0.67890625 0.77890625 0.0140625 0.0328125
6 0.584375 0.77734375 0.0125 0.0296875
6 0.56796875 0.7765625 0.0140625 0.03125
6 0.49140625 0.77890625 0.0140625 0.0265625
6 0.67109375 0.82734375 0.0140625 0.0296875
6 0.734375 0.82734375 0.0125 0.0296875
6 0.815625 0.83203125 0.015625 0.0296875
6 0.87578125 0.83359375 0.0140625 0.0296875
6 0.7828125 0.91015625 0.0125 0.0265625
6 0.89296875 0.8328125 0.0140625 0.028125
6 0.92265625 0.83359375 0.0140625 0.0296875
6 0.9390625 0.834375 0.0125 0.028125
6 0.95546875 0.83359375 0.0109375 0.0265625
6 0.98671875 0.834375 0.0140625 0.028125
6 0.93828125 0.9140625 0.0140625 0.028125
6 0.89140625 0.9109375 0.0171875 0.034375
6 0.87578125 0.9125 0.0140625 0.028125
6 0.86015625 0.91328125 0.0140625 0.0265625
6 0.796875 0.9109375 0.015625 0.028125
5 0.12578125 0.73984375 0.0140625 0.0328125
6 0.70234375 0.82734375 0.0140625 0.0296875
6 0.46640625 0.09296875 0.0234375 0.0421875
6 0.10859375 0.73671875 0.0109375 0.0265625
6 0.0125 0.7375 0.0125 0.03125
6 0.06171875 0.7390625 0.0109375 0.03125
6 0.0453125 0.73984375 0.015625 0.0328125
6 0.03046875 0.73984375 0.0140625 0.0328125
6 0.3546875 0.709375 0.028125 0.034375
6 0.68515625 0.82734375 0.0140625 0.0296875
6 0.71953125 0.82890625 0.0140625 0.0265625
6 0.75234375 0.83046875 0.0109375 0.0265625
6 0.6375 0.953125 0.0125 0.028125
6 0.95234375 0.9609375 0.0140625 0.028125
6 0.9671875 0.9625 0.0125 0.03125
6 0.93515625 0.9609375 0.0140625 0.028125
6 0.9203125 0.9609375 0.0125 0.028125
6 0.73046875 0.95390625 0.0140625 0.0296875
6 0.71484375 0.9546875 0.0140625 0.025
6 0.7 0.953125 0.0125 0.028125
6 0.6875 0.9046875 0.0125 0.028125
6 0.6703125 0.90546875 0.0125 0.0265625
6 0.62109375 0.90390625 0.0140625 0.0265625
6 0.71640625 0.90546875 0.0140625 0.0265625
6 0.73359375 0.90546875 0.0140625 0.0328125
6 0.8125 0.909375 0.0125 0.028125
6 0.921875 0.91484375 0.0125 0.0296875
6 0.953125 0.9171875 0.0125 0.028125
6 0.96875 0.91328125 0.0125 0.0296875
6 0.984375 0.91640625 0.0125 0.0296875
6 0.78203125 0.82890625 0.0140625 0.0265625
