4 0.35 0.421875 0.290625 0.31875
4 0.746875 0.4125 0.29375 0.33125
6 0.44453125 0.846875 0.0140625 0.03125
6 0.53828125 0.87890625 0.0140625 0.0265625
6 0.4453125 0.8796875 0.0125 0.028125
6 0.3421875 0.77265625 0.015625 0.0390625
6 0.9171875 0.89140625 0.0125 0.0296875
6 0.8703125 0.88984375 0.015625 0.0296875
6 0.77578125 0.88984375 0.0140625 0.0296875
6 0.7609375 0.890625 0.015625 0.025
6 0.7796875 0.85546875 0.015625 0.0296875
6 0.7125 0.88671875 0.015625 0.0296875
6 0.69765625 0.85234375 0.0140625 0.0265625
6 0.61796875 0.88046875 0.0140625 0.0328125
6 0.50546875 0.88125 0.0171875 0.034375
6 0.42734375 0.878125 0.0140625 0.03125
6 0.38046875 0.8765625 0.0140625 0.03125
6 0.36328125 0.84296875 0.0140625 0.0296875
6 0.7046875 0.78125 0.0125 0.025
6 0.67734375 0.9578125 0.0140625 0.028125
6 0.5828125 0.9546875 0.015625 0.03125
6 0.55234375 0.95234375 0.0140625 0.0296875
6 0.52109375 0.94765625 0.0140625 0.0328125
6 0.45234375 0.77578125 0.0140625 0.0359375
6 0.471875 0.95 0.015625 0.028125
6 0.88671875 0.89140625 0.0140625 0.0328125
6 0.90234375 0.89296875 0.0140625 0.0328125
6 0.91796875 0.8609375 0.0140625 0.03125
6 0.84765625 0.85390625 0.0203125 0.0359375
6 0.6640625 0.8828125 0.015625 0.0375
6 0.728125 0.88828125 0.0125 0.0296875
6 0.6484375 0.8859375 0.0125 0.0375
6 0.6 0.88046875 0.0125 0.0359375
6 0.45703125 0.878125 0.0140625 0.034375
6 0.41015625 0.94765625 0.0140625 0.0296875
6 0.565625 0.95390625 0.0125 0.0265625
6 0.76171875 0.859375 0.0140625 0.028125
6 0.59921875 0.95390625 0.0140625 0.0328125
6 0.61484375 0.9515625 0.0140625 0.03125
6 0.5359375 0.9484375 0.015625 0.0375
6 0.425 0.94921875 0.0125 0.0296875
6 0.63125 0.88046875 0.015625 0.0390625
6 0.64609375 0.95234375 0.0140625 0.0265625
6 0.6921875 0.95859375 0.0125 0.0265625
6 0.70703125 0.95703125 0.0140625 0.0359375
6 0.740625 0.959375 0.0125 0.028125
6 0.75625 0.959375 0.0125 0.028125
6 0.74375 0.890625 0.015625 0.03125
6 0.7296875 0.85625 0.015625 0.028125
6 0.76640625 0.78828125 0.0109375 0.0296875
6 0.4734375 0.98203125 0.0125 0.0296875
6 0.87578125 0.7890625 0.0140625 0.034375
6 0.86171875 0.7890625 0.0140625 0.028125
6 0.84609375 0.78515625 0.0140625 0.0265625
6 0.79921875 0.7875 0.0140625 0.028125
6 0.7828125 0.7875 0.015625 0.034375
6 0.75234375 0.7875 0.0140625 0.03125
6 0.68125 0.85234375 0.0125 0.0265625
6 0.71953125 0.7859375 0.0140625 0.03125
6 0.68828125 0.78515625 0.0171875 0.0390625
6 0.59453125 0.78359375 0.0140625 0.0296875
6 0.56171875 0.7796875 0.0171875 0.0375
6 0.515625 0.78203125 0.015625 0.0328125
6 0.390625 0.775 0.015625 0.0375
6 0.47421875 0.846875 0.0109375 0.028125
6 0.38046875 0.840625 0.0171875 0.0375
6 0.56796875 0.88515625 0.0171875 0.0296875
6 0.66640625 0.8515625 0.0109375 0.028125
6 0.43515625 0.775 0.0140625 0.0375
6 0.6734375 0.7796875 0.0125 0.03125
6 0.8671875 0.9625 0.0125 0.03125
5 0.57734375 0.171875 0.1265625 0.025
6 0.81484375 0.7875 0.0140625 0.034375
6 0.9265625 0.78984375 0.015625 0.0328125
6 0.77265625 0.9609375 0.0140625 0.028125
6 0.1984375 0.12421875 0.03125 0.0140625
6 0.4234375 0.98203125 0.0125 0.0296875
6 0.58203125 0.98359375 0.0140625 0.0296875
6 0.43984375 0.98046875 0.0140625 0.0328125
