6 0.89765625 0.24296875 0.0140625 0.0296875
6 0.88046875 0.23984375 0.0140625 0.0296875
6 0.8015625 0.23828125 0.015625 0.0296875
6 0.73828125 0.2359375 0.0140625 0.028125
6 0.77109375 0.2375 0.0140625 0.03125
6 0.7546875 0.2359375 0.0125 0.028125
6 0.72421875 0.23515625 0.0140625 0.0328125
6 0.6921875 0.23671875 0.0125 0.0328125
6 0.67578125 0.23203125 0.0109375 0.0265625
6 0.6609375 0.234375 0.0125 0.03125
6 0.628125 0.23515625 0.0125 0.0265625
6 0.61328125 0.23125 0.0109375 0.028125
6 0.5953125 0.23203125 0.015625 0.0359375
6 0.53671875 0.21015625 0.0140625 0.0296875
6 0.51796875 0.2125 0.0171875 0.0375
6 0.50078125 0.209375 0.0140625 0.03125
6 0.45234375 0.20390625 0.0140625 0.0265625
6 0.48515625 0.20625 0.0109375 0.03125
6 0.14921875 0.83125 0.0171875 0.034375
5 0.2359375 0.8515625 0.015625 0.0375
6 0.23671875 0.8140625 0.0109375 0.03125
6 0.6984375 0.62421875 0.03125 0.0140625
