6 0.3078125 0.93984375 0.03125 0.0140625
6 0.30859375 0.83828125 0.0359375 0.0171875
6 0.8 0.31484375 0.034375 0.0140625
6 0.7984375 0.22734375 0.034375 0.0171875
6 0.7984375 0.2078125 0.025 0.0125
6 0.30546875 0.9578125 0.0296875 0.015625
6 0.31171875 0.85859375 0.0296875 0.0140625
6 0.79921875 0.3328125 0.0328125 0.015625
6 0.98203125 0.73984375 0.0140625 0.0328125
6 0.95078125 0.7390625 0.0140625 0.034375
6 0.834375 0.73671875 0.03125 0.0171875
6 0.78828125 0.62734375 0.0296875 0.0140625
6 0.84140625 0.3484375 0.0296875 0.021875
6 0.3296875 0.4984375 0.028125 0.015625
6 0.334375 0.41484375 0.028125 0.0171875
