6 0.96953125 0.40625 0.0265625 0.028125
6 0.8921875 0.34140625 0.021875 0.0265625
6 0.8203125 0.05625 0.028125 0.015625
6 0.94921875 0.178125 0.0296875 0.021875
6 0.95390625 0.19375 0.0328125 0.028125
6 0.89453125 0.23515625 0.0328125 0.0265625
6 0.88359375 0.221875 0.0328125 0.03125
6 0.87421875 0.20703125 0.0296875 0.0265625
6 0.865625 0.19453125 0.028125 0.0234375
6 0.86171875 0.18125 0.0296875 0.021875
6 0.8375 0.11796875 0.028125 0.0203125
6 0.8296875 0.10390625 0.03125 0.0203125
6 0.85 0.22265625 0.025 0.0234375
6 0.90625 0.35 0.025 0.028125
6 0.8390625 0.21484375 0.03125 0.0328125
6 0.8265625 0.2015625 0.028125 0.028125
6 0.815625 0.190625 0.028125 0.028125
6 0.78984375 0.1703125 0.0265625 0.025
6 0.67265625 0.38828125 0.0265625 0.0265625
6 0.73984375 0.23984375 0.0296875 0.0296875
6 0.7546875 0.24765625 0.028125 0.0296875
6 0.76796875 0.26015625 0.0265625 0.0296875
6 0.846875 0.31640625 0.028125 0.0359375
6 0.8609375 0.325 0.021875 0.028125
6 0.93203125 0.1484375 0.0234375 0.021875
6 0.96015625 0.3953125 0.0328125 0.034375
6 0.9796875 0.42109375 0.021875 0.0265625
6 0.94765625 0.38515625 0.0296875 0.0359375
6 0.809375 0.01171875 0.0375 0.0171875
6 0.85390625 0.1671875 0.0296875 0.025
6 0.81640625 0.0390625 0.0359375 0.021875
6 0.821875 0.07265625 0.040625 0.0234375
6 0.82890625 0.0890625 0.0328125 0.01875
6 0.8390625 0.13515625 0.028125 0.0203125
6 0.84765625 0.15 0.0390625 0.03125
6 0.965625 0.20625 0.028125 0.028125
6 0.93515625 0.3734375 0.0265625 0.028125
6 0.978125 0.2171875 0.028125 0.03125
6 0.7171875 0.209375 0.028125 0.028125
6 0.728125 0.225 0.040625 0.034375
6 0.775 0.27890625 0.028125 0.0296875
6 0.79140625 0.2828125 0.0296875 0.034375
6 0.80234375 0.29296875 0.0296875 0.0296875
6 0.81875 0.3015625 0.028125 0.03125
6 0.87734375 0.33515625 0.0234375 0.0328125
6 0.92421875 0.3609375 0.0296875 0.028125
6 0.94140625 0.16328125 0.0296875 0.0265625
6 0.925 0.13515625 0.028125 0.0234375
6 0.22890625 0.06796875 0.0265625 0.0296875
5 0.60703125 0.41875 0.1203125 0.103125
6 0.2953125 0.1359375 0.0375 0.034375
6 0.44375 0.30546875 0.034375 0.0296875
6 0.57578125 0.41953125 0.0328125 0.0328125
6 0.91796875 0.12109375 0.0296875 0.0203125
6 0.88515625 0.01015625 0.0296875 0.0203125
6 0.88671875 0.02734375 0.0296875 0.0203125
6 0.89140625 0.04140625 0.0328125 0.0171875
6 0.9 0.0765625 0.021875 0.015625
6 0.8953125 0.06171875 0.03125 0.0203125
6 0.91171875 0.10546875 0.0296875 0.0234375
