6 0.4359375 0.759375 0.03125 0.015625
6 0.721875 0.22265625 0.034375 0.0265625
6 0.8125 0.26953125 0.03125 0.0234375
6 0.3296875 0.403125 0.034375 0.015625
6 0.43671875 0.68046875 0.0296875 0.0109375
6 0.434375 0.7921875 0.03125 0.015625
6 0.4375 0.66640625 0.028125 0.0171875
6 0.43203125 0.7453125 0.0328125 0.015625
6 0.43203125 0.7765625 0.0296875 0.015625
6 0.3609375 0.75078125 0.0125 0.0265625
6 0.35390625 0.91640625 0.0109375 0.0296875
6 0.3546875 0.959375 0.0125 0.0375
6 0.35625 0.88359375 0.0125 0.0359375
