6 0.9734375 0.64765625 0.03125 0.0140625
6 0.97421875 0.6625 0.0296875 0.015625
6 0.971875 0.6296875 0.03125 0.015625
6 0.4359375 0.259375 0.03125 0.015625
6 0.43671875 0.18046875 0.0296875 0.0109375
6 0.434375 0.2921875 0.03125 0.015625
6 0.4375 0.16640625 0.028125 0.0171875
6 0.43203125 0.2453125 0.0328125 0.015625
6 0.43203125 0.2765625 0.0296875 0.015625
6 0.85703125 0.55703125 0.0109375 0.0296875
6 0.3609375 0.25078125 0.0125 0.0265625
6 0.35390625 0.41640625 0.0109375 0.0296875
6 0.3546875 0.459375 0.0125 0.0375
6 0.353125 0.4984375 0.0125 0.0375
6 0.35234375 0.53671875 0.0140625 0.0296875
6 0.353125 0.57265625 0.0125 0.0296875
6 0.3515625 0.6265625 0.0125 0.03125
6 0.34609375 0.6625 0.0109375 0.034375
6 0.3453125 0.70625 0.015625 0.040625
5 0.37109375 0.66171875 0.0140625 0.0359375
6 0.34453125 0.746875 0.0140625 0.028125
5 0.6546875 0.79140625 0.0125 0.0296875
5 0.640625 0.790625 0.009375 0.03125
5 0.62421875 0.78984375 0.0140625 0.0328125
5 0.59375 0.7875 0.015625 0.03125
5 0.578125 0.7875 0.015625 0.03125
6 0.35625 0.38359375 0.0125 0.0359375
6 0.28671875 0.8640625 0.0328125 0.015625
6 0.28828125 0.8953125 0.0296875 0.015625
6 0.28828125 0.91171875 0.0296875 0.0140625
6 0.28671875 0.9578125 0.0328125 0.015625
6 0.2875 0.9734375 0.03125 0.015625
6 0.2875 0.98984375 0.03125 0.0140625
6 0.4234375 0.87578125 0.03125 0.0171875
6 0.64609375 0.846875 0.0296875 0.015625
6 0.46640625 0.59296875 0.0234375 0.0421875
