4 0.41328125 0.4921875 0.3984375 0.446875
6 0.92265625 0.08359375 0.0109375 0.0265625
6 0.9859375 0.08359375 0.0125 0.0265625
6 0.9703125 0.08125 0.015625 0.03125
6 0.9234375 0.05 0.0125 0.03125
6 0.8625 0.15234375 0.015625 0.0296875
6 0.846875 0.1515625 0.015625 0.03125
6 0.91015625 0.15625 0.0140625 0.03125
6 0.85859375 0.08125 0.0140625 0.03125
6 0.9078125 0.0515625 0.0125 0.03125
6 0.97265625 0.15625 0.0140625 0.03125
6 0.93984375 0.04921875 0.0140625 0.0296875
6 0.95703125 0.15390625 0.0140625 0.0296875
6 0.18671875 0.025 0.0359375 0.015625
6 0.9875 0.15234375 0.015625 0.0328125
6 0.87578125 0.0484375 0.0140625 0.028125
5 0.71875 0.74765625 0.0125 0.0296875
5 0.7015625 0.7515625 0.0125 0.03125
5 0.628125 0.7515625 0.015625 0.034375
6 0.84375 0.05078125 0.0125 0.0296875
6 0.890625 0.0828125 0.015625 0.0375
6 0.9875 0.05390625 0.0125 0.0265625
6 0.546875 0.8078125 0.03125 0.015625
5 0.11015625 0.36953125 0.0203125 0.0421875
6 0.1140625 0.459375 0.0125 0.028125
6 0.115625 0.5109375 0.0125 0.03125
6 0.11328125 0.59453125 0.0140625 0.0296875
6 0.11640625 0.68671875 0.0328125 0.0203125
