6 0.64296875 0.39453125 0.0328125 0.0171875
6 0.71875 0.03515625 0.034375 0.0140625
6 0.7171875 0.0671875 0.034375 0.015625
6 0.72109375 0.05078125 0.0359375 0.0140625
6 0.71640625 0.08203125 0.0359375 0.0140625
6 0.196875 0.24375 0.015625 0.03125
6 0.26484375 0.25234375 0.0140625 0.0296875
6 0.28203125 0.25703125 0.0140625 0.0390625
6 0.24765625 0.2578125 0.0140625 0.03125
6 0.23046875 0.25234375 0.0171875 0.0359375
6 0.175 0.2453125 0.01875 0.034375
5 0.07734375 0.671875 0.1265625 0.025
6 0.85 0.01484375 0.0125 0.0296875
6 0.896875 0.01640625 0.0125 0.0265625
6 0.97734375 0.01953125 0.0140625 0.0296875
6 0.9296875 0.015625 0.015625 0.03125
6 0.88203125 0.01640625 0.0140625 0.0296875
6 0.71796875 0.1015625 0.0296875 0.015625
6 0.71796875 0.01875 0.0296875 0.015625
