6 0.590625 0.0203125 0.025 0.034375
6 0.57421875 0.01796875 0.0203125 0.0296875
6 0.48046875 0.0171875 0.0265625 0.03125
6 0.55390625 0.0203125 0.0234375 0.028125
6 0.23359375 0.1234375 0.0109375 0.028125
6 0.18515625 0.12109375 0.0140625 0.0296875
6 0.16875 0.12265625 0.0125 0.0296875
6 0.15390625 0.121875 0.0109375 0.028125
6 0.0265625 0.1171875 0.0125 0.028125
6 0.06015625 0.08671875 0.0140625 0.0328125
6 0.08984375 0.1203125 0.0140625 0.025
6 0.04609375 0.0875 0.0140625 0.03125
6 0.6640625 0.01953125 0.025 0.0296875
6 0.2015625 0.090625 0.0125 0.03125
6 0.1234375 0.08984375 0.0125 0.0296875
6 0.2359375 0.090625 0.0125 0.028125
6 0.2 0.215625 0.0125 0.03125
6 0.16640625 0.21171875 0.0140625 0.0296875
6 0.12109375 0.21484375 0.0140625 0.0296875
6 0.0734375 0.21171875 0.015625 0.0296875
6 0.0578125 0.2109375 0.0125 0.028125
6 0.02578125 0.2125 0.0140625 0.028125
6 0.0109375 0.2109375 0.015625 0.028125
6 0.53515625 0.01953125 0.0265625 0.0328125
6 0.64375 0.02265625 0.03125 0.0390625
6 0.5 0.015625 0.028125 0.03125
6 0.1984375 0.47421875 0.015625 0.0296875
6 0.22578125 0.328125 0.0140625 0.03125
6 0.0203125 0.3234375 0.015625 0.03125
6 0.40546875 0.48203125 0.0109375 0.0296875
6 0.3734375 0.48046875 0.0125 0.0328125
6 0.340625 0.48046875 0.015625 0.0359375
6 0.32578125 0.47890625 0.0140625 0.0296875
6 0.309375 0.47734375 0.015625 0.0328125
6 0.2921875 0.4796875 0.015625 0.0375
6 0.24765625 0.47421875 0.0140625 0.0296875
6 0.2140625 0.47109375 0.015625 0.0296875
6 0.15078125 0.47109375 0.0140625 0.0296875
6 0.2078125 0.36171875 0.0125 0.0265625
6 0.134375 0.4703125 0.0125 0.028125
6 0.18125 0.471875 0.0125 0.028125
6 0.165625 0.47265625 0.0125 0.0296875
6 0.1296875 0.3578125 0.0125 0.028125
6 0.08203125 0.35859375 0.0140625 0.0296875
6 0.06796875 0.35703125 0.0140625 0.0328125
6 0.24140625 0.3328125 0.0171875 0.03125
6 0.22265625 0.36328125 0.0140625 0.0296875
6 0.10390625 0.4734375 0.0140625 0.03125
6 0.425 0.48203125 0.015625 0.0328125
6 0.2296875 0.4734375 0.015625 0.03125
6 0.2765625 0.4765625 0.015625 0.03125
6 0.38671875 0.48046875 0.0140625 0.0296875
6 0.35625 0.47890625 0.0125 0.0296875
6 0.24609375 0.44375 0.0140625 0.03125
6 0.2609375 0.471875 0.015625 0.025
6 0.08359375 0.325 0.0140625 0.03125
6 0.0671875 0.32421875 0.0125 0.0328125
6 0.03671875 0.3234375 0.0140625 0.034375
6 0.08984375 0.4375 0.0140625 0.028125
6 0.10703125 0.43828125 0.0109375 0.0296875
6 0.13671875 0.43984375 0.0140625 0.0296875
6 0.1828125 0.44140625 0.0125 0.0296875
6 0.2140625 0.43828125 0.0125 0.0296875
6 0.22890625 0.440625 0.0140625 0.03125
6 0.1203125 0.47109375 0.015625 0.0359375
6 0.08828125 0.46953125 0.0140625 0.0265625
6 0.0078125 0.43359375 0.015625 0.0328125
6 0.03984375 0.57890625 0.0140625 0.0296875
6 0.29140625 0.5484375 0.0140625 0.03125
6 0.1015625 0.5765625 0.0125 0.028125
6 0.11640625 0.57421875 0.0140625 0.0296875
6 0.1328125 0.57890625 0.0125 0.0296875
6 0.1953125 0.58046875 0.015625 0.0265625
6 0.4046875 0.58828125 0.015625 0.0296875
6 0.2578125 0.66640625 0.015625 0.0296875
6 0.20859375 0.659375 0.0140625 0.034375
6 0.1609375 0.65546875 0.0125 0.0296875
6 0.11484375 0.653125 0.0140625 0.03125
6 0.17890625 0.578125 0.0109375 0.028125
6 0.27578125 0.5515625 0.0140625 0.03125
6 0.30546875 0.55390625 0.0109375 0.0265625
6 0.071875 0.4703125 0.0125 0.025
6 0.0578125 0.46875 0.015625 0.028125
6 0.02421875 0.46796875 0.0109375 0.0296875
6 0.009375 0.465625 0.0125 0.03125
6 0.0421875 0.46640625 0.015625 0.0234375
6 0.353125 0.55390625 0.0125 0.0328125
6 0.41875 0.5578125 0.0125 0.034375
6 0.403125 0.55859375 0.0125 0.0265625
6 0.3875 0.55703125 0.0125 0.0328125
6 0.37109375 0.559375 0.0109375 0.03125
6 0.025 0.43203125 0.015625 0.0359375
6 0.0828125 0.65703125 0.0125 0.0328125
6 0.25 0.125 0.015625 0.028125
6 0.2171875 0.12734375 0.0125 0.0296875
6 0.2015625 0.121875 0.0125 0.028125
6 0.1390625 0.1234375 0.015625 0.025
6 0.12421875 0.12265625 0.0140625 0.0296875
6 0.10703125 0.1203125 0.0140625 0.028125
6 0.07734375 0.12578125 0.0140625 0.0296875
6 0.059375 0.1203125 0.0125 0.03125
6 0.04375 0.1171875 0.015625 0.028125
6 0.04140625 0.21328125 0.0140625 0.0328125
6 0.0140625 0.0890625 0.0125 0.028125
6 0.08984375 0.2125 0.0171875 0.03125
6 0.1046875 0.2140625 0.015625 0.03125
6 0.1359375 0.21640625 0.0125 0.0296875
6 0.15234375 0.21640625 0.0140625 0.0328125
6 0.184375 0.21484375 0.015625 0.0359375
6 0.21484375 0.21640625 0.0140625 0.0328125
6 0.23125 0.2171875 0.0125 0.03125
6 0.24765625 0.21796875 0.0140625 0.0296875
6 0.2453125 0.25234375 0.015625 0.0359375
6 0.2296875 0.25234375 0.0125 0.0265625
6 0.02890625 0.08828125 0.0140625 0.0234375
6 0.19921875 0.25 0.0140625 0.028125
6 0.446875 0.015625 0.025 0.028125
6 0.33515625 0.0140625 0.0234375 0.028125
6 0.0765625 0.090625 0.015625 0.03125
6 0.26640625 0.096875 0.0140625 0.028125
6 0.2484375 0.09453125 0.0125 0.0296875
6 0.21875 0.0953125 0.0125 0.03125
6 0.18828125 0.0890625 0.0140625 0.03125
6 0.1703125 0.090625 0.009375 0.03125
6 0.1546875 0.0921875 0.0125 0.028125
6 0.13828125 0.09296875 0.0109375 0.0296875
6 0.10859375 0.08671875 0.0171875 0.0328125
6 0.090625 0.0890625 0.0125 0.028125
6 0.2140625 0.2546875 0.015625 0.034375
6 0.18203125 0.253125 0.0171875 0.034375
6 0.04140625 0.43515625 0.0140625 0.0296875
6 0.16171875 0.32734375 0.0140625 0.0359375
6 0.1453125 0.33046875 0.0125 0.0296875
6 0.1453125 0.3609375 0.0125 0.034375
6 0.11328125 0.3578125 0.0140625 0.028125
6 0.09765625 0.36015625 0.0140625 0.0296875
6 0.05078125 0.3578125 0.0140625 0.03125
6 0.0515625 0.32578125 0.015625 0.0296875
6 0.034375 0.35390625 0.0125 0.0265625
6 0.01796875 0.35390625 0.0140625 0.0265625
6 0.178125 0.32890625 0.015625 0.0296875
6 0.09765625 0.328125 0.0140625 0.03125
6 0.26171875 0.44296875 0.0140625 0.0328125
6 0.19765625 0.43984375 0.0140625 0.0296875
6 0.16796875 0.440625 0.0140625 0.03125
6 0.1515625 0.4390625 0.015625 0.03125
6 0.07265625 0.43828125 0.0140625 0.0328125
6 0.05703125 0.43828125 0.0140625 0.0296875
6 0.17734375 0.36171875 0.0109375 0.0265625
6 0.20859375 0.328125 0.0171875 0.0375
6 0.165625 0.24765625 0.0125 0.0296875
6 0.1515625 0.24765625 0.015625 0.0296875
6 0.13359375 0.24765625 0.0109375 0.0296875
6 0.11875 0.246875 0.0125 0.03125
6 0.1046875 0.24609375 0.015625 0.0296875
6 0.08671875 0.24765625 0.0140625 0.0359375
6 0.0734375 0.24453125 0.015625 0.0296875
6 0.05703125 0.24375 0.0171875 0.028125
6 0.040625 0.24375 0.0125 0.028125
6 0.02421875 0.24375 0.0140625 0.028125
6 0.009375 0.24375 0.015625 0.028125
6 0.38125 0.33359375 0.015625 0.0328125
6 0.19296875 0.33125 0.0140625 0.03125
6 0.36640625 0.32890625 0.0140625 0.0390625
6 0.34921875 0.3265625 0.0171875 0.028125
6 0.334375 0.33359375 0.015625 0.0296875
6 0.3203125 0.33203125 0.015625 0.0328125
6 0.303125 0.3296875 0.015625 0.034375
6 0.2875 0.33125 0.0125 0.028125
6 0.271875 0.32890625 0.015625 0.0296875
6 0.25546875 0.36328125 0.0140625 0.0328125
6 0.23984375 0.36171875 0.0109375 0.0265625
6 0.19296875 0.36015625 0.0140625 0.0296875
6 0.30546875 0.7 0.0140625 0.03125
6 0.0671875 0.65703125 0.0125 0.0296875
6 0.09609375 0.8765625 0.0171875 0.028125
6 0.12890625 0.909375 0.0140625 0.028125
6 0.12109375 0.87265625 0.0140625 0.0296875
6 0.14296875 0.87578125 0.0140625 0.0296875
6 0.06015625 0.9109375 0.0140625 0.034375
6 0.14453125 0.690625 0.0140625 0.028125
5 0.03359375 0.68828125 0.0140625 0.0328125
5 0.065625 0.6890625 0.015625 0.03125
6 0.0828125 0.6875 0.0125 0.028125
5 0.1125 0.68984375 0.015625 0.0359375
6 0.2234375 0.76875 0.0125 0.028125
5 0.28984375 0.775 0.0171875 0.028125
6 0.25390625 0.80234375 0.0140625 0.0296875
6 0.04765625 0.79765625 0.0140625 0.0296875
6 0.0328125 0.76484375 0.0125 0.0390625
6 0.03671875 0.65625 0.0109375 0.028125
6 0.01953125 0.6859375 0.0140625 0.028125
6 0.0515625 0.65703125 0.0125 0.0328125
6 0.01796875 0.7984375 0.0140625 0.03125
6 0.14375 0.76796875 0.015625 0.0421875
6 0.0765625 0.90703125 0.0125 0.0296875
6 0.228125 0.58359375 0.015625 0.0296875
6 0.1171875 0.5453125 0.0125 0.03125
6 0.0078125 0.5421875 0.0125 0.03125
5 0.25859375 0.5515625 0.0171875 0.034375
6 0.24296875 0.54765625 0.0109375 0.0265625
6 0.22734375 0.546875 0.0140625 0.03125
5 0.2109375 0.5484375 0.015625 0.0375
6 0.1953125 0.54765625 0.0125 0.0296875
6 0.1796875 0.5484375 0.0125 0.028125
6 0.16328125 0.54765625 0.0109375 0.0296875
6 0.1484375 0.5453125 0.0125 0.03125
6 0.1328125 0.5453125 0.0125 0.03125
6 0.10234375 0.5453125 0.0140625 0.03125
6 0.0390625 0.54609375 0.0125 0.0265625
6 0.02109375 0.57265625 0.0140625 0.0265625
6 0.01953125 0.65078125 0.0203125 0.0359375
6 0.02421875 0.54453125 0.0140625 0.0296875
5 0.053125 0.54375 0.015625 0.034375
6 0.146875 0.575 0.0125 0.028125
6 0.053125 0.575 0.0125 0.028125
6 0.384375 0.58984375 0.0125 0.0296875
6 0.36953125 0.590625 0.0140625 0.028125
6 0.35234375 0.58828125 0.0140625 0.0328125
6 0.30703125 0.5875 0.0140625 0.03125
6 0.27421875 0.584375 0.0140625 0.028125
6 0.0703125 0.5765625 0.0125 0.028125
5 0.07109375 0.54140625 0.0140625 0.0390625
6 0.084375 0.57421875 0.0125 0.0296875
6 0.1625 0.57734375 0.015625 0.0265625
6 0.32265625 0.6671875 0.0140625 0.028125
6 0.22421875 0.65390625 0.0140625 0.0296875
6 0.19296875 0.69453125 0.0140625 0.0328125
6 0.28828125 0.69375 0.0140625 0.025
6 0.2703125 0.69453125 0.015625 0.0328125
6 0.175 0.65703125 0.015625 0.0359375
