4 0.4953125 0.47421875 0.459375 0.3984375
6 0.89765625 0.74296875 0.0140625 0.0296875
6 0.88046875 0.73984375 0.0140625 0.0296875
6 0.8015625 0.73828125 0.015625 0.0296875
6 0.73828125 0.7359375 0.0140625 0.028125
6 0.77109375 0.7375 0.0140625 0.03125
6 0.7546875 0.7359375 0.0125 0.028125
6 0.72421875 0.73515625 0.0140625 0.0328125
6 0.6921875 0.73671875 0.0125 0.0328125
6 0.67578125 0.73203125 0.0109375 0.0265625
6 0.6609375 0.734375 0.0125 0.03125
6 0.628125 0.73515625 0.0125 0.0265625
6 0.61328125 0.73125 0.0109375 0.028125
6 0.5953125 0.73203125 0.015625 0.0359375
6 0.53671875 0.71015625 0.0140625 0.0296875
6 0.51796875 0.7125 0.0171875 0.0375
6 0.50078125 0.709375 0.0140625 0.03125
6 0.45234375 0.70390625 0.0140625 0.0265625
6 0.48515625 0.70625 0.0109375 0.03125
