6 0.303125 0.10859375 0.034375 0.0171875
6 0.30234375 0.06171875 0.0328125 0.0140625
6 0.30390625 0.0765625 0.0328125 0.0125
6 0.30234375 0.0921875 0.0296875 0.0125
6 0.30078125 0.17265625 0.0296875 0.0140625
6 0.3 0.29765625 0.025 0.0140625
6 0.29765625 0.34375 0.0234375 0.0125
6 0.30078125 0.35859375 0.0296875 0.0140625
6 0.30078125 0.39296875 0.0296875 0.0171875
6 0.3046875 0.409375 0.034375 0.015625
6 0.3015625 0.44375 0.03125 0.015625
6 0.384375 0.09375 0.03125 0.0125
6 0.46953125 0.90625 0.0265625 0.028125
6 0.38046875 0.1078125 0.0296875 0.0125
6 0.3828125 0.125 0.028125 0.015625
6 0.38203125 0.15625 0.0328125 0.0125
6 0.38203125 0.25234375 0.0296875 0.0140625
6 0.378125 0.28359375 0.034375 0.0171875
6 0.37890625 0.29921875 0.0296875 0.0171875
6 0.38125 0.328125 0.03125 0.015625
6 0.38203125 0.34453125 0.0296875 0.0171875
6 0.38046875 0.3625 0.0265625 0.015625
6 0.38203125 0.378125 0.0265625 0.015625
6 0.51640625 0.93125 0.0265625 0.034375
6 0.3921875 0.84140625 0.021875 0.0265625
6 0.37890625 0.446875 0.0328125 0.015625
6 0.3203125 0.55625 0.028125 0.015625
6 0.44921875 0.678125 0.0296875 0.021875
6 0.45390625 0.69375 0.0328125 0.028125
6 0.4953125 0.7421875 0.034375 0.034375
6 0.39453125 0.73515625 0.0328125 0.0265625
6 0.38359375 0.721875 0.0328125 0.03125
6 0.37421875 0.70703125 0.0296875 0.0265625
6 0.365625 0.69453125 0.028125 0.0234375
6 0.36171875 0.68125 0.0296875 0.021875
6 0.3375 0.61796875 0.028125 0.0203125
6 0.3296875 0.60390625 0.03125 0.0203125
6 0.35 0.72265625 0.025 0.0234375
6 0.40625 0.85 0.025 0.028125
6 0.3390625 0.71484375 0.03125 0.0328125
6 0.3265625 0.7015625 0.028125 0.028125
6 0.315625 0.690625 0.028125 0.028125
6 0.28984375 0.6703125 0.0265625 0.025
6 0.17265625 0.88828125 0.0265625 0.0265625
6 0.23984375 0.73984375 0.0296875 0.0296875
6 0.2546875 0.74765625 0.028125 0.0296875
6 0.26796875 0.76015625 0.0265625 0.0296875
6 0.346875 0.81640625 0.028125 0.0359375
6 0.3609375 0.825 0.021875 0.028125
6 0.38046875 0.39140625 0.0328125 0.0171875
6 0.3796875 0.4609375 0.03125 0.0125
6 0.43203125 0.6484375 0.0234375 0.021875
6 0.49921875 0.9296875 0.0234375 0.03125
6 0.86875 0.88046875 0.015625 0.0296875
6 0.88671875 0.878125 0.0171875 0.03125
6 0.90234375 0.8765625 0.0140625 0.028125
6 0.46015625 0.8953125 0.0328125 0.034375
6 0.98203125 0.959375 0.0140625 0.03125
6 0.4796875 0.92109375 0.021875 0.0265625
6 0.44765625 0.88515625 0.0296875 0.0359375
6 0.309375 0.51171875 0.0375 0.0171875
6 0.35390625 0.6671875 0.0296875 0.025
6 0.31640625 0.5390625 0.0359375 0.021875
6 0.38359375 0.4796875 0.0265625 0.01875
6 0.37734375 0.49609375 0.0359375 0.0171875
6 0.38125 0.18828125 0.028125 0.0140625
6 0.38203125 0.20390625 0.0265625 0.0109375
6 0.321875 0.57265625 0.040625 0.0234375
6 0.32890625 0.5890625 0.0328125 0.01875
6 0.3390625 0.63515625 0.028125 0.0203125
6 0.303125 0.47734375 0.0375 0.0203125
6 0.34765625 0.65 0.0390625 0.03125
6 0.465625 0.70625 0.028125 0.028125
6 0.43515625 0.8734375 0.0265625 0.028125
6 0.478125 0.7171875 0.028125 0.03125
6 0.4875 0.72734375 0.025 0.0265625
6 0.2171875 0.709375 0.028125 0.028125
6 0.228125 0.725 0.040625 0.034375
6 0.275 0.77890625 0.028125 0.0296875
6 0.29140625 0.7828125 0.0296875 0.034375
6 0.30234375 0.79296875 0.0296875 0.0296875
6 0.31875 0.8015625 0.028125 0.03125
6 0.37734375 0.83515625 0.0234375 0.0328125
6 0.42421875 0.8609375 0.0296875 0.028125
6 0.44140625 0.66328125 0.0296875 0.0265625
6 0.425 0.63515625 0.028125 0.0234375
4 0.1765625 0.4234375 0.0375 0.06875
5 0.10703125 0.91875 0.1203125 0.103125
5 0.77578125 0.775 0.1046875 0.046875
6 0.07578125 0.91953125 0.0328125 0.0328125
6 0.41796875 0.62109375 0.0296875 0.0203125
6 0.38125 0.0625 0.034375 0.015625
6 0.30390625 0.21875 0.0265625 0.0125
6 0.30078125 0.18828125 0.0234375 0.0140625
6 0.30234375 0.26484375 0.0328125 0.0171875
6 0.30078125 0.28203125 0.0328125 0.0140625
6 0.30390625 0.3125 0.0359375 0.015625
6 0.29765625 0.3296875 0.0265625 0.015625
6 0.3015625 0.3765625 0.03125 0.015625
6 0.2984375 0.4234375 0.025 0.0125
6 0.3796875 0.23359375 0.034375 0.0140625
6 0.38359375 0.21953125 0.0265625 0.0109375
6 0.38125 0.2671875 0.028125 0.015625
6 0.30078125 0.24921875 0.0296875 0.0140625
6 0.3796875 0.315625 0.028125 0.015625
6 0.375 0.41015625 0.028125 0.0171875
6 0.38046875 0.425 0.0328125 0.015625
6 0.38515625 0.51015625 0.0296875 0.0203125
6 0.38671875 0.52734375 0.0296875 0.0203125
6 0.39140625 0.54140625 0.0328125 0.0171875
6 0.4 0.5765625 0.021875 0.015625
6 0.3953125 0.56171875 0.03125 0.0203125
6 0.30625 0.49375 0.028125 0.015625
6 0.41171875 0.60546875 0.0296875 0.0234375
6 0.3 0.2328125 0.028125 0.0125
6 0.3015625 0.203125 0.03125 0.015625
6 0.040625 0.09140625 0.0125 0.0265625
6 0.02265625 0.0875 0.0171875 0.0375
6 0.05625 0.090625 0.009375 0.025
6 0.07109375 0.0921875 0.0140625 0.03125
6 0.0875 0.090625 0.0125 0.034375
6 0.21328125 0.08828125 0.0140625 0.0390625
6 0.1984375 0.08984375 0.0125 0.0296875
6 0.1828125 0.0921875 0.015625 0.03125
6 0.1671875 0.08984375 0.0125 0.0296875
6 0.134375 0.0890625 0.015625 0.034375
6 0.11796875 0.0890625 0.0140625 0.03125
6 0.10390625 0.0890625 0.0171875 0.0375
6 0.3796875 0.17265625 0.03125 0.0140625
6 0.21328125 0.12421875 0.0140625 0.0265625
6 0.00859375 0.08984375 0.0140625 0.0296875
6 0.15078125 0.0953125 0.0140625 0.03125
6 0.23125 0.09140625 0.0125 0.0296875
6 0.3046875 0.12421875 0.034375 0.0171875
6 0.309375 0.13984375 0.03125 0.0109375
6 0.3015625 0.153125 0.03125 0.0125
6 0.384375 0.07734375 0.025 0.0109375
6 0.38046875 0.13984375 0.0296875 0.0140625
6 0.98359375 0.8796875 0.0140625 0.03125
6 0.9671875 0.8796875 0.0125 0.03125
6 0.95078125 0.878125 0.0140625 0.03125
6 0.93671875 0.87890625 0.0140625 0.0296875
6 0.91875 0.878125 0.0125 0.03125
6 0.965625 0.96015625 0.0125 0.0296875
6 0.95 0.96015625 0.0125 0.0296875
6 0.934375 0.96015625 0.0125 0.0328125
6 0.91875 0.9609375 0.0125 0.03125
6 0.90390625 0.959375 0.0171875 0.03125
6 0.884375 0.9578125 0.0125 0.03125
6 0.85078125 0.953125 0.0171875 0.034375
6 0.78125 0.9296875 0.0375 0.015625
