6 0.03984375 0.07890625 0.0140625 0.0296875
6 0.29140625 0.0484375 0.0140625 0.03125
6 0.1015625 0.0765625 0.0125 0.028125
6 0.11640625 0.07421875 0.0140625 0.0296875
6 0.1328125 0.07890625 0.0125 0.0296875
6 0.1953125 0.08046875 0.015625 0.0265625
6 0.4046875 0.08828125 0.015625 0.0296875
6 0.2578125 0.16640625 0.015625 0.0296875
6 0.20859375 0.159375 0.0140625 0.034375
6 0.1609375 0.15546875 0.0125 0.0296875
6 0.11484375 0.153125 0.0140625 0.03125
6 0.17890625 0.078125 0.0109375 0.028125
6 0.27578125 0.0515625 0.0140625 0.03125
6 0.30546875 0.05390625 0.0109375 0.0265625
6 0.353125 0.05390625 0.0125 0.0328125
6 0.41875 0.0578125 0.0125 0.034375
6 0.403125 0.05859375 0.0125 0.0265625
6 0.3875 0.05703125 0.0125 0.0328125
6 0.37109375 0.059375 0.0109375 0.03125
6 0.0828125 0.15703125 0.0125 0.0328125
6 0.30546875 0.2 0.0140625 0.03125
6 0.0671875 0.15703125 0.0125 0.0296875
6 0.09609375 0.3765625 0.0171875 0.028125
6 0.12890625 0.409375 0.0140625 0.028125
6 0.12109375 0.37265625 0.0140625 0.0296875
6 0.14296875 0.37578125 0.0140625 0.0296875
6 0.06015625 0.4109375 0.0140625 0.034375
6 0.040625 0.48828125 0.0125 0.0296875
6 0.1046875 0.496875 0.015625 0.03125
6 0.05859375 0.51875 0.0171875 0.034375
6 0.14453125 0.190625 0.0140625 0.028125
5 0.03359375 0.18828125 0.0140625 0.0328125
5 0.065625 0.1890625 0.015625 0.03125
6 0.0828125 0.1875 0.0125 0.028125
5 0.1125 0.18984375 0.015625 0.0359375
6 0.2234375 0.26875 0.0125 0.028125
5 0.28984375 0.275 0.0171875 0.028125
6 0.25390625 0.30234375 0.0140625 0.0296875
6 0.04765625 0.29765625 0.0140625 0.0296875
6 0.0328125 0.26484375 0.0125 0.0390625
6 0.00859375 0.48515625 0.0171875 0.0328125
6 0.0890625 0.4921875 0.015625 0.034375
5 0.1203125 0.49296875 0.015625 0.0453125
6 0.03671875 0.15625 0.0109375 0.028125
6 0.07265625 0.48671875 0.0140625 0.0328125
6 0.04140625 0.52265625 0.0140625 0.0328125
6 0.009375 0.51640625 0.0125 0.0296875
6 0.01953125 0.1859375 0.0140625 0.028125
6 0.0515625 0.15703125 0.0125 0.0328125
6 0.01796875 0.2984375 0.0140625 0.03125
6 0.14375 0.26796875 0.015625 0.0421875
6 0.0765625 0.40703125 0.0125 0.0296875
6 0.228125 0.08359375 0.015625 0.0296875
6 0.1171875 0.0453125 0.0125 0.03125
6 0.0078125 0.0421875 0.0125 0.03125
5 0.25859375 0.0515625 0.0171875 0.034375
6 0.24296875 0.04765625 0.0109375 0.0265625
6 0.22734375 0.046875 0.0140625 0.03125
5 0.2109375 0.0484375 0.015625 0.0375
6 0.1953125 0.04765625 0.0125 0.0296875
6 0.1796875 0.0484375 0.0125 0.028125
6 0.16328125 0.04765625 0.0109375 0.0296875
6 0.1484375 0.0453125 0.0125 0.03125
6 0.1328125 0.0453125 0.0125 0.03125
6 0.10234375 0.0453125 0.0140625 0.03125
6 0.0390625 0.04609375 0.0125 0.0265625
6 0.02109375 0.07265625 0.0140625 0.0265625
6 0.01953125 0.15078125 0.0203125 0.0359375
6 0.02421875 0.04453125 0.0140625 0.0296875
5 0.053125 0.04375 0.015625 0.034375
6 0.146875 0.075 0.0125 0.028125
6 0.053125 0.075 0.0125 0.028125
6 0.384375 0.08984375 0.0125 0.0296875
6 0.36953125 0.090625 0.0140625 0.028125
6 0.35234375 0.08828125 0.0140625 0.0328125
6 0.30703125 0.0875 0.0140625 0.03125
6 0.27421875 0.084375 0.0140625 0.028125
6 0.0703125 0.0765625 0.0125 0.028125
5 0.07109375 0.04140625 0.0140625 0.0390625
6 0.084375 0.07421875 0.0125 0.0296875
6 0.1625 0.07734375 0.015625 0.0265625
6 0.32265625 0.1671875 0.0140625 0.028125
6 0.22421875 0.15390625 0.0140625 0.0296875
6 0.19296875 0.19453125 0.0140625 0.0328125
6 0.28828125 0.19375 0.0140625 0.025
6 0.2703125 0.19453125 0.015625 0.0328125
6 0.175 0.15703125 0.015625 0.0359375
