6 0.51796875 0.71328125 0.0296875 0.0171875
6 0.5328125 0.6078125 0.034375 0.01875
6 0.81171875 0.609375 0.0328125 0.01875
6 0.01640625 0.43125 0.0265625 0.034375
6 0.59140625 0.4609375 0.0140625 0.03125
6 0.36875 0.38046875 0.015625 0.0296875
6 0.38671875 0.378125 0.0171875 0.03125
6 0.40234375 0.3765625 0.0140625 0.028125
6 0.496875 0.38125 0.0125 0.03125
6 0.6234375 0.3796875 0.015625 0.0375
6 0.6703125 0.3828125 0.015625 0.0375
6 0.71796875 0.46015625 0.0140625 0.0296875
6 0.68671875 0.459375 0.0140625 0.03125
6 0.63671875 0.4640625 0.0140625 0.034375
6 0.56015625 0.4578125 0.0140625 0.028125
6 0.528125 0.4546875 0.0125 0.028125
6 0.5125 0.45703125 0.0125 0.0265625
6 0.49765625 0.459375 0.0140625 0.028125
6 0.48203125 0.459375 0.0140625 0.03125
6 0.703125 0.384375 0.0125 0.028125
6 0.6859375 0.38359375 0.0125 0.0296875
6 0.6546875 0.3828125 0.015625 0.03125
6 0.63984375 0.38203125 0.0140625 0.0265625
6 0.60703125 0.378125 0.0109375 0.028125
6 0.5921875 0.38203125 0.015625 0.0328125
6 0.56015625 0.38203125 0.0140625 0.0328125
5 0.27578125 0.275 0.1046875 0.046875
6 0.578125 0.38046875 0.0125 0.0296875
6 0.54375 0.3796875 0.0125 0.028125
6 0.5296875 0.378125 0.015625 0.0375
6 0.96640625 0.07734375 0.0140625 0.0265625
6 0.965625 0.04375 0.0125 0.025
6 0.9640625 0.11484375 0.015625 0.0359375
6 0.70234375 0.4640625 0.0140625 0.028125
6 0.5125 0.38046875 0.0125 0.0296875
6 0.48359375 0.3796875 0.0140625 0.03125
6 0.4671875 0.3796875 0.0125 0.03125
6 0.45078125 0.378125 0.0140625 0.03125
6 0.43671875 0.37890625 0.0140625 0.0296875
6 0.41875 0.378125 0.0125 0.03125
6 0.7640625 0.46015625 0.0125 0.0328125
6 0.74765625 0.46015625 0.0140625 0.0328125
6 0.73203125 0.4640625 0.0140625 0.03125
6 0.67109375 0.46484375 0.0140625 0.0296875
6 0.5765625 0.45859375 0.015625 0.0328125
6 0.6078125 0.45859375 0.0125 0.0328125
6 0.54296875 0.4546875 0.0140625 0.03125
6 0.465625 0.46015625 0.0125 0.0296875
6 0.45 0.46015625 0.0125 0.0296875
6 0.434375 0.46015625 0.0125 0.0328125
6 0.41875 0.4609375 0.0125 0.03125
6 0.40390625 0.459375 0.0171875 0.03125
6 0.384375 0.4578125 0.0125 0.03125
6 0.35078125 0.453125 0.0171875 0.034375
6 0.28125 0.4296875 0.0375 0.015625
5 0.33984375 0.94609375 0.0203125 0.0421875
5 0.26953125 0.9421875 0.0203125 0.04375
5 0.38125 0.9359375 0.01875 0.046875
6 0.22265625 0.7 0.0296875 0.015625
6 0.06640625 0.6734375 0.0328125 0.01875
