6 0.79453125 0.2859375 0.0140625 0.03125
6 0.9375 0.2140625 0.015625 0.03125
6 0.9203125 0.21796875 0.015625 0.0359375
6 0.8734375 0.21328125 0.015625 0.0359375
6 0.98984375 0.28984375 0.0140625 0.0328125
6 0.975 0.28828125 0.015625 0.0328125
6 0.89453125 0.2890625 0.0140625 0.028125
6 0.84375 0.28984375 0.0125 0.0234375
6 0.87578125 0.28671875 0.0171875 0.0359375
6 0.91015625 0.28515625 0.0140625 0.0296875
6 0.81171875 0.2890625 0.0140625 0.025
6 0.7796875 0.2859375 0.0125 0.03125
6 0.96796875 0.2171875 0.0140625 0.034375
6 0.76484375 0.284375 0.0140625 0.03125
6 0.715625 0.27890625 0.015625 0.0328125
6 0.6953125 0.28125 0.0125 0.028125
6 0.66328125 0.28125 0.0140625 0.03125
6 0.6 0.27734375 0.015625 0.0296875
6 0.51015625 0.27734375 0.0140625 0.0296875
6 0.56953125 0.32265625 0.0140625 0.0296875
6 0.58671875 0.321875 0.0140625 0.025
6 0.54765625 0.321875 0.0140625 0.028125
6 0.9515625 0.21640625 0.015625 0.0296875
6 0.984375 0.2109375 0.0125 0.03125
6 0.28359375 0.00859375 0.0296875 0.0140625
5 0.940625 0.28671875 0.015625 0.0359375
6 0.42890625 0.0578125 0.0328125 0.015625
6 0.428125 0.10390625 0.034375 0.0203125
6 0.4328125 0.12265625 0.0375 0.0140625
6 0.5703125 0.2046875 0.01875 0.034375
6 0.47265625 0.2 0.0171875 0.03125
6 0.45390625 0.19921875 0.0140625 0.0296875
6 0.4296875 0.2 0.015625 0.03125
5 0.675 0.2125 0.028125 0.034375
6 0.85703125 0.4578125 0.0140625 0.028125
6 0.88984375 0.4609375 0.0140625 0.028125
6 0.98359375 0.4625 0.0140625 0.028125
6 0.68359375 0.45390625 0.0140625 0.0296875
6 0.62109375 0.453125 0.0109375 0.03125
6 0.6546875 0.40625 0.015625 0.028125
6 0.6375 0.40390625 0.015625 0.0296875
5 0.82734375 0.409375 0.0140625 0.03125
5 0.83828125 0.5125 0.0484375 0.01875
6 0.75 0.40703125 0.015625 0.0296875
6 0.77578125 0.4578125 0.0140625 0.028125
6 0.76640625 0.40859375 0.0171875 0.0296875
5 0.8484375 0.334375 0.015625 0.0375
6 0.50859375 0.32109375 0.0140625 0.0265625
5 0.74609375 0.2796875 0.0171875 0.0375
6 0.63203125 0.28046875 0.0140625 0.0265625
6 0.67890625 0.27890625 0.0140625 0.0328125
6 0.584375 0.27734375 0.0125 0.0296875
6 0.56796875 0.2765625 0.0140625 0.03125
6 0.49140625 0.27890625 0.0140625 0.0265625
6 0.67109375 0.32734375 0.0140625 0.0296875
6 0.734375 0.32734375 0.0125 0.0296875
6 0.815625 0.33203125 0.015625 0.0296875
6 0.87578125 0.33359375 0.0140625 0.0296875
6 0.7828125 0.41015625 0.0125 0.0265625
6 0.89296875 0.3328125 0.0140625 0.028125
6 0.92265625 0.33359375 0.0140625 0.0296875
6 0.9390625 0.334375 0.0125 0.028125
6 0.95546875 0.33359375 0.0109375 0.0265625
6 0.98671875 0.334375 0.0140625 0.028125
6 0.93828125 0.4140625 0.0140625 0.028125
6 0.89140625 0.4109375 0.0171875 0.034375
6 0.87578125 0.4125 0.0140625 0.028125
6 0.86015625 0.41328125 0.0140625 0.0265625
6 0.796875 0.4109375 0.015625 0.028125
5 0.12578125 0.23984375 0.0140625 0.0328125
6 0.70234375 0.32734375 0.0140625 0.0296875
6 0.10859375 0.23671875 0.0109375 0.0265625
6 0.0125 0.2375 0.0125 0.03125
6 0.06171875 0.2390625 0.0109375 0.03125
6 0.0453125 0.23984375 0.015625 0.0328125
6 0.03046875 0.23984375 0.0140625 0.0328125
6 0.3546875 0.209375 0.028125 0.034375
6 0.68515625 0.32734375 0.0140625 0.0296875
6 0.71953125 0.32890625 0.0140625 0.0265625
6 0.75234375 0.33046875 0.0109375 0.0265625
6 0.6375 0.453125 0.0125 0.028125
6 0.97421875 0.6453125 0.0359375 0.01875
6 0.9765625 0.60859375 0.025 0.0140625
6 0.9796875 0.58671875 0.028125 0.0140625
6 0.95234375 0.4609375 0.0140625 0.028125
6 0.9671875 0.4625 0.0125 0.03125
6 0.93515625 0.4609375 0.0140625 0.028125
6 0.9203125 0.4609375 0.0125 0.028125
6 0.73046875 0.45390625 0.0140625 0.0296875
6 0.71484375 0.4546875 0.0140625 0.025
6 0.7 0.453125 0.0125 0.028125
6 0.6875 0.4046875 0.0125 0.028125
6 0.6703125 0.40546875 0.0125 0.0265625
6 0.62109375 0.40390625 0.0140625 0.0265625
6 0.71640625 0.40546875 0.0140625 0.0265625
6 0.73359375 0.40546875 0.0140625 0.0328125
6 0.8125 0.409375 0.0125 0.028125
6 0.921875 0.41484375 0.0125 0.0296875
6 0.953125 0.4171875 0.0125 0.028125
6 0.96875 0.41328125 0.0125 0.0296875
6 0.984375 0.41640625 0.0125 0.0296875
6 0.78203125 0.32890625 0.0140625 0.0265625
6 0.975 0.68984375 0.03125 0.0140625
