6 0.21328125 0.38828125 0.0421875 0.0515625
6 0.271875 0.54140625 0.025 0.0453125
6 0.21328125 0.7953125 0.0328125 0.046875
6 0.20234375 0.72109375 0.0453125 0.0609375
6 0.06328125 0.49296875 0.0359375 0.0546875
6 0.025 0.2328125 0.034375 0.046875
6 0.10390625 0.1578125 0.0515625 0.05
6 0.1859375 0.24140625 0.05 0.0453125
6 0.35390625 0.12734375 0.0578125 0.0546875
6 0.378125 0.10390625 0.053125 0.0515625
6 0.2640625 0.40078125 0.040625 0.0578125
6 0.23203125 0.32578125 0.0421875 0.0515625
6 0.63125 0.40546875 0.0625 0.0578125
6 0.484375 0.0765625 0.059375 0.059375
6 0.50546875 0.053125 0.0578125 0.05625
6 0.52578125 0.03828125 0.0578125 0.0515625
6 0.65390625 0.03359375 0.0453125 0.0453125
6 0.80703125 0.18359375 0.0484375 0.0515625
6 0.78828125 0.16328125 0.0515625 0.0484375
6 0.809375 0.2546875 0.046875 0.053125
6 0.79921875 0.284375 0.0515625 0.053125
6 0.7859375 0.30859375 0.046875 0.0453125
6 0.7625 0.35703125 0.046875 0.0484375
6 0.66328125 0.33125 0.0546875 0.05
6 0.68828125 0.35625 0.0640625 0.065625
6 0.603125 0.3859375 0.05625 0.053125
