6 0.68203125 0.97265625 0.0328125 0.0265625
6 0.65 0.7515625 0.03125 0.028125
6 0.884375 0.7703125 0.03125 0.03125
6 0.89375 0.81875 0.03125 0.025
6 0.903125 0.94375 0.03125 0.028125
6 0.89375 0.96015625 0.0375 0.0328125
6 0.9359375 0.8953125 0.028125 0.028125
6 0.92578125 0.90703125 0.0328125 0.0265625
6 0.846875 0.89765625 0.034375 0.0296875
6 0.825 0.87109375 0.03125 0.0265625
6 0.6640625 0.79140625 0.03125 0.0265625
6 0.753125 0.7796875 0.03125 0.028125
6 0.72890625 0.81640625 0.0328125 0.0328125
6 0.77265625 0.8171875 0.0328125 0.028125
6 0.72421875 0.69453125 0.0359375 0.0328125
6 0.64375 0.7640625 0.03125 0.028125
6 0.6203125 0.8015625 0.0375 0.03125
6 0.6921875 0.5328125 0.028125 0.021875
6 0.70078125 0.51796875 0.0359375 0.0296875
6 0.71953125 0.48203125 0.0234375 0.0203125
6 0.7296875 0.4703125 0.03125 0.025
6 0.9203125 0.34921875 0.025 0.0203125
6 0.88515625 0.34609375 0.0359375 0.0328125
6 0.878125 0.35859375 0.028125 0.0234375
6 0.85546875 0.39375 0.0359375 0.028125
6 0.77734375 0.3796875 0.0296875 0.025
6 0.8171875 0.31953125 0.034375 0.0296875
6 0.93828125 0.75859375 0.0296875 0.0234375
6 0.90859375 0.728125 0.0328125 0.028125
6 0.840625 0.84453125 0.034375 0.0265625
6 0.8234375 0.6640625 0.03125 0.025
6 0.92109375 0.5609375 0.0265625 0.021875
6 0.92890625 0.54765625 0.0328125 0.0265625
6 0.940625 0.5359375 0.03125 0.025
6 0.95234375 0.50859375 0.0296875 0.0265625
6 0.9609375 0.428125 0.034375 0.03125
6 0.9484375 0.453125 0.03125 0.03125
6 0.90546875 0.5828125 0.0296875 0.028125
6 0.84140625 0.48984375 0.0359375 0.0296875
6 0.8078125 0.534375 0.0375 0.03125
6 0.78984375 0.71328125 0.0328125 0.0296875
6 0.95859375 0.70859375 0.0296875 0.0265625
6 0.95390625 0.6515625 0.0296875 0.025
6 0.88984375 0.6109375 0.0296875 0.028125
6 0.94296875 0.8796875 0.0296875 0.021875
6 0.86875 0.87109375 0.0375 0.0296875
6 0.91171875 0.79296875 0.0390625 0.0328125
6 0.94375 0.74375 0.034375 0.025
6 0.9796875 0.59765625 0.03125 0.0296875
6 0.94375 0.51875 0.03125 0.025
6 0.97578125 0.46796875 0.0296875 0.0234375
6 0.83125 0.2921875 0.03125 0.028125
6 0.90390625 0.528125 0.0328125 0.028125
6 0.86328125 0.58671875 0.0296875 0.0265625
6 0.93203125 0.68828125 0.0296875 0.0265625
6 0.8984375 0.740625 0.0375 0.03125
6 0.83828125 0.7078125 0.0359375 0.03125
6 0.8265625 0.71875 0.028125 0.021875
6 0.80546875 0.6875 0.0328125 0.028125
6 0.94921875 0.86875 0.0328125 0.028125
6 0.95546875 0.84921875 0.0328125 0.0296875
6 0.9640625 0.8390625 0.03125 0.025
6 0.971875 0.82890625 0.034375 0.0328125
6 0.984375 0.73984375 0.025 0.0328125
6 0.9125 0.9265625 0.034375 0.03125
6 0.6671875 0.3 0.025 0.03125
6 0.77890625 0.16328125 0.0234375 0.0296875
6 0.85546875 0.0859375 0.0234375 0.03125
6 0.75234375 0.2 0.0296875 0.0375
6 0.7109375 0.21875 0.028125 0.0375
6 0.62890625 0.37890625 0.0234375 0.0328125
6 0.61328125 0.415625 0.0234375 0.034375
6 0.51796875 0.6828125 0.0296875 0.0375
6 0.5546875 0.97421875 0.03125 0.0328125
6 0.8046875 0.9796875 0.0375 0.03125
6 0.69765625 0.94140625 0.0359375 0.0265625
6 0.6953125 0.8765625 0.040625 0.03125
6 0.64609375 0.96484375 0.0328125 0.0296875
6 0.5359375 0.9484375 0.028125 0.025
6 0.54296875 0.9328125 0.0296875 0.025
6 0.609375 0.82578125 0.03125 0.0234375
6 0.546875 0.78515625 0.03125 0.0265625
6 0.884375 0.9796875 0.03125 0.028125
6 0.765625 0.971875 0.03125 0.028125
6 0.6921875 0.95625 0.0375 0.028125
6 0.7734375 0.96015625 0.03125 0.0296875
6 0.78828125 0.93125 0.0328125 0.025
6 0.72890625 0.890625 0.0359375 0.028125
6 0.71015625 0.92421875 0.0296875 0.0265625
6 0.66875 0.9265625 0.03125 0.028125
6 0.65234375 0.95234375 0.0328125 0.0296875
6 0.5765625 0.934375 0.028125 0.021875
6 0.58671875 0.921875 0.0390625 0.034375
6 0.5765625 0.87421875 0.034375 0.0296875
6 0.62890625 0.8546875 0.0296875 0.025
6 0.53984375 0.796875 0.0328125 0.025
6 0.78671875 0.7265625 0.0328125 0.025
6 0.83515625 0.92734375 0.0359375 0.0296875
6 0.8859375 0.20546875 0.03125 0.0296875
6 0.9734375 0.18984375 0.034375 0.0296875
6 0.959375 0.21875 0.03125 0.028125
6 0.93359375 0.2671875 0.0296875 0.025
6 0.96171875 0.2859375 0.0359375 0.028125
6 0.90703125 0.30625 0.0296875 0.028125
6 0.85234375 0.25546875 0.0359375 0.0296875
6 0.97890625 0.0453125 0.0328125 0.03125
6 0.840625 0.91328125 0.034375 0.0265625
6 0.8328125 0.85703125 0.034375 0.0328125
6 0.76171875 0.83359375 0.0296875 0.0265625
6 0.7453125 0.86015625 0.03125 0.0296875
6 0.7375 0.87109375 0.028125 0.0234375
6 0.7140625 0.7046875 0.03125 0.03125
6 0.678125 0.6984375 0.025 0.021875
6 0.703125 0.71328125 0.028125 0.0265625
6 0.6546875 0.803125 0.028125 0.025
6 0.5671875 0.746875 0.04375 0.0375
6 0.60546875 0.68203125 0.0296875 0.0265625
6 0.64609375 0.61953125 0.0328125 0.0265625
6 0.6546875 0.59296875 0.03125 0.0296875
6 0.92890625 0.3375 0.0328125 0.028125
6 0.7609375 0.62421875 0.03125 0.0234375
6 0.74609375 0.58359375 0.0265625 0.0234375
6 0.75625 0.57265625 0.0375 0.0328125
6 0.7890625 0.57421875 0.03125 0.0265625
6 0.83359375 0.49921875 0.0328125 0.0265625
6 0.82578125 0.44453125 0.0328125 0.0265625
6 0.76328125 0.4015625 0.0328125 0.025
6 0.79453125 0.35390625 0.0296875 0.0265625
6 0.9703125 0.05859375 0.0375 0.0296875
6 0.9671875 0.2078125 0.034375 0.028125
6 0.92265625 0.2828125 0.0359375 0.034375
6 0.86015625 0.24296875 0.0296875 0.0265625
6 0.86796875 0.23203125 0.0296875 0.0296875
6 0.87578125 0.2171875 0.0296875 0.025
6 0.96171875 0.07265625 0.0359375 0.0296875
