6 0.80390625 0.1203125 0.0296875 0.025
6 0.08046875 0.43203125 0.0265625 0.0328125
6 0.73125 0.1015625 0.0375 0.034375
6 0.7234375 0.115625 0.0375 0.028125
6 0.7171875 0.1296875 0.040625 0.03125
6 0.62734375 0.3640625 0.0203125 0.03125
6 0.6515625 0.3671875 0.01875 0.0375
6 0.678125 0.3359375 0.034375 0.028125
6 0.69921875 0.2984375 0.0359375 0.03125
6 0.70546875 0.2875 0.0296875 0.021875
6 0.7109375 0.2734375 0.03125 0.028125
6 0.7578125 0.196875 0.028125 0.025
5 0.90390625 0.7859375 0.0296875 0.0375
6 0.76953125 0.18359375 0.0296875 0.0265625
6 0.8125 0.10625 0.03125 0.028125
6 0.77890625 0.02421875 0.0328125 0.0296875
6 0.428125 0.1296875 0.028125 0.028125
6 0.32734375 0.153125 0.0265625 0.025
6 0.33671875 0.1390625 0.0421875 0.03125
6 0.35625 0.10234375 0.034375 0.0296875
6 0.3703125 0.0765625 0.03125 0.028125
6 0.3828125 0.0625 0.03125 0.03125
6 0.40078125 0.0234375 0.0265625 0.025
6 0.83046875 0.071875 0.0296875 0.025
6 0.28203125 0.090625 0.0296875 0.0375
6 0.74453125 0.07421875 0.0328125 0.0296875
6 0.740625 0.22109375 0.04375 0.0328125
6 0.83828125 0.05546875 0.0390625 0.0328125
6 0.84609375 0.03984375 0.0328125 0.0265625
6 0.76640625 0.03515625 0.0328125 0.0265625
6 0.684375 0.11328125 0.028125 0.0265625
6 0.7203125 0.04921875 0.028125 0.0234375
6 0.72734375 0.0375 0.0328125 0.028125
6 0.64375 0.034375 0.03125 0.028125
6 0.6046875 0.0984375 0.03125 0.028125
6 0.49453125 0.13984375 0.0234375 0.0359375
6 0.61484375 0.35390625 0.0296875 0.0421875
6 0.7265625 0.24765625 0.034375 0.0296875
