6 0.89140625 0.04453125 0.0234375 0.0203125
6 0.865625 0.02734375 0.03125 0.0265625
6 0.9609375 0.2796875 0.034375 0.03125
6 0.96796875 0.2640625 0.0328125 0.03125
6 0.97734375 0.4625 0.0328125 0.03125
6 0.9296875 0.3375 0.03125 0.025
6 0.94765625 0.36953125 0.0296875 0.0296875
6 0.9125 0.3609375 0.03125 0.03125
6 0.90390625 0.37265625 0.0328125 0.0296875
6 0.79765625 0.14609375 0.0296875 0.0265625
6 0.79140625 0.15859375 0.0296875 0.0265625
6 0.78515625 0.1703125 0.0328125 0.025
6 0.7484375 0.22109375 0.03125 0.0234375
6 0.74140625 0.234375 0.0296875 0.025
6 0.771875 0.25390625 0.03125 0.0265625
6 0.7625 0.26640625 0.028125 0.0265625
6 0.75625 0.27890625 0.034375 0.0265625
6 0.81328125 0.31875 0.0296875 0.028125
6 0.834375 0.2875 0.034375 0.03125
6 0.84296875 0.27421875 0.0296875 0.0296875
6 0.84921875 0.26015625 0.0296875 0.0265625
6 0.85625 0.24375 0.028125 0.025
6 0.8734375 0.22109375 0.034375 0.0265625
6 0.94375 0.16875 0.03125 0.025
6 0.9171875 0.21171875 0.03125 0.0265625
6 0.9109375 0.221875 0.028125 0.021875
6 0.896875 0.2484375 0.028125 0.025
6 0.871875 0.2921875 0.028125 0.025
6 0.88984375 0.4015625 0.0328125 0.03125
6 0.9140625 0.43125 0.028125 0.025
6 0.96640625 0.3453125 0.0296875 0.028125
6 0.93984375 0.38828125 0.0328125 0.0296875
6 0.9359375 0.321875 0.034375 0.03125
6 0.95625 0.359375 0.028125 0.025
6 0.98125 0.2484375 0.03125 0.028125
6 0.7734375 0.0375 0.034375 0.028125
6 0.85078125 0.0515625 0.0359375 0.034375
6 0.8796875 0.06953125 0.040625 0.0328125
6 0.86796875 0.0828125 0.0359375 0.028125
6 0.8359375 0.0796875 0.028125 0.025
6 0.8265625 0.09375 0.03125 0.028125
6 0.84375 0.12265625 0.028125 0.0265625
6 0.725 0.2625 0.034375 0.03125
6 0.734375 0.2484375 0.034375 0.028125
6 0.765625 0.19765625 0.034375 0.0265625
6 0.75859375 0.2125 0.0328125 0.028125
6 0.7875 0.23046875 0.03125 0.0296875
6 0.87734375 0.209375 0.0359375 0.03125
6 0.89765625 0.17265625 0.0328125 0.0296875
6 0.9078125 0.1609375 0.034375 0.028125
6 0.91484375 0.1484375 0.0328125 0.025
6 0.91875 0.13125 0.03125 0.028125
6 0.93515625 0.1078125 0.0390625 0.03125
6 0.95 0.1546875 0.034375 0.028125
6 0.92578125 0.1984375 0.0296875 0.025
6 0.85625 0.321875 0.034375 0.028125
6 0.87890625 0.27734375 0.0296875 0.0265625
6 0.8890625 0.2625 0.03125 0.028125
6 0.82421875 0.30390625 0.0296875 0.0265625
6 0.8 0.3484375 0.03125 0.03125
6 0.88046875 0.415625 0.0296875 0.025
6 0.7796875 0.021875 0.03125 0.025
6 0.97421875 0.04296875 0.0328125 0.0296875
6 0.95625 0.075 0.03125 0.025
6 0.96484375 0.13515625 0.0390625 0.0328125
6 0.865625 0.096875 0.03125 0.028125
6 0.74296875 0.09140625 0.0265625 0.0234375
6 0.89609375 0.02890625 0.0296875 0.0296875
6 0.80546875 0.13203125 0.0328125 0.0265625
6 0.80859375 0.11796875 0.0296875 0.0265625
6 0.81953125 0.1078125 0.0265625 0.028125
6 0.21953125 0.98203125 0.0234375 0.0203125
6 0.2296875 0.9703125 0.03125 0.025
6 0.4203125 0.84921875 0.025 0.0203125
6 0.38515625 0.84609375 0.0359375 0.0328125
6 0.378125 0.85859375 0.028125 0.0234375
6 0.35546875 0.89375 0.0359375 0.028125
6 0.27734375 0.8796875 0.0296875 0.025
6 0.3171875 0.81953125 0.034375 0.0296875
6 0.57109375 0.94765625 0.0359375 0.0265625
6 0.51953125 0.88984375 0.0265625 0.0234375
6 0.50546875 0.9171875 0.0296875 0.025
6 0.49453125 0.93203125 0.0296875 0.0265625
6 0.48984375 0.94375 0.0265625 0.025
6 0.4609375 0.928125 0.034375 0.03125
6 0.4484375 0.953125 0.03125 0.03125
6 0.59765625 0.97265625 0.0328125 0.0234375
6 0.59296875 0.98515625 0.0328125 0.0265625
6 0.61484375 0.94609375 0.0328125 0.0296875
6 0.60859375 0.95859375 0.0390625 0.0328125
6 0.47578125 0.96796875 0.0296875 0.0234375
6 0.4828125 0.88515625 0.0375 0.0296875
6 0.33125 0.7921875 0.03125 0.028125
6 0.1671875 0.8 0.025 0.03125
6 0.5640625 0.209375 0.025 0.03125
6 0.40703125 0.440625 0.0234375 0.03125
6 0.1109375 0.328125 0.025 0.021875
6 0.1 0.35234375 0.034375 0.0234375
6 0.27890625 0.66328125 0.0234375 0.0296875
6 0.35546875 0.5859375 0.0234375 0.03125
6 0.25234375 0.7 0.0296875 0.0375
6 0.2109375 0.71875 0.028125 0.0375
6 0.12890625 0.87890625 0.0234375 0.0328125
6 0.11328125 0.915625 0.0234375 0.034375
6 0.603125 0.09296875 0.025 0.0328125
6 0.053125 0.14140625 0.025 0.0328125
6 0.85546875 0.90078125 0.0328125 0.0265625
6 0.0171875 0.12265625 0.021875 0.0296875
6 0.0375 0.13046875 0.028125 0.0296875
6 0.83046875 0.15234375 0.0359375 0.0328125
6 0.70234375 0.72578125 0.0328125 0.0265625
6 0.76015625 0.8359375 0.0296875 0.028125
6 0.73125 0.8859375 0.03125 0.03125
6 0.715625 0.915625 0.03125 0.028125
6 0.72734375 0.7515625 0.0296875 0.03125
6 0.7203125 0.765625 0.03125 0.028125
6 0.6953125 0.803125 0.034375 0.025
6 0.6765625 0.8421875 0.03125 0.028125
6 0.6671875 0.85703125 0.028125 0.0296875
6 0.64453125 0.8921875 0.0328125 0.03125
6 0.6390625 0.90703125 0.03125 0.0296875
6 0.63203125 0.92109375 0.0359375 0.0328125
6 0.68203125 0.75234375 0.0328125 0.0265625
6 0.6921875 0.73828125 0.03125 0.0234375
6 0.690625 0.60390625 0.03125 0.0296875
6 0.78671875 0.6421875 0.0265625 0.025
6 0.67578125 0.628125 0.0328125 0.028125
6 0.6671875 0.6421875 0.03125 0.025
6 0.490625 0.86484375 0.034375 0.0328125
6 0.6078125 0.74453125 0.03125 0.0265625
6 0.5984375 0.76328125 0.0375 0.0328125
6 0.61171875 0.88125 0.0296875 0.028125
6 0.60625 0.8921875 0.03125 0.028125
6 0.53359375 0.87265625 0.0328125 0.0265625
6 0.52109375 0.8234375 0.0328125 0.028125
6 0.540625 0.78515625 0.034375 0.0265625
6 0.55625 0.75859375 0.03125 0.0296875
6 0.5859375 0.7109375 0.03125 0.025
6 0.71640625 0.69453125 0.0328125 0.0296875
6 0.76953125 0.8234375 0.0296875 0.025
6 0.7765625 0.80859375 0.0375 0.0328125
6 0.8125 0.74296875 0.03125 0.0265625
6 0.821875 0.73046875 0.028125 0.0265625
6 0.9515625 0.9390625 0.03125 0.025
6 0.94296875 0.95390625 0.0296875 0.0234375
6 0.9234375 0.978125 0.0375 0.03125
6 0.72578125 0.97578125 0.0296875 0.0265625
6 0.81640625 0.828125 0.0296875 0.025
6 0.896875 0.89140625 0.028125 0.0234375
6 0.9046875 0.8125 0.028125 0.021875
6 0.96484375 0.490625 0.0296875 0.025
6 0.9546875 0.5015625 0.028125 0.025
6 0.94765625 0.5140625 0.0328125 0.03125
6 0.9390625 0.528125 0.03125 0.025
6 0.92421875 0.55234375 0.0359375 0.0328125
6 0.8921875 0.61171875 0.040625 0.0328125
6 0.884375 0.62890625 0.034375 0.0328125
6 0.8515625 0.67890625 0.028125 0.0234375
6 0.84921875 0.69375 0.0265625 0.021875
6 0.8390625 0.70390625 0.028125 0.0265625
6 0.8296875 0.715625 0.034375 0.03125
6 0.72578125 0.68203125 0.0296875 0.0265625
6 0.78515625 0.6578125 0.0359375 0.028125
6 0.3859375 0.70546875 0.03125 0.0296875
6 0.57734375 0.57734375 0.0359375 0.0296875
6 0.54921875 0.62890625 0.0328125 0.0265625
6 0.56015625 0.61640625 0.0359375 0.0296875
6 0.51328125 0.625 0.0296875 0.028125
6 0.50859375 0.6390625 0.0265625 0.025
6 0.496875 0.646875 0.028125 0.03125
6 0.51328125 0.69140625 0.0296875 0.0265625
6 0.4734375 0.68984375 0.034375 0.0296875
6 0.459375 0.71875 0.03125 0.028125
6 0.43359375 0.7671875 0.0296875 0.025
6 0.46171875 0.7859375 0.0359375 0.028125
6 0.40703125 0.80625 0.0296875 0.028125
6 0.35234375 0.75546875 0.0359375 0.0296875
6 0.47890625 0.5453125 0.0328125 0.03125
6 0.70625 0.57890625 0.034375 0.0296875
6 0.48671875 0.52890625 0.0265625 0.0234375
6 0.49296875 0.515625 0.0296875 0.025
6 0.5015625 0.50703125 0.03125 0.0234375
6 0.50546875 0.490625 0.0296875 0.025
6 0.5359375 0.43984375 0.028125 0.0234375
6 0.5453125 0.43203125 0.03125 0.0265625
6 0.5953125 0.3421875 0.034375 0.03125
6 0.6265625 0.28828125 0.0375 0.0328125
6 0.64765625 0.25390625 0.0296875 0.0265625
6 0.65859375 0.23671875 0.0359375 0.0265625
6 0.68359375 0.18671875 0.0296875 0.0265625
6 0.73359375 0.1015625 0.0265625 0.025
6 0.840625 0.1359375 0.03125 0.028125
6 0.55859375 0.55 0.0359375 0.034375
6 0.57265625 0.52578125 0.0296875 0.0265625
6 0.58671875 0.5015625 0.0328125 0.028125
6 0.60078125 0.4734375 0.0328125 0.028125
6 0.7125 0.5640625 0.03125 0.028125
6 0.75546875 0.62890625 0.0359375 0.0328125
6 0.78046875 0.59609375 0.0296875 0.0265625
6 0.79375 0.571875 0.028125 0.025
6 0.80078125 0.55703125 0.0328125 0.0296875
6 0.80859375 0.54140625 0.0328125 0.0296875
6 0.84375 0.48203125 0.028125 0.0265625
6 0.85078125 0.4703125 0.0328125 0.025
6 0.875 0.42734375 0.028125 0.0234375
6 0.8328125 0.565625 0.03125 0.028125
6 0.87265625 0.50234375 0.0328125 0.0328125
6 0.88984375 0.47578125 0.0390625 0.0296875
6 0.9078125 0.4484375 0.0375 0.03125
6 0.671875 0.55859375 0.03125 0.0296875
6 0.7109375 0.49609375 0.034375 0.0296875
6 0.7671875 0.471875 0.03125 0.028125
6 0.73984375 0.44609375 0.0328125 0.0265625
6 0.76796875 0.39609375 0.0390625 0.0328125
6 0.78515625 0.37265625 0.0296875 0.0265625
6 0.63984375 0.41171875 0.0265625 0.0234375
6 0.659375 0.37578125 0.040625 0.0359375
6 0.66953125 0.36171875 0.0265625 0.0234375
6 0.709375 0.3671875 0.03125 0.025
6 0.690625 0.390625 0.028125 0.025
6 0.6671875 0.43203125 0.034375 0.0265625
6 0.65390625 0.453125 0.0328125 0.028125
6 0.64140625 0.46640625 0.0296875 0.0265625
6 0.9578125 0.92578125 0.03125 0.0234375
6 0.88125 0.48828125 0.034375 0.0296875
6 0.90390625 0.58671875 0.0328125 0.0296875
6 0.896875 0.6 0.03125 0.025
6 0.87578125 0.6421875 0.0265625 0.021875
6 0.86640625 0.6546875 0.0328125 0.03125
6 0.8578125 0.6671875 0.03125 0.028125
6 0.740625 0.94765625 0.03125 0.0265625
6 0.7515625 0.85078125 0.028125 0.0234375
6 0.74453125 0.8609375 0.0328125 0.028125
6 0.7375 0.87578125 0.03125 0.0265625
6 0.72265625 0.9 0.0328125 0.028125
6 0.70390625 0.93828125 0.0328125 0.0265625
6 0.69765625 0.95 0.0359375 0.028125
6 0.68828125 0.9625 0.0328125 0.028125
6 0.84375 0.553125 0.034375 0.028125
6 0.77421875 0.60859375 0.0296875 0.0296875
6 0.8640625 0.51484375 0.028125 0.0265625
6 0.8578125 0.52734375 0.03125 0.0265625
6 0.82421875 0.51875 0.0296875 0.025
6 0.85859375 0.4546875 0.0359375 0.028125
6 0.865625 0.440625 0.03125 0.028125
6 0.89609375 0.4625 0.0296875 0.028125
6 0.83515625 0.4953125 0.0328125 0.028125
6 0.8109375 0.390625 0.03125 0.028125
6 0.803125 0.40390625 0.03125 0.0265625
6 0.79453125 0.41953125 0.0296875 0.0234375
6 0.78828125 0.4328125 0.0328125 0.025
6 0.78046875 0.44765625 0.0296875 0.0234375
6 0.65 0.66640625 0.028125 0.0265625
6 0.934375 0.5421875 0.034375 0.025
6 0.9671875 0.475 0.03125 0.03125
6 0.9328125 0.625 0.040625 0.034375
6 0.42890625 0.8375 0.0328125 0.028125
6 0.32578125 0.94453125 0.0328125 0.0265625
6 0.26328125 0.9015625 0.0328125 0.025
6 0.29453125 0.85390625 0.0296875 0.0265625
6 0.90390625 0.8640625 0.0265625 0.03125
6 0.915625 0.87265625 0.025 0.0296875
6 0.84765625 0.98203125 0.0359375 0.0328125
6 0.621875 0.7203125 0.03125 0.028125
6 0.81640625 0.59140625 0.0359375 0.0265625
6 0.4703125 0.55859375 0.0375 0.0296875
6 0.6078125 0.528125 0.03125 0.028125
6 0.61640625 0.5171875 0.0265625 0.025
6 0.5953125 0.4921875 0.034375 0.025
6 0.54375 0.57890625 0.034375 0.0296875
6 0.5296875 0.60390625 0.03125 0.0265625
6 0.52265625 0.61640625 0.0265625 0.0234375
6 0.490625 0.66328125 0.03125 0.0265625
6 0.4671875 0.7078125 0.034375 0.028125
6 0.42265625 0.7828125 0.0359375 0.034375
6 0.36015625 0.74296875 0.0296875 0.0265625
6 0.36796875 0.73203125 0.0296875 0.0296875
6 0.37578125 0.7171875 0.0296875 0.025
6 0.46171875 0.57265625 0.0359375 0.0296875
6 0.5125 0.478125 0.034375 0.028125
6 0.81328125 0.6078125 0.0328125 0.028125
6 0.54765625 0.41640625 0.0296875 0.0296875
6 0.55859375 0.403125 0.0328125 0.025
6 0.571875 0.384375 0.03125 0.028125
6 0.58125 0.365625 0.034375 0.03125
6 0.60390625 0.33046875 0.0296875 0.0296875
6 0.6140625 0.3171875 0.03125 0.028125
6 0.94375 0.809375 0.03125 0.028125
6 0.940625 0.75 0.028125 0.025
6 0.9484375 0.7390625 0.03125 0.028125
6 0.97578125 0.75859375 0.0359375 0.0328125
6 0.82109375 0.95078125 0.0296875 0.0265625
6 0.61640625 0.4515625 0.0328125 0.025
6 0.63125 0.42578125 0.03125 0.0296875
6 0.6484375 0.4046875 0.028125 0.025
6 0.653125 0.39140625 0.034375 0.0265625
6 0.80234375 0.61953125 0.0328125 0.0265625
6 0.79375 0.6328125 0.028125 0.025
6 0.71171875 0.78203125 0.0359375 0.0296875
6 0.70078125 0.79140625 0.0296875 0.0234375
6 0.684375 0.8265625 0.03125 0.028125
6 0.66171875 0.8703125 0.0296875 0.028125
6 0.65234375 0.88046875 0.0265625 0.0265625
6 0.6703125 0.7796875 0.03125 0.03125
6 0.66171875 0.7953125 0.0328125 0.03125
6 0.625 0.853125 0.03125 0.03125
6 0.57578125 0.803125 0.0296875 0.03125
6 0.54921875 0.84453125 0.0296875 0.0296875
6 0.59453125 0.7015625 0.0296875 0.028125
6 0.60078125 0.68671875 0.0328125 0.0296875
6 0.6265625 0.6375 0.03125 0.028125
6 0.68828125 0.5375 0.0359375 0.028125
6 0.73125 0.4625 0.034375 0.034375
6 0.7484375 0.43359375 0.028125 0.0234375
6 0.75703125 0.4234375 0.0296875 0.025
6 0.7640625 0.41171875 0.03125 0.0265625
6 0.7765625 0.38671875 0.028125 0.0234375
6 0.675 0.41953125 0.03125 0.0265625
6 0.71796875 0.34140625 0.0390625 0.0359375
6 0.71640625 0.35703125 0.0328125 0.0265625
6 0.690625 0.32265625 0.034375 0.0296875
6 0.68515625 0.33828125 0.0328125 0.0265625
6 0.678125 0.35234375 0.03125 0.0265625
