6 0.1984375 0.86796875 0.03125 0.0265625
6 0.5765625 0.0203125 0.03125 0.028125
6 0.6046875 0.0359375 0.03125 0.028125
6 0.66953125 0.06484375 0.0296875 0.0265625
6 0.69375 0.0234375 0.03125 0.025
6 0.0859375 0.715625 0.034375 0.03125
6 0.33984375 0.62734375 0.0328125 0.0328125
6 0.33046875 0.640625 0.0359375 0.03125
6 0.04765625 0.70703125 0.0328125 0.0265625
6 0.0140625 0.61640625 0.028125 0.0203125
6 0.04609375 0.56328125 0.0328125 0.0265625
6 0.05390625 0.5515625 0.0296875 0.025
6 0.0625 0.5390625 0.03125 0.025
6 0.0671875 0.52421875 0.03125 0.0234375
6 0.07421875 0.51171875 0.0328125 0.0265625
6 0.04140625 0.50078125 0.0359375 0.0265625
6 0.07109375 0.44765625 0.0359375 0.0265625
6 0.01953125 0.38984375 0.0265625 0.0234375
6 0.053125 0.68984375 0.03125 0.0265625
6 0.24296875 0.7890625 0.0359375 0.028125
6 0.18828125 0.678125 0.0296875 0.028125
6 0.10703125 0.6046875 0.0328125 0.025
6 0.09765625 0.47265625 0.0328125 0.0234375
6 0.021875 0.60234375 0.03125 0.0296875
6 0.03359375 0.5859375 0.0265625 0.025
6 0.040625 0.57421875 0.028125 0.0234375
6 0.08671875 0.5015625 0.0328125 0.028125
6 0.09296875 0.48515625 0.0328125 0.0265625
6 0.11484375 0.44609375 0.0328125 0.0296875
6 0.18359375 0.69296875 0.0296875 0.0234375
6 0.10859375 0.45859375 0.0390625 0.0328125
6 0.0484375 0.48671875 0.0375 0.0328125
6 0.159375 0.72890625 0.0375 0.0328125
6 0.19375 0.74375 0.03125 0.03125
6 0.16875 0.78359375 0.03125 0.0265625
6 0.15390625 0.80703125 0.0296875 0.0265625
6 0.140625 0.83359375 0.03125 0.0296875
6 0.10859375 0.82109375 0.0296875 0.0265625
6 0.09375 0.84453125 0.028125 0.0265625
6 0.08828125 0.85859375 0.0328125 0.0296875
6 0.0640625 0.88125 0.040625 0.034375
6 0.17734375 0.903125 0.0296875 0.025
6 0.190625 0.8796875 0.03125 0.028125
6 0.13515625 0.93359375 0.0265625 0.0359375
6 0.0953125 0.9140625 0.028125 0.0375
6 0.17109375 0.48671875 0.0265625 0.0265625
6 0.1671875 0.5015625 0.03125 0.028125
6 0.13359375 0.55078125 0.0296875 0.0265625
6 0.1265625 0.5625 0.034375 0.028125
6 0.11796875 0.57578125 0.0265625 0.0234375
6 0.09609375 0.61328125 0.0359375 0.0328125
6 0.0890625 0.62890625 0.03125 0.0265625
6 0.075 0.653125 0.028125 0.028125
6 0.07109375 0.66484375 0.0296875 0.0234375
6 0.0625 0.6765625 0.028125 0.025
6 0.0828125 0.63984375 0.028125 0.0234375
6 0.1578125 0.5890625 0.034375 0.028125
6 0.134375 0.846875 0.028125 0.021875
6 0.35546875 0.40078125 0.0328125 0.0265625
6 0.3515625 0.7890625 0.03125 0.034375
5 0.2625 0.8890625 0.03125 0.040625
5 0.63125 0.340625 0.03125 0.040625
5 0.8828125 0.1625 0.03125 0.04375
6 0.9328125 0.065625 0.021875 0.028125
6 0.14140625 0.540625 0.0359375 0.03125
6 0.25 0.6453125 0.034375 0.028125
6 0.2875 0.71640625 0.034375 0.0296875
6 0.265625 0.75859375 0.034375 0.0296875
6 0.025 0.81875 0.03125 0.028125
6 0.07890625 0.7328125 0.0328125 0.025
6 0.13984375 0.62890625 0.0390625 0.0296875
6 0.159375 0.515625 0.03125 0.028125
6 0.14921875 0.52578125 0.0359375 0.0296875
6 0.20234375 0.22578125 0.0328125 0.0265625
6 0.26015625 0.3359375 0.0296875 0.028125
6 0.23125 0.3859375 0.03125 0.03125
6 0.215625 0.415625 0.03125 0.028125
6 0.22734375 0.2515625 0.0296875 0.03125
6 0.2203125 0.265625 0.03125 0.028125
6 0.1953125 0.303125 0.034375 0.025
6 0.1765625 0.3421875 0.03125 0.028125
6 0.1671875 0.35703125 0.028125 0.0296875
6 0.14453125 0.3921875 0.0328125 0.03125
6 0.1390625 0.40703125 0.03125 0.0296875
6 0.13203125 0.42109375 0.0359375 0.0328125
6 0.18203125 0.25234375 0.0328125 0.0265625
6 0.1921875 0.23828125 0.03125 0.0234375
6 0.190625 0.10390625 0.03125 0.0296875
6 0.28671875 0.1421875 0.0265625 0.025
6 0.17578125 0.128125 0.0328125 0.028125
6 0.1671875 0.1421875 0.03125 0.025
6 0.1078125 0.24453125 0.03125 0.0265625
6 0.0984375 0.26328125 0.0375 0.0328125
6 0.11171875 0.38125 0.0296875 0.028125
6 0.10625 0.3921875 0.03125 0.028125
6 0.03359375 0.37265625 0.0328125 0.0265625
6 0.02109375 0.3234375 0.0328125 0.028125
6 0.040625 0.28515625 0.034375 0.0265625
6 0.05625 0.25859375 0.03125 0.0296875
6 0.0859375 0.2109375 0.03125 0.025
6 0.21640625 0.19453125 0.0328125 0.0296875
6 0.26953125 0.3234375 0.0296875 0.025
6 0.2765625 0.30859375 0.0375 0.0328125
6 0.3125 0.24296875 0.03125 0.0265625
6 0.321875 0.23046875 0.028125 0.0265625
6 0.4515625 0.4390625 0.03125 0.025
6 0.44296875 0.45390625 0.0296875 0.0234375
6 0.4234375 0.478125 0.0375 0.03125
6 0.41875 0.49140625 0.034375 0.0265625
6 0.3296875 0.5046875 0.03125 0.025
6 0.27578125 0.5265625 0.0328125 0.028125
6 0.21796875 0.48828125 0.0265625 0.0265625
6 0.22578125 0.47578125 0.0296875 0.0265625
6 0.31640625 0.328125 0.0296875 0.025
6 0.396875 0.39140625 0.028125 0.0234375
6 0.4046875 0.3125 0.028125 0.021875
6 0.49765625 0.2171875 0.0296875 0.028125
6 0.54765625 0.0734375 0.0296875 0.028125
6 0.53671875 0.1546875 0.0359375 0.03125
6 0.64921875 0.09765625 0.0328125 0.0265625
6 0.56328125 0.04765625 0.0328125 0.0296875
6 0.4390625 0.028125 0.03125 0.025
6 0.42421875 0.05234375 0.0359375 0.0328125
6 0.3921875 0.11171875 0.040625 0.0328125
6 0.384375 0.12890625 0.034375 0.0328125
6 0.3515625 0.17890625 0.028125 0.0234375
6 0.34921875 0.19375 0.0265625 0.021875
6 0.3390625 0.20390625 0.028125 0.0265625
6 0.3296875 0.215625 0.034375 0.03125
6 0.22578125 0.18203125 0.0296875 0.0265625
6 0.28515625 0.1578125 0.0359375 0.028125
6 0.48984375 0.36875 0.0328125 0.025
6 0.07734375 0.07734375 0.0359375 0.0296875
6 0.04921875 0.12890625 0.0328125 0.0265625
6 0.06015625 0.11640625 0.0359375 0.0296875
6 0.20625 0.07890625 0.034375 0.0296875
6 0.05859375 0.05 0.0359375 0.034375
6 0.07265625 0.02578125 0.0296875 0.0265625
6 0.2125 0.0640625 0.03125 0.028125
6 0.25546875 0.12890625 0.0359375 0.0328125
6 0.28046875 0.09609375 0.0296875 0.0265625
6 0.29375 0.071875 0.028125 0.025
6 0.30078125 0.05703125 0.0328125 0.0296875
6 0.30859375 0.04140625 0.0328125 0.0296875
6 0.3328125 0.065625 0.03125 0.028125
6 0.171875 0.05859375 0.03125 0.0296875
6 0.4578125 0.42578125 0.03125 0.0234375
6 0.50625 0.34609375 0.034375 0.0296875
6 0.40390625 0.08671875 0.0328125 0.0296875
6 0.396875 0.1 0.03125 0.025
6 0.37578125 0.1421875 0.0265625 0.021875
6 0.36640625 0.1546875 0.0328125 0.03125
6 0.3578125 0.1671875 0.03125 0.028125
6 0.240625 0.44765625 0.03125 0.0265625
6 0.2515625 0.35078125 0.028125 0.0234375
6 0.24453125 0.3609375 0.0328125 0.028125
6 0.2375 0.37578125 0.03125 0.0265625
6 0.22265625 0.4 0.0328125 0.028125
6 0.20390625 0.43828125 0.0328125 0.0265625
6 0.19765625 0.45 0.0359375 0.028125
6 0.18828125 0.4625 0.0328125 0.028125
6 0.34375 0.053125 0.034375 0.028125
6 0.27421875 0.10859375 0.0296875 0.0296875
6 0.3640625 0.01484375 0.028125 0.0265625
6 0.3578125 0.02734375 0.03125 0.0265625
6 0.32421875 0.01875 0.0296875 0.025
6 0.15 0.16640625 0.028125 0.0265625
6 0.434375 0.0421875 0.034375 0.025
6 0.4328125 0.125 0.040625 0.034375
6 0.30859375 0.54609375 0.0359375 0.0265625
6 0.40390625 0.3640625 0.0265625 0.03125
6 0.415625 0.37265625 0.025 0.0296875
6 0.34765625 0.48203125 0.0359375 0.0328125
6 0.33515625 0.4953125 0.0328125 0.03125
6 0.5296875 0.1703125 0.034375 0.028125
6 0.121875 0.2203125 0.03125 0.028125
6 0.31640625 0.09140625 0.0359375 0.0265625
6 0.51328125 0.33203125 0.0296875 0.0234375
6 0.1078125 0.028125 0.03125 0.028125
6 0.11640625 0.0171875 0.0265625 0.025
6 0.04375 0.07890625 0.034375 0.0296875
6 0.0296875 0.10390625 0.03125 0.0265625
6 0.02265625 0.11640625 0.0265625 0.0234375
6 0.31328125 0.1078125 0.0328125 0.028125
6 0.44375 0.309375 0.03125 0.028125
6 0.440625 0.25 0.028125 0.025
6 0.4484375 0.2390625 0.03125 0.028125
6 0.47578125 0.25859375 0.0359375 0.0328125
6 0.6328125 0.1296875 0.034375 0.028125
6 0.596875 0.1921875 0.03125 0.025
6 0.32109375 0.45078125 0.0296875 0.0265625
6 0.30234375 0.11953125 0.0328125 0.0265625
6 0.29375 0.1328125 0.028125 0.025
6 0.21171875 0.28203125 0.0359375 0.0296875
6 0.20078125 0.29140625 0.0296875 0.0234375
6 0.184375 0.3265625 0.03125 0.028125
6 0.16171875 0.3703125 0.0296875 0.028125
6 0.15234375 0.38046875 0.0265625 0.0265625
6 0.1703125 0.2796875 0.03125 0.03125
6 0.16171875 0.2953125 0.0328125 0.03125
6 0.125 0.353125 0.03125 0.03125
6 0.07578125 0.303125 0.0296875 0.03125
6 0.04921875 0.34453125 0.0296875 0.0296875
6 0.09453125 0.2015625 0.0296875 0.028125
6 0.10078125 0.18671875 0.0328125 0.0296875
6 0.1265625 0.1375 0.03125 0.028125
6 0.18828125 0.0375 0.0359375 0.028125
