6 0.13125 0.40546875 0.0625 0.0578125
6 0.75546875 0.16953125 0.0453125 0.0484375
6 0.721875 0.11015625 0.05 0.0546875
6 0.15390625 0.03359375 0.0453125 0.0453125
6 0.30703125 0.18359375 0.0484375 0.0515625
6 0.28828125 0.16328125 0.0515625 0.0484375
6 0.309375 0.2546875 0.046875 0.053125
6 0.29921875 0.284375 0.0515625 0.053125
6 0.2859375 0.30859375 0.046875 0.0453125
6 0.2625 0.35703125 0.046875 0.0484375
6 0.16328125 0.33125 0.0546875 0.05
6 0.18828125 0.35625 0.0640625 0.065625
6 0.103125 0.3859375 0.05625 0.053125
