6 0.71953125 0.98203125 0.0234375 0.0203125
6 0.7296875 0.9703125 0.03125 0.025
6 0.9203125 0.84921875 0.025 0.0203125
6 0.88515625 0.84609375 0.0359375 0.0328125
6 0.878125 0.85859375 0.028125 0.0234375
6 0.85546875 0.89375 0.0359375 0.028125
6 0.77734375 0.8796875 0.0296875 0.025
6 0.8171875 0.81953125 0.034375 0.0296875
6 0.9609375 0.928125 0.034375 0.03125
6 0.9484375 0.953125 0.03125 0.03125
6 0.97578125 0.96796875 0.0296875 0.0234375
6 0.83125 0.7921875 0.03125 0.028125
6 0.6671875 0.8 0.025 0.03125
6 0.90703125 0.440625 0.0234375 0.03125
6 0.21171875 0.1078125 0.0296875 0.028125
6 0.20078125 0.12109375 0.0328125 0.0265625
6 0.19140625 0.13359375 0.0328125 0.0296875
6 0.115625 0.26484375 0.028125 0.0265625
6 0.1265625 0.253125 0.028125 0.025
6 0.6109375 0.328125 0.025 0.021875
6 0.6 0.35234375 0.034375 0.0234375
6 0.77890625 0.66328125 0.0234375 0.0296875
6 0.85546875 0.5859375 0.0234375 0.03125
6 0.75234375 0.7 0.0296875 0.0375
6 0.7109375 0.71875 0.028125 0.0375
6 0.62890625 0.87890625 0.0234375 0.0328125
6 0.61328125 0.915625 0.0234375 0.034375
6 0.553125 0.14140625 0.025 0.0328125
6 0.5171875 0.12265625 0.021875 0.0296875
6 0.5375 0.13046875 0.028125 0.0296875
6 0.8859375 0.70546875 0.03125 0.0296875
6 0.9734375 0.68984375 0.034375 0.0296875
6 0.959375 0.71875 0.03125 0.028125
6 0.93359375 0.7671875 0.0296875 0.025
6 0.96171875 0.7859375 0.0359375 0.028125
6 0.90703125 0.80625 0.0296875 0.028125
6 0.85234375 0.75546875 0.0359375 0.0296875
6 0.97890625 0.5453125 0.0328125 0.03125
6 0.92890625 0.8375 0.0328125 0.028125
6 0.82578125 0.94453125 0.0328125 0.0265625
6 0.76328125 0.9015625 0.0328125 0.025
6 0.79453125 0.85390625 0.0296875 0.0265625
6 0.9703125 0.55859375 0.0375 0.0296875
6 0.9671875 0.7078125 0.034375 0.028125
6 0.92265625 0.7828125 0.0359375 0.034375
6 0.86015625 0.74296875 0.0296875 0.0265625
6 0.86796875 0.73203125 0.0296875 0.0296875
6 0.87578125 0.7171875 0.0296875 0.025
6 0.96171875 0.57265625 0.0359375 0.0296875
