6 0.70234375 0.80546875 0.0265625 0.0234375
6 0.7078125 0.790625 0.025 0.021875
6 0.7171875 0.77734375 0.03125 0.0296875
6 0.72890625 0.7609375 0.0234375 0.028125
6 0.75390625 0.7578125 0.0203125 0.03125
6 0.76796875 0.7671875 0.0234375 0.03125
6 0.69453125 0.8171875 0.0296875 0.021875
6 0.74453125 0.87265625 0.0296875 0.0265625
6 0.6609375 0.86484375 0.03125 0.0234375
6 0.734375 0.89921875 0.025 0.0328125
6 0.6796875 0.9828125 0.03125 0.03125
6 0.6984375 0.95859375 0.034375 0.0296875
6 0.75390625 0.86015625 0.0296875 0.0265625
6 0.7453125 0.9078125 0.021875 0.028125
6 0.65390625 0.878125 0.0296875 0.025
6 0.6703125 0.85 0.028125 0.021875
6 0.6859375 0.83046875 0.03125 0.0265625
6 0.78203125 0.93125 0.0265625 0.034375
6 0.77109375 0.92109375 0.0234375 0.0296875
6 0.759375 0.91328125 0.025 0.0296875
6 0.59609375 0.98125 0.0328125 0.028125
6 0.7296875 0.97578125 0.034375 0.0296875
6 0.48125 0.903125 0.025 0.03125
