6 0.89140625 0.54453125 0.0234375 0.0203125
6 0.865625 0.52734375 0.03125 0.0265625
6 0.9609375 0.7796875 0.034375 0.03125
6 0.96796875 0.7640625 0.0328125 0.03125
6 0.97734375 0.9625 0.0328125 0.03125
6 0.9296875 0.8375 0.03125 0.025
6 0.94765625 0.86953125 0.0296875 0.0296875
6 0.9125 0.8609375 0.03125 0.03125
6 0.90390625 0.87265625 0.0328125 0.0296875
6 0.79765625 0.64609375 0.0296875 0.0265625
6 0.79140625 0.65859375 0.0296875 0.0265625
6 0.78515625 0.6703125 0.0328125 0.025
6 0.7484375 0.72109375 0.03125 0.0234375
6 0.74140625 0.734375 0.0296875 0.025
6 0.771875 0.75390625 0.03125 0.0265625
6 0.7625 0.76640625 0.028125 0.0265625
6 0.75625 0.77890625 0.034375 0.0265625
6 0.81328125 0.81875 0.0296875 0.028125
6 0.834375 0.7875 0.034375 0.03125
6 0.84296875 0.77421875 0.0296875 0.0296875
6 0.84921875 0.76015625 0.0296875 0.0265625
6 0.85625 0.74375 0.028125 0.025
6 0.8734375 0.72109375 0.034375 0.0265625
6 0.94375 0.66875 0.03125 0.025
6 0.9171875 0.71171875 0.03125 0.0265625
6 0.9109375 0.721875 0.028125 0.021875
6 0.896875 0.7484375 0.028125 0.025
6 0.871875 0.7921875 0.028125 0.025
6 0.88984375 0.9015625 0.0328125 0.03125
6 0.9140625 0.93125 0.028125 0.025
6 0.96640625 0.8453125 0.0296875 0.028125
6 0.93984375 0.88828125 0.0328125 0.0296875
6 0.9359375 0.821875 0.034375 0.03125
6 0.95625 0.859375 0.028125 0.025
6 0.98125 0.7484375 0.03125 0.028125
6 0.7734375 0.5375 0.034375 0.028125
6 0.85078125 0.5515625 0.0359375 0.034375
6 0.8796875 0.56953125 0.040625 0.0328125
6 0.86796875 0.5828125 0.0359375 0.028125
6 0.8359375 0.5796875 0.028125 0.025
6 0.8265625 0.59375 0.03125 0.028125
6 0.84375 0.62265625 0.028125 0.0265625
6 0.725 0.7625 0.034375 0.03125
6 0.734375 0.7484375 0.034375 0.028125
6 0.765625 0.69765625 0.034375 0.0265625
6 0.75859375 0.7125 0.0328125 0.028125
6 0.7875 0.73046875 0.03125 0.0296875
6 0.87734375 0.709375 0.0359375 0.03125
6 0.89765625 0.67265625 0.0328125 0.0296875
6 0.9078125 0.6609375 0.034375 0.028125
6 0.91484375 0.6484375 0.0328125 0.025
6 0.91875 0.63125 0.03125 0.028125
6 0.93515625 0.6078125 0.0390625 0.03125
6 0.95 0.6546875 0.034375 0.028125
6 0.92578125 0.6984375 0.0296875 0.025
6 0.85625 0.821875 0.034375 0.028125
6 0.87890625 0.77734375 0.0296875 0.0265625
6 0.8890625 0.7625 0.03125 0.028125
6 0.82421875 0.80390625 0.0296875 0.0265625
6 0.8 0.8484375 0.03125 0.03125
6 0.88046875 0.915625 0.0296875 0.025
6 0.9109375 0.29609375 0.028125 0.0234375
6 0.91953125 0.2828125 0.0265625 0.021875
6 0.9296875 0.26953125 0.028125 0.0234375
6 0.93515625 0.25390625 0.0296875 0.0265625
6 0.95546875 0.21875 0.0328125 0.028125
6 0.97734375 0.18046875 0.0265625 0.0234375
6 0.8890625 0.3359375 0.03125 0.025
6 0.89765625 0.32109375 0.0296875 0.0265625
6 0.875 0.3578125 0.03125 0.028125
6 0.9453125 0.24296875 0.03125 0.0265625
6 0.953125 0.38046875 0.03125 0.0234375
6 0.94296875 0.3875 0.0296875 0.021875
6 0.93203125 0.41484375 0.0296875 0.0265625
6 0.90703125 0.4515625 0.0390625 0.028125
6 0.89765625 0.46328125 0.0296875 0.0234375
6 0.8796875 0.50078125 0.03125 0.0265625
6 0.7796875 0.521875 0.03125 0.025
6 0.79765625 0.49921875 0.0296875 0.0265625
6 0.80234375 0.48671875 0.0296875 0.0234375
6 0.8328125 0.43203125 0.03125 0.0296875
6 0.90390625 0.31171875 0.0296875 0.0234375
6 0.965625 0.20546875 0.034375 0.0328125
6 0.97421875 0.54296875 0.0328125 0.0296875
6 0.95703125 0.36484375 0.0328125 0.0265625
6 0.98046875 0.32421875 0.0328125 0.0296875
6 0.93046875 0.47734375 0.0328125 0.0296875
6 0.95625 0.575 0.03125 0.025
6 0.98125 0.39375 0.034375 0.028125
6 0.96484375 0.63515625 0.0390625 0.0328125
6 0.86875 0.371875 0.028125 0.028125
6 0.87265625 0.5125 0.0296875 0.028125
6 0.8875 0.48984375 0.03125 0.0296875
6 0.89453125 0.475 0.0265625 0.025
6 0.915625 0.43828125 0.03125 0.0296875
6 0.92265625 0.42265625 0.0296875 0.0265625
6 0.96484375 0.35 0.0296875 0.028125
6 0.97265625 0.334375 0.0328125 0.028125
6 0.865625 0.596875 0.03125 0.028125
6 0.74296875 0.59140625 0.0265625 0.0234375
6 0.81171875 0.47109375 0.0328125 0.0296875
6 0.82578125 0.44609375 0.0328125 0.0265625
6 0.8484375 0.40859375 0.03125 0.0234375
6 0.8546875 0.3953125 0.03125 0.028125
6 0.9140625 0.5078125 0.034375 0.028125
6 0.921875 0.48984375 0.028125 0.0265625
6 0.96640625 0.41484375 0.0328125 0.0265625
6 0.94453125 0.4546875 0.0296875 0.028125
6 0.89609375 0.52890625 0.0296875 0.0296875
6 0.80546875 0.63203125 0.0328125 0.0265625
6 0.80859375 0.61796875 0.0296875 0.0265625
6 0.81953125 0.6078125 0.0265625 0.028125
6 0.5640625 0.709375 0.025 0.03125
6 0.40703125 0.940625 0.0234375 0.03125
6 0.1109375 0.828125 0.025 0.021875
6 0.1 0.85234375 0.034375 0.0234375
6 0.603125 0.59296875 0.025 0.0328125
6 0.71875 0.45 0.025 0.034375
6 0.053125 0.64140625 0.025 0.0328125
6 0.86796875 0.1875 0.0265625 0.034375
6 0.0171875 0.62265625 0.021875 0.0296875
6 0.0375 0.63046875 0.028125 0.0296875
6 0.83046875 0.65234375 0.0359375 0.0328125
6 0.5359375 0.93984375 0.028125 0.0234375
6 0.5453125 0.93203125 0.03125 0.0265625
6 0.5953125 0.8421875 0.034375 0.03125
6 0.6265625 0.78828125 0.0375 0.0328125
6 0.64765625 0.75390625 0.0296875 0.0265625
6 0.65859375 0.73671875 0.0359375 0.0265625
6 0.68359375 0.68671875 0.0296875 0.0265625
6 0.73359375 0.6015625 0.0265625 0.025
6 0.840625 0.6359375 0.03125 0.028125
6 0.60078125 0.9734375 0.0328125 0.028125
6 0.84375 0.98203125 0.028125 0.0265625
6 0.85078125 0.9703125 0.0328125 0.025
6 0.875 0.92734375 0.028125 0.0234375
6 0.88984375 0.97578125 0.0390625 0.0296875
6 0.9078125 0.9484375 0.0375 0.03125
6 0.7671875 0.971875 0.03125 0.028125
6 0.73984375 0.94609375 0.0328125 0.0265625
6 0.76796875 0.89609375 0.0390625 0.0328125
6 0.78515625 0.87265625 0.0296875 0.0265625
6 0.63984375 0.91171875 0.0265625 0.0234375
6 0.659375 0.87578125 0.040625 0.0359375
6 0.66953125 0.86171875 0.0265625 0.0234375
6 0.709375 0.8671875 0.03125 0.025
6 0.690625 0.890625 0.028125 0.025
6 0.6671875 0.93203125 0.034375 0.0265625
6 0.65390625 0.953125 0.0328125 0.028125
6 0.64140625 0.96640625 0.0296875 0.0265625
6 0.85859375 0.9546875 0.0359375 0.028125
6 0.865625 0.940625 0.03125 0.028125
6 0.89609375 0.9625 0.0296875 0.028125
6 0.8109375 0.890625 0.03125 0.028125
6 0.803125 0.90390625 0.03125 0.0265625
6 0.79453125 0.91953125 0.0296875 0.0234375
6 0.78828125 0.9328125 0.0328125 0.025
6 0.78046875 0.94765625 0.0296875 0.0234375
6 0.9671875 0.975 0.03125 0.03125
6 0.5125 0.978125 0.034375 0.028125
6 0.54765625 0.91640625 0.0296875 0.0296875
6 0.55859375 0.903125 0.0328125 0.025
6 0.571875 0.884375 0.03125 0.028125
6 0.58125 0.865625 0.034375 0.03125
6 0.60390625 0.83046875 0.0296875 0.0296875
6 0.6140625 0.8171875 0.03125 0.028125
6 0.61640625 0.9515625 0.0328125 0.025
6 0.63125 0.92578125 0.03125 0.0296875
6 0.6484375 0.9046875 0.028125 0.025
6 0.653125 0.89140625 0.034375 0.0265625
6 0.73125 0.9625 0.034375 0.034375
6 0.7484375 0.93359375 0.028125 0.0234375
6 0.75703125 0.9234375 0.0296875 0.025
6 0.7640625 0.91171875 0.03125 0.0265625
6 0.7765625 0.88671875 0.028125 0.0234375
6 0.675 0.91953125 0.03125 0.0265625
6 0.71796875 0.84140625 0.0390625 0.0359375
6 0.71640625 0.85703125 0.0328125 0.0265625
6 0.690625 0.82265625 0.034375 0.0296875
6 0.68515625 0.83828125 0.0328125 0.0265625
6 0.678125 0.85234375 0.03125 0.0265625
