6 0.6734375 0.4890625 0.0375 0.03125
6 0.76015625 0.47890625 0.0359375 0.0296875
6 0.72890625 0.534375 0.0296875 0.025
6 0.6390625 0.69453125 0.03125 0.0296875
6 0.6546875 0.66875 0.03125 0.03125
6 0.665625 0.6390625 0.0375 0.03125
6 0.690625 0.60078125 0.0375 0.0328125
6 0.578125 0.6515625 0.03125 0.028125
6 0.5875 0.6390625 0.034375 0.03125
6 0.60390625 0.6125 0.0359375 0.03125
6 0.61171875 0.59921875 0.0359375 0.0296875
6 0.61875 0.58671875 0.03125 0.0265625
6 0.63203125 0.55859375 0.0296875 0.0265625
6 0.65078125 0.52890625 0.0328125 0.0296875
6 0.68671875 0.46328125 0.0296875 0.0296875
6 0.7828125 0.4421875 0.034375 0.034375
6 0.696875 0.44765625 0.03125 0.0296875
6 0.7046875 0.4328125 0.028125 0.025
6 0.7125 0.41875 0.03125 0.028125
6 0.73984375 0.38046875 0.0328125 0.0265625
6 0.78828125 0.29609375 0.0296875 0.0234375
6 0.8015625 0.26640625 0.034375 0.0296875
6 0.83046875 0.215625 0.0265625 0.025
6 0.8375 0.2046875 0.028125 0.025
6 0.8546875 0.178125 0.028125 0.025
6 0.6828125 0.4078125 0.025 0.025
6 0.51328125 0.54375 0.0265625 0.021875
6 0.52265625 0.53125 0.0296875 0.028125
6 0.64609375 0.68203125 0.0328125 0.0265625
6 0.7671875 0.4671875 0.034375 0.03125
6 0.7921875 0.43125 0.03125 0.028125
6 0.97421875 0.1125 0.0328125 0.03125
6 0.78515625 0.6625 0.0328125 0.03125
6 0.90625 0.6609375 0.034375 0.03125
6 0.93515625 0.60859375 0.0328125 0.0296875
6 0.85703125 0.60703125 0.0328125 0.0296875
6 0.9484375 0.4515625 0.034375 0.025
6 0.9453125 0.38359375 0.028125 0.0296875
6 0.975 0.3328125 0.03125 0.03125
6 0.70546875 0.64921875 0.0328125 0.0296875
6 0.725 0.61875 0.03125 0.028125
6 0.8640625 0.384375 0.03125 0.025
6 0.871875 0.371875 0.034375 0.028125
6 0.975 0.19609375 0.03125 0.0265625
6 0.9453125 0.2453125 0.034375 0.03125
6 0.965625 0.1359375 0.03125 0.028125
6 0.81484375 0.39375 0.0296875 0.028125
6 0.9546875 0.15 0.034375 0.034375
6 0.94609375 0.1625 0.0359375 0.03125
6 0.9375 0.1765625 0.03125 0.028125
6 0.92734375 0.203125 0.0296875 0.025
6 0.9171875 0.2140625 0.034375 0.03125
6 0.91015625 0.22734375 0.0296875 0.0265625
6 0.878125 0.27578125 0.028125 0.0234375
6 0.8734375 0.2890625 0.03125 0.025
6 0.865625 0.30390625 0.028125 0.0234375
6 0.8515625 0.3296875 0.03125 0.025
6 0.84375 0.340625 0.03125 0.028125
6 0.8359375 0.353125 0.028125 0.025
6 0.82734375 0.36640625 0.0328125 0.0265625
6 0.65859375 0.6515625 0.0359375 0.025
6 0.6796875 0.6140625 0.03125 0.028125
6 0.64296875 0.54453125 0.0296875 0.0265625
6 0.871875 0.15 0.028125 0.021875
6 0.73125 0.39296875 0.028125 0.0265625
6 0.70546875 0.3703125 0.0296875 0.025
6 0.7078125 0.35703125 0.0375 0.0296875
6 0.728125 0.31796875 0.028125 0.0234375
6 0.7375 0.3078125 0.034375 0.028125
6 0.7453125 0.2921875 0.034375 0.028125
6 0.75390625 0.28046875 0.0328125 0.0265625
6 0.75703125 0.26796875 0.0296875 0.0265625
6 0.7671875 0.25625 0.025 0.025
6 0.784375 0.2296875 0.03125 0.028125
6 0.8125 0.18203125 0.034375 0.0265625
6 0.81875 0.16796875 0.03125 0.0265625
6 0.865625 0.1640625 0.03125 0.028125
6 0.8796875 0.1359375 0.034375 0.028125
6 0.503125 0.28515625 0.034375 0.0265625
6 0.88828125 0.11953125 0.0328125 0.0296875
6 0.89453125 0.1046875 0.0359375 0.028125
6 0.8421875 0.121875 0.034375 0.03125
6 0.49296875 0.584375 0.0328125 0.025
6 0.39140625 0.54453125 0.0234375 0.0203125
6 0.365625 0.52734375 0.03125 0.0265625
6 0.5484375 0.6328125 0.03125 0.028125
6 0.55625 0.61796875 0.028125 0.0265625
6 0.56640625 0.5890625 0.0359375 0.03125
6 0.59296875 0.55625 0.0296875 0.028125
6 0.6 0.54140625 0.03125 0.0296875
6 0.60859375 0.52734375 0.0296875 0.0265625
6 0.6859375 0.39375 0.03125 0.03125
6 0.7484375 0.36875 0.0375 0.03125
6 0.75 0.35234375 0.034375 0.0296875
6 0.76015625 0.33984375 0.0328125 0.0265625
6 0.771875 0.321875 0.03125 0.028125
6 0.7359375 0.521875 0.025 0.021875
6 0.74453125 0.50859375 0.0328125 0.0296875
6 0.68125 0.475 0.028125 0.025
6 0.80390625 0.40625 0.0328125 0.03125
6 0.7984375 0.41953125 0.03125 0.0265625
6 0.821875 0.38046875 0.028125 0.0234375
6 0.85546875 0.31640625 0.0359375 0.0296875
6 0.88828125 0.26484375 0.0296875 0.0234375
6 0.89140625 0.2515625 0.0359375 0.028125
6 0.89921875 0.23984375 0.0328125 0.0265625
6 0.9328125 0.19140625 0.034375 0.0265625
6 0.79453125 0.2828125 0.0296875 0.028125
6 0.81796875 0.24453125 0.0296875 0.0265625
6 0.82265625 0.2296875 0.0328125 0.028125
6 0.84765625 0.190625 0.0265625 0.025
6 0.58671875 0.41875 0.0296875 0.021875
6 0.65859375 0.44375 0.0265625 0.025
6 0.62421875 0.5734375 0.0296875 0.021875
6 0.6640625 0.50390625 0.03125 0.0265625
6 0.540625 0.6453125 0.028125 0.025
6 0.56328125 0.6078125 0.0296875 0.025
6 0.57890625 0.584375 0.0265625 0.025
6 0.584375 0.57109375 0.03125 0.0296875
6 0.615625 0.51796875 0.028125 0.0296875
6 0.63515625 0.48359375 0.0359375 0.0328125
6 0.64453125 0.47109375 0.0328125 0.0296875
6 0.66953125 0.43203125 0.0328125 0.0296875
6 0.803125 0.7015625 0.03125 0.028125
6 0.76015625 0.70078125 0.0328125 0.0296875
6 0.7546875 0.71484375 0.028125 0.0265625
6 0.5859375 0.77890625 0.03125 0.0296875
6 0.4609375 0.7796875 0.034375 0.03125
6 0.46796875 0.7640625 0.0328125 0.03125
6 0.4875 0.803125 0.028125 0.025
6 0.4953125 0.7875 0.028125 0.025
6 0.50625 0.77734375 0.03125 0.0265625
6 0.5125 0.76171875 0.034375 0.0296875
6 0.51875 0.7484375 0.028125 0.025
6 0.5375 0.721875 0.03125 0.025
6 0.55234375 0.69375 0.0328125 0.03125
6 0.625 0.7 0.034375 0.03125
6 0.625 0.71640625 0.03125 0.0234375
6 0.61640625 0.72890625 0.0328125 0.0296875
6 0.59296875 0.7671875 0.0296875 0.025
6 0.5796875 0.79296875 0.028125 0.0234375
6 0.71640625 0.9828125 0.0234375 0.021875
6 0.55859375 0.834375 0.0328125 0.028125
6 0.47734375 0.9625 0.0328125 0.03125
6 0.49765625 0.9375 0.0296875 0.021875
6 0.5046875 0.9234375 0.03125 0.025
6 0.51640625 0.896875 0.0359375 0.03125
6 0.56875 0.88984375 0.03125 0.0265625
6 0.67734375 0.83984375 0.0359375 0.0296875
6 0.7125 0.85625 0.03125 0.028125
6 0.69765625 0.88203125 0.0328125 0.0234375
6 0.63515625 0.91640625 0.0359375 0.0328125
6 0.4296875 0.8375 0.03125 0.025
6 0.44765625 0.86953125 0.0296875 0.0296875
6 0.4125 0.8609375 0.03125 0.03125
6 0.40390625 0.87265625 0.0328125 0.0296875
6 0.29765625 0.64609375 0.0296875 0.0265625
6 0.29140625 0.65859375 0.0296875 0.0265625
6 0.28515625 0.6703125 0.0328125 0.025
6 0.2484375 0.72109375 0.03125 0.0234375
6 0.24140625 0.734375 0.0296875 0.025
6 0.271875 0.75390625 0.03125 0.0265625
6 0.2625 0.76640625 0.028125 0.0265625
6 0.25625 0.77890625 0.034375 0.0265625
6 0.31328125 0.81875 0.0296875 0.028125
6 0.334375 0.7875 0.034375 0.03125
6 0.34296875 0.77421875 0.0296875 0.0296875
6 0.34921875 0.76015625 0.0296875 0.0265625
6 0.35625 0.74375 0.028125 0.025
6 0.3734375 0.72109375 0.034375 0.0265625
6 0.44375 0.66875 0.03125 0.025
6 0.4171875 0.71171875 0.03125 0.0265625
6 0.4109375 0.721875 0.028125 0.021875
6 0.396875 0.7484375 0.028125 0.025
6 0.371875 0.7921875 0.028125 0.025
6 0.5265625 0.66796875 0.0375 0.0296875
6 0.52265625 0.68515625 0.0265625 0.0234375
6 0.5140625 0.6953125 0.03125 0.028125
6 0.49921875 0.72265625 0.0296875 0.0296875
6 0.38984375 0.9015625 0.0328125 0.03125
6 0.4140625 0.93125 0.028125 0.025
6 0.46640625 0.8453125 0.0296875 0.028125
6 0.43984375 0.88828125 0.0328125 0.0296875
6 0.74140625 0.9484375 0.0296875 0.028125
6 0.74765625 0.72890625 0.0328125 0.0296875
6 0.71640625 0.78046875 0.0328125 0.0265625
6 0.528125 0.7375 0.03125 0.025
6 0.4359375 0.821875 0.034375 0.03125
6 0.45625 0.859375 0.028125 0.025
6 0.61796875 0.9453125 0.0296875 0.028125
6 0.4859375 0.95078125 0.03125 0.0296875
6 0.59609375 0.753125 0.0390625 0.03125
6 0.5640625 0.81875 0.03125 0.028125
6 0.59453125 0.8390625 0.0296875 0.025
6 0.6515625 0.89453125 0.028125 0.0234375
6 0.778125 0.875 0.0375 0.03125
6 0.76328125 0.90703125 0.0390625 0.0328125
6 0.60859375 0.7421875 0.0328125 0.028125
6 0.64375 0.7671875 0.03125 0.028125
6 0.7640625 0.765625 0.03125 0.03125
6 0.74609375 0.9296875 0.0328125 0.03125
6 0.83125 0.79140625 0.0375 0.0328125
6 0.846875 0.76484375 0.03125 0.0265625
6 0.96328125 0.36171875 0.0328125 0.0296875
6 0.86875 0.72578125 0.034375 0.0296875
6 0.87890625 0.70234375 0.0359375 0.0296875
6 0.8234375 0.6015625 0.03125 0.03125
6 0.94921875 0.58359375 0.0328125 0.0296875
6 0.88203125 0.4984375 0.0390625 0.034375
6 0.9328125 0.47734375 0.03125 0.0296875
6 0.965625 0.4265625 0.034375 0.028125
6 0.9203125 0.43671875 0.03125 0.0296875
6 0.79921875 0.63984375 0.0328125 0.0296875
6 0.86328125 0.73984375 0.0328125 0.0265625
6 0.54453125 0.70546875 0.0296875 0.0234375
6 0.5640625 0.67890625 0.0375 0.0328125
6 0.48828125 0.7359375 0.0328125 0.03125
6 0.48125 0.7484375 0.03125 0.028125
6 0.79921875 0.840625 0.0359375 0.03125
6 0.2734375 0.5375 0.034375 0.028125
6 0.35078125 0.5515625 0.0359375 0.034375
6 0.3796875 0.56953125 0.040625 0.0328125
6 0.36796875 0.5828125 0.0359375 0.028125
6 0.3359375 0.5796875 0.028125 0.025
6 0.3265625 0.59375 0.03125 0.028125
6 0.34375 0.62265625 0.028125 0.0265625
6 0.225 0.7625 0.034375 0.03125
6 0.234375 0.7484375 0.034375 0.028125
6 0.265625 0.69765625 0.034375 0.0265625
6 0.25859375 0.7125 0.0328125 0.028125
6 0.2875 0.73046875 0.03125 0.0296875
6 0.37734375 0.709375 0.0359375 0.03125
6 0.39765625 0.67265625 0.0328125 0.0296875
6 0.4078125 0.6609375 0.034375 0.028125
6 0.41484375 0.6484375 0.0328125 0.025
6 0.41875 0.63125 0.03125 0.028125
6 0.43515625 0.6078125 0.0390625 0.03125
6 0.45 0.6546875 0.034375 0.028125
6 0.42578125 0.6984375 0.0296875 0.025
6 0.35625 0.821875 0.034375 0.028125
6 0.37890625 0.77734375 0.0296875 0.0265625
6 0.3890625 0.7625 0.03125 0.028125
6 0.32421875 0.80390625 0.0296875 0.0265625
6 0.3 0.8484375 0.03125 0.03125
6 0.38046875 0.915625 0.0296875 0.025
6 0.69609375 0.38203125 0.0328125 0.0296875
6 0.71796875 0.34609375 0.0265625 0.0234375
6 0.72578125 0.33203125 0.0328125 0.0265625
6 0.4109375 0.29609375 0.028125 0.0234375
6 0.41953125 0.2828125 0.0265625 0.021875
6 0.4296875 0.26953125 0.028125 0.0234375
6 0.43515625 0.25390625 0.0296875 0.0265625
6 0.45546875 0.21875 0.0328125 0.028125
6 0.47734375 0.18046875 0.0265625 0.0234375
6 0.50703125 0.13125 0.0296875 0.028125
6 0.5171875 0.1203125 0.03125 0.025
6 0.528125 0.0953125 0.034375 0.028125
6 0.54609375 0.06953125 0.0359375 0.0296875
6 0.56328125 0.04609375 0.0296875 0.0234375
6 0.56796875 0.03359375 0.0296875 0.0234375
6 0.64296875 0.046875 0.0390625 0.03125
6 0.6859375 0.04140625 0.03125 0.0296875
6 0.69375 0.028125 0.028125 0.021875
6 0.703125 0.015625 0.028125 0.025
6 0.3890625 0.3359375 0.03125 0.025
6 0.39765625 0.32109375 0.0296875 0.0265625
6 0.375 0.3578125 0.03125 0.028125
6 0.7796875 0.2421875 0.028125 0.021875
6 0.4453125 0.24296875 0.03125 0.0265625
6 0.453125 0.38046875 0.03125 0.0234375
6 0.44296875 0.3875 0.0296875 0.021875
6 0.43203125 0.41484375 0.0296875 0.0265625
6 0.40703125 0.4515625 0.0390625 0.028125
6 0.39765625 0.46328125 0.0296875 0.0234375
6 0.3796875 0.50078125 0.03125 0.0265625
6 0.2796875 0.521875 0.03125 0.025
6 0.29765625 0.49921875 0.0296875 0.0265625
6 0.30234375 0.48671875 0.0296875 0.0234375
6 0.3328125 0.43203125 0.03125 0.0296875
6 0.40390625 0.31171875 0.0296875 0.0234375
6 0.65078125 0.2453125 0.0328125 0.028125
6 0.553125 0.265625 0.034375 0.028125
6 0.465625 0.20546875 0.034375 0.0328125
6 0.47421875 0.54296875 0.0328125 0.0296875
6 0.5 0.14453125 0.025 0.0234375
6 0.68046875 0.1921875 0.0328125 0.028125
6 0.725 0.11796875 0.03125 0.0265625
6 0.7484375 0.08203125 0.03125 0.0265625
6 0.6796875 0.05625 0.03125 0.028125
6 0.6140625 0.09921875 0.028125 0.0234375
6 0.62265625 0.0859375 0.0296875 0.028125
6 0.66171875 0.025 0.0296875 0.025
6 0.66796875 0.0125 0.0296875 0.025
6 0.521875 0.109375 0.028125 0.021875
6 0.571875 0.01796875 0.03125 0.0265625
6 0.45703125 0.36484375 0.0328125 0.0265625
6 0.48046875 0.32421875 0.0328125 0.0296875
6 0.5171875 0.328125 0.03125 0.028125
6 0.5046875 0.35625 0.0375 0.03125
6 0.79375 0.2203125 0.028125 0.025
6 0.796875 0.20625 0.034375 0.028125
6 0.43046875 0.47734375 0.0328125 0.0296875
6 0.56875 0.2421875 0.03125 0.025
6 0.80703125 0.1921875 0.0296875 0.025
6 0.82734375 0.1515625 0.0359375 0.034375
6 0.509375 0.48125 0.03125 0.028125
6 0.9484375 0.0390625 0.021875 0.034375
6 0.93203125 0.0296875 0.0296875 0.04375
6 0.45625 0.575 0.03125 0.025
6 0.5265625 0.45859375 0.03125 0.0234375
6 0.53359375 0.44765625 0.0390625 0.0296875
6 0.540625 0.43046875 0.0375 0.0328125
6 0.5578125 0.409375 0.034375 0.028125
6 0.5859375 0.35703125 0.034375 0.0296875
6 0.62578125 0.35234375 0.0328125 0.0265625
6 0.63359375 0.34140625 0.0328125 0.0265625
6 0.48125 0.39375 0.034375 0.028125
6 0.6671875 0.284375 0.028125 0.025
6 0.69921875 0.23359375 0.0296875 0.0265625
6 0.7046875 0.221875 0.03125 0.025
6 0.7328125 0.1765625 0.03125 0.025
6 0.74140625 0.1640625 0.0296875 0.025
6 0.775 0.09765625 0.03125 0.0265625
6 0.76171875 0.12265625 0.0296875 0.0234375
6 0.496875 0.36953125 0.034375 0.0265625
6 0.46484375 0.63515625 0.0390625 0.0328125
6 0.49375 0.51796875 0.03125 0.0265625
6 0.36875 0.371875 0.028125 0.028125
6 0.65703125 0.09296875 0.0328125 0.0296875
6 0.37265625 0.5125 0.0296875 0.028125
6 0.3875 0.48984375 0.03125 0.0296875
6 0.39453125 0.475 0.0265625 0.025
6 0.415625 0.43828125 0.03125 0.0296875
6 0.42265625 0.42265625 0.0296875 0.0265625
6 0.46484375 0.35 0.0296875 0.028125
6 0.47265625 0.334375 0.0328125 0.028125
6 0.4953125 0.30078125 0.025 0.0234375
6 0.52109375 0.26171875 0.0296875 0.0265625
6 0.53125 0.23515625 0.034375 0.0328125
6 0.578125 0.228125 0.034375 0.034375
6 0.66171875 0.078125 0.0296875 0.028125
6 0.671875 0.06640625 0.028125 0.0265625
6 0.63671875 0.13046875 0.0359375 0.0296875
6 0.365625 0.596875 0.03125 0.028125
6 0.6 0.18984375 0.03125 0.0296875
6 0.55546875 0.19765625 0.0296875 0.0234375
6 0.56484375 0.18671875 0.0296875 0.0265625
6 0.57421875 0.1609375 0.0328125 0.028125
6 0.584375 0.14765625 0.028125 0.0265625
6 0.59609375 0.11953125 0.0328125 0.0328125
6 0.6375 0.06171875 0.028125 0.0296875
6 0.24296875 0.59140625 0.0265625 0.0234375
6 0.31171875 0.47109375 0.0328125 0.0296875
6 0.32578125 0.44609375 0.0328125 0.0265625
6 0.3484375 0.40859375 0.03125 0.0234375
6 0.3546875 0.3953125 0.03125 0.028125
6 0.4140625 0.5078125 0.034375 0.028125
6 0.421875 0.48984375 0.028125 0.0265625
6 0.46640625 0.41484375 0.0328125 0.0265625
6 0.44453125 0.4546875 0.0296875 0.028125
6 0.39609375 0.52890625 0.0296875 0.0296875
6 0.48828125 0.5984375 0.0265625 0.025
6 0.4984375 0.56875 0.03125 0.025
6 0.528125 0.5140625 0.025 0.01875
6 0.509375 0.5546875 0.03125 0.025
6 0.53828125 0.50390625 0.0328125 0.0265625
6 0.55078125 0.48671875 0.0296875 0.0265625
6 0.55859375 0.4703125 0.0296875 0.025
6 0.58125 0.43046875 0.03125 0.0265625
6 0.59609375 0.40390625 0.0328125 0.0296875
6 0.5609375 0.3921875 0.03125 0.03125
6 0.621875 0.3671875 0.034375 0.028125
6 0.64296875 0.325 0.0359375 0.028125
6 0.64921875 0.31328125 0.0296875 0.0265625
6 0.65859375 0.296875 0.0296875 0.028125
6 0.67578125 0.271875 0.0296875 0.028125
6 0.68359375 0.25859375 0.0265625 0.0265625
6 0.690625 0.246875 0.028125 0.025
6 0.5953125 0.3265625 0.0375 0.03125
6 0.7109375 0.20546875 0.034375 0.0328125
6 0.6703125 0.20625 0.03125 0.028125
6 0.721875 0.1921875 0.028125 0.021875
6 0.75625 0.13359375 0.03125 0.0234375
6 0.76484375 0.109375 0.0265625 0.025
6 0.86484375 0.0921875 0.0296875 0.028125
6 0.85625 0.10546875 0.034375 0.0328125
6 0.7890625 0.08203125 0.0375 0.0296875
6 0.30546875 0.63203125 0.0328125 0.0265625
6 0.30859375 0.61796875 0.0296875 0.0265625
6 0.31953125 0.6078125 0.0265625 0.028125
6 0.0640625 0.709375 0.025 0.03125
6 0.103125 0.59296875 0.025 0.0328125
6 0.21875 0.45 0.025 0.034375
6 0.8640625 0.9734375 0.025 0.034375
6 0.36796875 0.1875 0.0265625 0.034375
6 0.33046875 0.65234375 0.0359375 0.0328125
6 0.0359375 0.93984375 0.028125 0.0234375
6 0.0453125 0.93203125 0.03125 0.0265625
6 0.0953125 0.8421875 0.034375 0.03125
6 0.1265625 0.78828125 0.0375 0.0328125
6 0.14765625 0.75390625 0.0296875 0.0265625
6 0.15859375 0.73671875 0.0359375 0.0265625
6 0.18359375 0.68671875 0.0296875 0.0265625
6 0.23359375 0.6015625 0.0265625 0.025
6 0.340625 0.6359375 0.03125 0.028125
6 0.10078125 0.9734375 0.0328125 0.028125
6 0.34375 0.98203125 0.028125 0.0265625
6 0.35078125 0.9703125 0.0328125 0.025
6 0.375 0.92734375 0.028125 0.0234375
6 0.38984375 0.97578125 0.0390625 0.0296875
6 0.4078125 0.9484375 0.0375 0.03125
6 0.2671875 0.971875 0.03125 0.028125
6 0.23984375 0.94609375 0.0328125 0.0265625
6 0.26796875 0.89609375 0.0390625 0.0328125
6 0.28515625 0.87265625 0.0296875 0.0265625
6 0.13984375 0.91171875 0.0265625 0.0234375
6 0.159375 0.87578125 0.040625 0.0359375
6 0.16953125 0.86171875 0.0265625 0.0234375
6 0.209375 0.8671875 0.03125 0.025
6 0.190625 0.890625 0.028125 0.025
6 0.1671875 0.93203125 0.034375 0.0265625
6 0.15390625 0.953125 0.0328125 0.028125
6 0.14140625 0.96640625 0.0296875 0.0265625
6 0.35859375 0.9546875 0.0359375 0.028125
6 0.365625 0.940625 0.03125 0.028125
6 0.39609375 0.9625 0.0296875 0.028125
6 0.3109375 0.890625 0.03125 0.028125
6 0.303125 0.90390625 0.03125 0.0265625
6 0.29453125 0.91953125 0.0296875 0.0234375
6 0.28828125 0.9328125 0.0328125 0.025
6 0.28046875 0.94765625 0.0296875 0.0234375
6 0.4671875 0.975 0.03125 0.03125
6 0.04765625 0.91640625 0.0296875 0.0296875
6 0.05859375 0.903125 0.0328125 0.025
6 0.071875 0.884375 0.03125 0.028125
6 0.08125 0.865625 0.034375 0.03125
6 0.10390625 0.83046875 0.0296875 0.0296875
6 0.1140625 0.8171875 0.03125 0.028125
6 0.11640625 0.9515625 0.0328125 0.025
6 0.13125 0.92578125 0.03125 0.0296875
6 0.1484375 0.9046875 0.028125 0.025
6 0.153125 0.89140625 0.034375 0.0265625
6 0.23125 0.9625 0.034375 0.034375
6 0.2484375 0.93359375 0.028125 0.0234375
6 0.25703125 0.9234375 0.0296875 0.025
6 0.2640625 0.91171875 0.03125 0.0265625
6 0.2765625 0.88671875 0.028125 0.0234375
6 0.175 0.91953125 0.03125 0.0265625
6 0.21796875 0.84140625 0.0390625 0.0359375
6 0.21640625 0.85703125 0.0328125 0.0265625
6 0.190625 0.82265625 0.034375 0.0296875
6 0.18515625 0.83828125 0.0328125 0.0265625
6 0.178125 0.85234375 0.03125 0.0265625
