6 0.18203125 0.97265625 0.0328125 0.0265625
6 0.6984375 0.86796875 0.03125 0.0265625
6 0.15 0.7515625 0.03125 0.028125
6 0.384375 0.7703125 0.03125 0.03125
6 0.39375 0.81875 0.03125 0.025
6 0.403125 0.94375 0.03125 0.028125
6 0.39375 0.96015625 0.0375 0.0328125
6 0.4359375 0.8953125 0.028125 0.028125
6 0.42578125 0.90703125 0.0328125 0.0265625
6 0.346875 0.89765625 0.034375 0.0296875
6 0.325 0.87109375 0.03125 0.0265625
6 0.1640625 0.79140625 0.03125 0.0265625
6 0.253125 0.7796875 0.03125 0.028125
6 0.22890625 0.81640625 0.0328125 0.0328125
6 0.27265625 0.8171875 0.0328125 0.028125
6 0.22421875 0.69453125 0.0359375 0.0328125
6 0.14375 0.7640625 0.03125 0.028125
6 0.5859375 0.715625 0.034375 0.03125
6 0.1203125 0.8015625 0.0375 0.03125
6 0.1921875 0.5328125 0.028125 0.021875
6 0.20078125 0.51796875 0.0359375 0.0296875
6 0.21953125 0.48203125 0.0234375 0.0203125
6 0.2296875 0.4703125 0.03125 0.025
6 0.4203125 0.34921875 0.025 0.0203125
6 0.38515625 0.34609375 0.0359375 0.0328125
6 0.378125 0.35859375 0.028125 0.0234375
6 0.35546875 0.39375 0.0359375 0.028125
6 0.27734375 0.3796875 0.0296875 0.025
6 0.3171875 0.31953125 0.034375 0.0296875
6 0.83984375 0.62734375 0.0328125 0.0328125
6 0.83046875 0.640625 0.0359375 0.03125
6 0.43828125 0.75859375 0.0296875 0.0234375
6 0.40859375 0.728125 0.0328125 0.028125
6 0.340625 0.84453125 0.034375 0.0265625
6 0.3234375 0.6640625 0.03125 0.025
6 0.54765625 0.70703125 0.0328125 0.0265625
6 0.5140625 0.61640625 0.028125 0.0203125
6 0.54609375 0.56328125 0.0328125 0.0265625
6 0.55390625 0.5515625 0.0296875 0.025
6 0.5625 0.5390625 0.03125 0.025
6 0.5671875 0.52421875 0.03125 0.0234375
6 0.57421875 0.51171875 0.0328125 0.0265625
6 0.42109375 0.5609375 0.0265625 0.021875
6 0.42890625 0.54765625 0.0328125 0.0265625
6 0.440625 0.5359375 0.03125 0.025
6 0.45234375 0.50859375 0.0296875 0.0265625
6 0.54140625 0.50078125 0.0359375 0.0265625
6 0.57109375 0.44765625 0.0359375 0.0265625
6 0.51953125 0.38984375 0.0265625 0.0234375
6 0.50546875 0.4171875 0.0296875 0.025
6 0.49453125 0.43203125 0.0296875 0.0265625
6 0.48984375 0.44375 0.0265625 0.025
6 0.4609375 0.428125 0.034375 0.03125
6 0.4484375 0.453125 0.03125 0.03125
6 0.40546875 0.5828125 0.0296875 0.028125
6 0.34140625 0.48984375 0.0359375 0.0296875
6 0.3078125 0.534375 0.0375 0.03125
6 0.28984375 0.71328125 0.0328125 0.0296875
6 0.553125 0.68984375 0.03125 0.0265625
6 0.45859375 0.70859375 0.0296875 0.0265625
6 0.45390625 0.6515625 0.0296875 0.025
6 0.38984375 0.6109375 0.0296875 0.028125
6 0.74296875 0.7890625 0.0359375 0.028125
6 0.68828125 0.678125 0.0296875 0.028125
6 0.60703125 0.6046875 0.0328125 0.025
6 0.59765625 0.47265625 0.0328125 0.0234375
6 0.44296875 0.8796875 0.0296875 0.021875
6 0.36875 0.87109375 0.0375 0.0296875
6 0.41171875 0.79296875 0.0390625 0.0328125
6 0.44375 0.74375 0.034375 0.025
6 0.4796875 0.59765625 0.03125 0.0296875
6 0.496875 0.57265625 0.0375 0.0328125
6 0.4984375 0.6421875 0.028125 0.025
6 0.509375 0.62734375 0.0375 0.0359375
6 0.521875 0.60234375 0.03125 0.0296875
6 0.53359375 0.5859375 0.0265625 0.025
6 0.540625 0.57421875 0.028125 0.0234375
6 0.58671875 0.5015625 0.0328125 0.028125
6 0.59296875 0.48515625 0.0328125 0.0265625
6 0.61484375 0.44609375 0.0328125 0.0296875
6 0.68359375 0.69296875 0.0296875 0.0234375
6 0.60859375 0.45859375 0.0390625 0.0328125
6 0.5484375 0.48671875 0.0375 0.0328125
6 0.44375 0.51875 0.03125 0.025
6 0.47578125 0.46796875 0.0296875 0.0234375
6 0.4828125 0.38515625 0.0375 0.0296875
6 0.33125 0.2921875 0.03125 0.028125
6 0.40390625 0.528125 0.0328125 0.028125
6 0.36328125 0.58671875 0.0296875 0.0265625
6 0.43203125 0.68828125 0.0296875 0.0265625
6 0.3984375 0.740625 0.0375 0.03125
6 0.33828125 0.7078125 0.0359375 0.03125
6 0.3265625 0.71875 0.028125 0.021875
6 0.30546875 0.6875 0.0328125 0.028125
6 0.44921875 0.86875 0.0328125 0.028125
6 0.45546875 0.84921875 0.0328125 0.0296875
6 0.4640625 0.8390625 0.03125 0.025
6 0.471875 0.82890625 0.034375 0.0328125
6 0.659375 0.72890625 0.0375 0.0328125
6 0.69375 0.74375 0.03125 0.03125
6 0.66875 0.78359375 0.03125 0.0265625
6 0.65390625 0.80703125 0.0296875 0.0265625
6 0.640625 0.83359375 0.03125 0.0296875
6 0.60859375 0.82109375 0.0296875 0.0265625
6 0.59375 0.84453125 0.028125 0.0265625
6 0.58828125 0.85859375 0.0328125 0.0296875
6 0.5640625 0.88125 0.040625 0.034375
6 0.67734375 0.903125 0.0296875 0.025
6 0.690625 0.8796875 0.03125 0.028125
6 0.63515625 0.93359375 0.0265625 0.0359375
6 0.5953125 0.9140625 0.028125 0.0375
6 0.67109375 0.48671875 0.0265625 0.0265625
6 0.6671875 0.5015625 0.03125 0.028125
6 0.63359375 0.55078125 0.0296875 0.0265625
6 0.6265625 0.5625 0.034375 0.028125
6 0.61796875 0.57578125 0.0265625 0.0234375
6 0.59609375 0.61328125 0.0359375 0.0328125
6 0.5890625 0.62890625 0.03125 0.0265625
6 0.575 0.653125 0.028125 0.028125
6 0.57109375 0.66484375 0.0296875 0.0234375
6 0.5625 0.6765625 0.028125 0.025
6 0.484375 0.73984375 0.025 0.0328125
6 0.50234375 0.7796875 0.0328125 0.03125
6 0.49375 0.79296875 0.034375 0.0328125
6 0.48203125 0.8140625 0.0359375 0.03125
6 0.5828125 0.63984375 0.028125 0.0234375
6 0.6578125 0.5890625 0.034375 0.028125
6 0.4125 0.9265625 0.034375 0.03125
6 0.1671875 0.3 0.025 0.03125
6 0.27890625 0.16328125 0.0234375 0.0296875
6 0.35546875 0.0859375 0.0234375 0.03125
6 0.25234375 0.2 0.0296875 0.0375
6 0.2109375 0.21875 0.028125 0.0375
6 0.12890625 0.37890625 0.0234375 0.0328125
6 0.11328125 0.415625 0.0234375 0.034375
6 0.01796875 0.6828125 0.0296875 0.0375
6 0.634375 0.846875 0.028125 0.021875
6 0.85546875 0.40078125 0.0328125 0.0265625
6 0.8515625 0.7890625 0.03125 0.034375
5 0.7625 0.8890625 0.03125 0.040625
6 0.64140625 0.540625 0.0359375 0.03125
6 0.0546875 0.97421875 0.03125 0.0328125
6 0.3046875 0.9796875 0.0375 0.03125
6 0.19765625 0.94140625 0.0359375 0.0265625
6 0.1953125 0.8765625 0.040625 0.03125
6 0.14609375 0.96484375 0.0328125 0.0296875
6 0.0359375 0.9484375 0.028125 0.025
6 0.04296875 0.9328125 0.0296875 0.025
6 0.109375 0.82578125 0.03125 0.0234375
6 0.046875 0.78515625 0.03125 0.0265625
6 0.75 0.6453125 0.034375 0.028125
6 0.7875 0.71640625 0.034375 0.0296875
6 0.765625 0.75859375 0.034375 0.0296875
6 0.525 0.81875 0.03125 0.028125
6 0.57890625 0.7328125 0.0328125 0.025
6 0.63984375 0.62890625 0.0390625 0.0296875
6 0.659375 0.515625 0.03125 0.028125
6 0.64921875 0.52578125 0.0359375 0.0296875
6 0.384375 0.9796875 0.03125 0.028125
6 0.265625 0.971875 0.03125 0.028125
6 0.1921875 0.95625 0.0375 0.028125
6 0.2734375 0.96015625 0.03125 0.0296875
6 0.28828125 0.93125 0.0328125 0.025
6 0.22890625 0.890625 0.0359375 0.028125
6 0.21015625 0.92421875 0.0296875 0.0265625
6 0.16875 0.9265625 0.03125 0.028125
6 0.15234375 0.95234375 0.0328125 0.0296875
6 0.0765625 0.934375 0.028125 0.021875
6 0.08671875 0.921875 0.0390625 0.034375
6 0.0765625 0.87421875 0.034375 0.0296875
6 0.12890625 0.8546875 0.0296875 0.025
6 0.03984375 0.796875 0.0328125 0.025
6 0.28671875 0.7265625 0.0328125 0.025
6 0.33515625 0.92734375 0.0359375 0.0296875
6 0.70234375 0.22578125 0.0328125 0.0265625
6 0.76015625 0.3359375 0.0296875 0.028125
6 0.73125 0.3859375 0.03125 0.03125
6 0.715625 0.415625 0.03125 0.028125
6 0.72734375 0.2515625 0.0296875 0.03125
6 0.7203125 0.265625 0.03125 0.028125
6 0.6953125 0.303125 0.034375 0.025
6 0.6765625 0.3421875 0.03125 0.028125
6 0.6671875 0.35703125 0.028125 0.0296875
6 0.64453125 0.3921875 0.0328125 0.03125
6 0.6390625 0.40703125 0.03125 0.0296875
6 0.63203125 0.42109375 0.0359375 0.0328125
6 0.68203125 0.25234375 0.0328125 0.0265625
6 0.6921875 0.23828125 0.03125 0.0234375
6 0.690625 0.10390625 0.03125 0.0296875
6 0.78671875 0.1421875 0.0265625 0.025
6 0.67578125 0.128125 0.0328125 0.028125
6 0.6671875 0.1421875 0.03125 0.025
6 0.490625 0.36484375 0.034375 0.0328125
6 0.6078125 0.24453125 0.03125 0.0265625
6 0.5984375 0.26328125 0.0375 0.0328125
6 0.61171875 0.38125 0.0296875 0.028125
6 0.60625 0.3921875 0.03125 0.028125
6 0.53359375 0.37265625 0.0328125 0.0265625
6 0.52109375 0.3234375 0.0328125 0.028125
6 0.540625 0.28515625 0.034375 0.0265625
6 0.55625 0.25859375 0.03125 0.0296875
6 0.5859375 0.2109375 0.03125 0.025
6 0.71640625 0.19453125 0.0328125 0.0296875
6 0.76953125 0.3234375 0.0296875 0.025
6 0.7765625 0.30859375 0.0375 0.0328125
6 0.8125 0.24296875 0.03125 0.0265625
6 0.821875 0.23046875 0.028125 0.0265625
6 0.9515625 0.4390625 0.03125 0.025
6 0.94296875 0.45390625 0.0296875 0.0234375
6 0.9234375 0.478125 0.0375 0.03125
6 0.91875 0.49140625 0.034375 0.0265625
6 0.8296875 0.5046875 0.03125 0.025
6 0.77578125 0.5265625 0.0328125 0.028125
6 0.71796875 0.48828125 0.0265625 0.0265625
6 0.72578125 0.47578125 0.0296875 0.0265625
6 0.81640625 0.328125 0.0296875 0.025
6 0.896875 0.39140625 0.028125 0.0234375
6 0.9046875 0.3125 0.028125 0.021875
6 0.9390625 0.028125 0.03125 0.025
6 0.92421875 0.05234375 0.0359375 0.0328125
6 0.8921875 0.11171875 0.040625 0.0328125
6 0.884375 0.12890625 0.034375 0.0328125
6 0.8515625 0.17890625 0.028125 0.0234375
6 0.84921875 0.19375 0.0265625 0.021875
6 0.8390625 0.20390625 0.028125 0.0265625
6 0.8296875 0.215625 0.034375 0.03125
6 0.72578125 0.18203125 0.0296875 0.0265625
6 0.78515625 0.1578125 0.0359375 0.028125
6 0.3859375 0.20546875 0.03125 0.0296875
6 0.57734375 0.07734375 0.0359375 0.0296875
6 0.54921875 0.12890625 0.0328125 0.0265625
6 0.56015625 0.11640625 0.0359375 0.0296875
6 0.51328125 0.125 0.0296875 0.028125
6 0.50859375 0.1390625 0.0265625 0.025
6 0.496875 0.146875 0.028125 0.03125
6 0.51328125 0.19140625 0.0296875 0.0265625
6 0.4734375 0.18984375 0.034375 0.0296875
6 0.459375 0.21875 0.03125 0.028125
6 0.43359375 0.2671875 0.0296875 0.025
6 0.46171875 0.2859375 0.0359375 0.028125
6 0.40703125 0.30625 0.0296875 0.028125
6 0.35234375 0.25546875 0.0359375 0.0296875
6 0.47890625 0.0453125 0.0328125 0.03125
6 0.70625 0.07890625 0.034375 0.0296875
6 0.48671875 0.02890625 0.0265625 0.0234375
6 0.49296875 0.015625 0.0296875 0.025
6 0.55859375 0.05 0.0359375 0.034375
6 0.57265625 0.02578125 0.0296875 0.0265625
6 0.7125 0.0640625 0.03125 0.028125
6 0.75546875 0.12890625 0.0359375 0.0328125
6 0.78046875 0.09609375 0.0296875 0.0265625
6 0.79375 0.071875 0.028125 0.025
6 0.80078125 0.05703125 0.0328125 0.0296875
6 0.80859375 0.04140625 0.0328125 0.0296875
6 0.8328125 0.065625 0.03125 0.028125
6 0.671875 0.05859375 0.03125 0.0296875
6 0.9578125 0.42578125 0.03125 0.0234375
6 0.340625 0.91328125 0.034375 0.0265625
6 0.90390625 0.08671875 0.0328125 0.0296875
6 0.896875 0.1 0.03125 0.025
6 0.87578125 0.1421875 0.0265625 0.021875
6 0.86640625 0.1546875 0.0328125 0.03125
6 0.8578125 0.1671875 0.03125 0.028125
6 0.740625 0.44765625 0.03125 0.0265625
6 0.7515625 0.35078125 0.028125 0.0234375
6 0.74453125 0.3609375 0.0328125 0.028125
6 0.7375 0.37578125 0.03125 0.0265625
6 0.72265625 0.4 0.0328125 0.028125
6 0.70390625 0.43828125 0.0328125 0.0265625
6 0.69765625 0.45 0.0359375 0.028125
6 0.68828125 0.4625 0.0328125 0.028125
6 0.84375 0.053125 0.034375 0.028125
6 0.77421875 0.10859375 0.0296875 0.0296875
6 0.8640625 0.01484375 0.028125 0.0265625
6 0.8578125 0.02734375 0.03125 0.0265625
6 0.82421875 0.01875 0.0296875 0.025
6 0.65 0.16640625 0.028125 0.0265625
6 0.934375 0.0421875 0.034375 0.025
6 0.9328125 0.125 0.040625 0.034375
6 0.3328125 0.85703125 0.034375 0.0328125
6 0.26171875 0.83359375 0.0296875 0.0265625
6 0.2453125 0.86015625 0.03125 0.0296875
6 0.2375 0.87109375 0.028125 0.0234375
6 0.2140625 0.7046875 0.03125 0.03125
6 0.178125 0.6984375 0.025 0.021875
6 0.203125 0.71328125 0.028125 0.0265625
6 0.1546875 0.803125 0.028125 0.025
6 0.0671875 0.746875 0.04375 0.0375
6 0.10546875 0.68203125 0.0296875 0.0265625
6 0.14609375 0.61953125 0.0328125 0.0265625
6 0.1546875 0.59296875 0.03125 0.0296875
6 0.42890625 0.3375 0.0328125 0.028125
6 0.2609375 0.62421875 0.03125 0.0234375
6 0.24609375 0.58359375 0.0265625 0.0234375
6 0.25625 0.57265625 0.0375 0.0328125
6 0.2890625 0.57421875 0.03125 0.0265625
6 0.33359375 0.49921875 0.0328125 0.0265625
6 0.32578125 0.44453125 0.0328125 0.0265625
6 0.26328125 0.4015625 0.0328125 0.025
6 0.29453125 0.35390625 0.0296875 0.0265625
6 0.80859375 0.54609375 0.0359375 0.0265625
6 0.90390625 0.3640625 0.0265625 0.03125
6 0.915625 0.37265625 0.025 0.0296875
6 0.84765625 0.48203125 0.0359375 0.0328125
6 0.83515625 0.4953125 0.0328125 0.03125
6 0.621875 0.2203125 0.03125 0.028125
6 0.81640625 0.09140625 0.0359375 0.0265625
6 0.4703125 0.05859375 0.0375 0.0296875
6 0.6078125 0.028125 0.03125 0.028125
6 0.61640625 0.0171875 0.0265625 0.025
6 0.54375 0.07890625 0.034375 0.0296875
6 0.5296875 0.10390625 0.03125 0.0265625
6 0.52265625 0.11640625 0.0265625 0.0234375
6 0.490625 0.16328125 0.03125 0.0265625
6 0.4671875 0.2078125 0.034375 0.028125
6 0.42265625 0.2828125 0.0359375 0.034375
6 0.36015625 0.24296875 0.0296875 0.0265625
6 0.36796875 0.23203125 0.0296875 0.0296875
6 0.37578125 0.2171875 0.0296875 0.025
6 0.46171875 0.07265625 0.0359375 0.0296875
6 0.81328125 0.1078125 0.0328125 0.028125
6 0.94375 0.309375 0.03125 0.028125
6 0.940625 0.25 0.028125 0.025
6 0.9484375 0.2390625 0.03125 0.028125
6 0.97578125 0.25859375 0.0359375 0.0328125
6 0.82109375 0.45078125 0.0296875 0.0265625
6 0.80234375 0.11953125 0.0328125 0.0265625
6 0.79375 0.1328125 0.028125 0.025
6 0.71171875 0.28203125 0.0359375 0.0296875
6 0.70078125 0.29140625 0.0296875 0.0234375
6 0.684375 0.3265625 0.03125 0.028125
6 0.66171875 0.3703125 0.0296875 0.028125
6 0.65234375 0.38046875 0.0265625 0.0265625
6 0.6703125 0.2796875 0.03125 0.03125
6 0.66171875 0.2953125 0.0328125 0.03125
6 0.625 0.353125 0.03125 0.03125
6 0.57578125 0.303125 0.0296875 0.03125
6 0.54921875 0.34453125 0.0296875 0.0296875
6 0.59453125 0.2015625 0.0296875 0.028125
6 0.60078125 0.18671875 0.0328125 0.0296875
6 0.6265625 0.1375 0.03125 0.028125
6 0.68828125 0.0375 0.0359375 0.028125
