6 0.68203125 0.47265625 0.0328125 0.0265625
6 0.65 0.2515625 0.03125 0.028125
6 0.884375 0.2703125 0.03125 0.03125
6 0.89375 0.31875 0.03125 0.025
6 0.903125 0.44375 0.03125 0.028125
6 0.89375 0.46015625 0.0375 0.0328125
6 0.9359375 0.3953125 0.028125 0.028125
6 0.92578125 0.40703125 0.0328125 0.0265625
6 0.846875 0.39765625 0.034375 0.0296875
6 0.825 0.37109375 0.03125 0.0265625
6 0.6640625 0.29140625 0.03125 0.0265625
6 0.753125 0.2796875 0.03125 0.028125
6 0.72890625 0.31640625 0.0328125 0.0328125
6 0.77265625 0.3171875 0.0328125 0.028125
6 0.72421875 0.19453125 0.0359375 0.0328125
6 0.64375 0.2640625 0.03125 0.028125
6 0.6203125 0.3015625 0.0375 0.03125
6 0.6921875 0.0328125 0.028125 0.021875
6 0.70078125 0.01796875 0.0359375 0.0296875
6 0.93828125 0.25859375 0.0296875 0.0234375
6 0.90859375 0.228125 0.0328125 0.028125
6 0.840625 0.34453125 0.034375 0.0265625
6 0.8234375 0.1640625 0.03125 0.025
6 0.92109375 0.0609375 0.0265625 0.021875
6 0.92890625 0.04765625 0.0328125 0.0265625
6 0.940625 0.0359375 0.03125 0.025
6 0.90546875 0.0828125 0.0296875 0.028125
6 0.8078125 0.034375 0.0375 0.03125
6 0.78984375 0.21328125 0.0328125 0.0296875
6 0.95859375 0.20859375 0.0296875 0.0265625
6 0.95390625 0.1515625 0.0296875 0.025
6 0.88984375 0.1109375 0.0296875 0.028125
6 0.94296875 0.3796875 0.0296875 0.021875
6 0.86875 0.37109375 0.0375 0.0296875
6 0.91171875 0.29296875 0.0390625 0.0328125
6 0.94375 0.24375 0.034375 0.025
6 0.9796875 0.09765625 0.03125 0.0296875
6 0.94375 0.01875 0.03125 0.025
6 0.90390625 0.028125 0.0328125 0.028125
6 0.86328125 0.08671875 0.0296875 0.0265625
6 0.93203125 0.18828125 0.0296875 0.0265625
6 0.8984375 0.240625 0.0375 0.03125
6 0.83828125 0.2078125 0.0359375 0.03125
6 0.8265625 0.21875 0.028125 0.021875
6 0.80546875 0.1875 0.0328125 0.028125
6 0.94921875 0.36875 0.0328125 0.028125
6 0.95546875 0.34921875 0.0328125 0.0296875
6 0.9640625 0.3390625 0.03125 0.025
6 0.971875 0.32890625 0.034375 0.0328125
6 0.984375 0.23984375 0.025 0.0328125
6 0.9125 0.4265625 0.034375 0.03125
6 0.80390625 0.6203125 0.0296875 0.025
6 0.51796875 0.1828125 0.0296875 0.0375
6 0.08046875 0.93203125 0.0265625 0.0328125
6 0.73125 0.6015625 0.0375 0.034375
6 0.7234375 0.615625 0.0375 0.028125
6 0.7171875 0.6296875 0.040625 0.03125
6 0.62734375 0.8640625 0.0203125 0.03125
6 0.6515625 0.8671875 0.01875 0.0375
6 0.678125 0.8359375 0.034375 0.028125
6 0.69921875 0.7984375 0.0359375 0.03125
6 0.70546875 0.7875 0.0296875 0.021875
6 0.7109375 0.7734375 0.03125 0.028125
6 0.7578125 0.696875 0.028125 0.025
6 0.76953125 0.68359375 0.0296875 0.0265625
6 0.8125 0.60625 0.03125 0.028125
6 0.5546875 0.47421875 0.03125 0.0328125
6 0.77890625 0.52421875 0.0328125 0.0296875
6 0.8046875 0.4796875 0.0375 0.03125
6 0.69765625 0.44140625 0.0359375 0.0265625
6 0.6953125 0.3765625 0.040625 0.03125
6 0.64609375 0.46484375 0.0328125 0.0296875
6 0.428125 0.6296875 0.028125 0.028125
6 0.32734375 0.653125 0.0265625 0.025
6 0.33671875 0.6390625 0.0421875 0.03125
6 0.35625 0.60234375 0.034375 0.0296875
6 0.3703125 0.5765625 0.03125 0.028125
6 0.3828125 0.5625 0.03125 0.03125
6 0.40078125 0.5234375 0.0265625 0.025
6 0.415625 0.49921875 0.03125 0.0296875
6 0.5046875 0.496875 0.0375 0.034375
6 0.83046875 0.571875 0.0296875 0.025
6 0.5359375 0.4484375 0.028125 0.025
6 0.54296875 0.4328125 0.0296875 0.025
6 0.609375 0.32578125 0.03125 0.0234375
6 0.28203125 0.590625 0.0296875 0.0375
6 0.546875 0.28515625 0.03125 0.0265625
6 0.74453125 0.57421875 0.0328125 0.0296875
6 0.878125 0.49375 0.034375 0.028125
6 0.86875 0.50703125 0.034375 0.0265625
6 0.740625 0.72109375 0.04375 0.0328125
6 0.83828125 0.55546875 0.0390625 0.0328125
6 0.84609375 0.53984375 0.0328125 0.0265625
6 0.884375 0.4796875 0.03125 0.028125
6 0.76640625 0.53515625 0.0328125 0.0265625
6 0.684375 0.61328125 0.028125 0.0265625
6 0.7203125 0.54921875 0.028125 0.0234375
6 0.72734375 0.5375 0.0328125 0.028125
6 0.74453125 0.5109375 0.0328125 0.025
6 0.765625 0.471875 0.03125 0.028125
6 0.6921875 0.45625 0.0375 0.028125
6 0.7734375 0.46015625 0.03125 0.0296875
6 0.78828125 0.43125 0.0328125 0.025
6 0.72890625 0.390625 0.0359375 0.028125
6 0.71015625 0.42421875 0.0296875 0.0265625
6 0.66875 0.4265625 0.03125 0.028125
6 0.65234375 0.45234375 0.0328125 0.0296875
6 0.625 0.5046875 0.028125 0.025
6 0.64375 0.534375 0.03125 0.028125
6 0.6046875 0.5984375 0.03125 0.028125
6 0.49453125 0.63984375 0.0234375 0.0359375
6 0.5765625 0.434375 0.028125 0.021875
6 0.58671875 0.421875 0.0390625 0.034375
6 0.5765625 0.37421875 0.034375 0.0296875
6 0.62890625 0.3546875 0.0296875 0.025
6 0.53984375 0.296875 0.0328125 0.025
6 0.61484375 0.85390625 0.0296875 0.0421875
6 0.7265625 0.74765625 0.034375 0.0296875
6 0.78671875 0.2265625 0.0328125 0.025
6 0.83515625 0.42734375 0.0359375 0.0296875
6 0.840625 0.41328125 0.034375 0.0265625
6 0.8328125 0.35703125 0.034375 0.0328125
6 0.76171875 0.33359375 0.0296875 0.0265625
6 0.7453125 0.36015625 0.03125 0.0296875
6 0.7375 0.37109375 0.028125 0.0234375
6 0.7140625 0.2046875 0.03125 0.03125
6 0.678125 0.1984375 0.025 0.021875
6 0.703125 0.21328125 0.028125 0.0265625
6 0.6546875 0.303125 0.028125 0.025
6 0.5671875 0.246875 0.04375 0.0375
6 0.60546875 0.18203125 0.0296875 0.0265625
6 0.64609375 0.11953125 0.0328125 0.0265625
6 0.6546875 0.09296875 0.03125 0.0296875
6 0.7609375 0.12421875 0.03125 0.0234375
6 0.74609375 0.08359375 0.0265625 0.0234375
6 0.75625 0.07265625 0.0375 0.0328125
6 0.7890625 0.07421875 0.03125 0.0265625
