6 0.30390625 0.1203125 0.0296875 0.025
6 0.23125 0.1015625 0.0375 0.034375
6 0.2234375 0.115625 0.0375 0.028125
6 0.2171875 0.1296875 0.040625 0.03125
6 0.12734375 0.3640625 0.0203125 0.03125
6 0.1515625 0.3671875 0.01875 0.0375
6 0.178125 0.3359375 0.034375 0.028125
6 0.19921875 0.2984375 0.0359375 0.03125
6 0.20546875 0.2875 0.0296875 0.021875
6 0.2109375 0.2734375 0.03125 0.028125
6 0.2578125 0.196875 0.028125 0.025
5 0.40390625 0.7859375 0.0296875 0.0375
5 0.5671875 0.5390625 0.03125 0.040625
5 0.63828125 0.40390625 0.0359375 0.0453125
6 0.26953125 0.18359375 0.0296875 0.0265625
6 0.3125 0.10625 0.03125 0.028125
6 0.27890625 0.02421875 0.0328125 0.0296875
6 0.33046875 0.071875 0.0296875 0.025
6 0.24453125 0.07421875 0.0328125 0.0296875
6 0.240625 0.22109375 0.04375 0.0328125
6 0.33828125 0.05546875 0.0390625 0.0328125
6 0.34609375 0.03984375 0.0328125 0.0265625
6 0.26640625 0.03515625 0.0328125 0.0265625
6 0.184375 0.11328125 0.028125 0.0265625
6 0.2203125 0.04921875 0.028125 0.0234375
6 0.22734375 0.0375 0.0328125 0.028125
6 0.14375 0.034375 0.03125 0.028125
6 0.1046875 0.0984375 0.03125 0.028125
6 0.11484375 0.35390625 0.0296875 0.0421875
6 0.2265625 0.24765625 0.034375 0.0296875
