6 0.76015625 0.97890625 0.0359375 0.0296875
6 0.68671875 0.96328125 0.0296875 0.0296875
6 0.7828125 0.9421875 0.034375 0.034375
6 0.696875 0.94765625 0.03125 0.0296875
6 0.7046875 0.9328125 0.028125 0.025
6 0.7125 0.91875 0.03125 0.028125
6 0.73984375 0.88046875 0.0328125 0.0265625
6 0.78828125 0.79609375 0.0296875 0.0234375
6 0.8015625 0.76640625 0.034375 0.0296875
6 0.83046875 0.715625 0.0265625 0.025
6 0.8375 0.7046875 0.028125 0.025
6 0.8546875 0.678125 0.028125 0.025
6 0.6828125 0.9078125 0.025 0.025
6 0.7671875 0.9671875 0.034375 0.03125
6 0.7921875 0.93125 0.03125 0.028125
6 0.97421875 0.6125 0.0328125 0.03125
6 0.9484375 0.9515625 0.034375 0.025
6 0.9453125 0.88359375 0.028125 0.0296875
6 0.975 0.8328125 0.03125 0.03125
6 0.8640625 0.884375 0.03125 0.025
6 0.871875 0.871875 0.034375 0.028125
6 0.975 0.69609375 0.03125 0.0265625
6 0.9453125 0.7453125 0.034375 0.03125
6 0.965625 0.6359375 0.03125 0.028125
6 0.81484375 0.89375 0.0296875 0.028125
6 0.9546875 0.65 0.034375 0.034375
6 0.94609375 0.6625 0.0359375 0.03125
6 0.9375 0.6765625 0.03125 0.028125
6 0.92734375 0.703125 0.0296875 0.025
6 0.9171875 0.7140625 0.034375 0.03125
6 0.91015625 0.72734375 0.0296875 0.0265625
6 0.878125 0.77578125 0.028125 0.0234375
6 0.8734375 0.7890625 0.03125 0.025
6 0.865625 0.80390625 0.028125 0.0234375
6 0.8515625 0.8296875 0.03125 0.025
6 0.84375 0.840625 0.03125 0.028125
6 0.8359375 0.853125 0.028125 0.025
6 0.82734375 0.86640625 0.0328125 0.0265625
6 0.871875 0.65 0.028125 0.021875
6 0.73125 0.89296875 0.028125 0.0265625
6 0.70546875 0.8703125 0.0296875 0.025
6 0.7078125 0.85703125 0.0375 0.0296875
6 0.728125 0.81796875 0.028125 0.0234375
6 0.7375 0.8078125 0.034375 0.028125
6 0.7453125 0.7921875 0.034375 0.028125
6 0.75390625 0.78046875 0.0328125 0.0265625
6 0.75703125 0.76796875 0.0296875 0.0265625
6 0.7671875 0.75625 0.025 0.025
6 0.784375 0.7296875 0.03125 0.028125
6 0.8125 0.68203125 0.034375 0.0265625
6 0.81875 0.66796875 0.03125 0.0265625
6 0.865625 0.6640625 0.03125 0.028125
6 0.8796875 0.6359375 0.034375 0.028125
6 0.503125 0.78515625 0.034375 0.0265625
6 0.88828125 0.61953125 0.0328125 0.0296875
6 0.89453125 0.6046875 0.0359375 0.028125
6 0.8421875 0.621875 0.034375 0.03125
6 0.6859375 0.89375 0.03125 0.03125
6 0.7484375 0.86875 0.0375 0.03125
6 0.75 0.85234375 0.034375 0.0296875
6 0.76015625 0.83984375 0.0328125 0.0265625
6 0.771875 0.821875 0.03125 0.028125
6 0.68125 0.975 0.028125 0.025
6 0.80390625 0.90625 0.0328125 0.03125
6 0.7984375 0.91953125 0.03125 0.0265625
6 0.821875 0.88046875 0.028125 0.0234375
6 0.85546875 0.81640625 0.0359375 0.0296875
6 0.88828125 0.76484375 0.0296875 0.0234375
6 0.89140625 0.7515625 0.0359375 0.028125
6 0.89921875 0.73984375 0.0328125 0.0265625
6 0.9328125 0.69140625 0.034375 0.0265625
6 0.79453125 0.7828125 0.0296875 0.028125
6 0.81796875 0.74453125 0.0296875 0.0265625
6 0.82265625 0.7296875 0.0328125 0.028125
6 0.84765625 0.690625 0.0265625 0.025
6 0.58671875 0.91875 0.0296875 0.021875
6 0.65859375 0.94375 0.0265625 0.025
6 0.64453125 0.97109375 0.0328125 0.0296875
6 0.66953125 0.93203125 0.0328125 0.0296875
6 0.96328125 0.86171875 0.0328125 0.0296875
6 0.9328125 0.97734375 0.03125 0.0296875
6 0.965625 0.9265625 0.034375 0.028125
6 0.9203125 0.93671875 0.03125 0.0296875
6 0.69609375 0.88203125 0.0328125 0.0296875
6 0.71796875 0.84609375 0.0265625 0.0234375
6 0.72578125 0.83203125 0.0328125 0.0265625
6 0.70234375 0.30546875 0.0265625 0.0234375
6 0.7078125 0.290625 0.025 0.021875
6 0.7171875 0.27734375 0.03125 0.0296875
6 0.72890625 0.2609375 0.0234375 0.028125
6 0.75390625 0.2578125 0.0203125 0.03125
6 0.76796875 0.2671875 0.0234375 0.03125
6 0.69453125 0.3171875 0.0296875 0.021875
6 0.74453125 0.37265625 0.0296875 0.0265625
6 0.6609375 0.36484375 0.03125 0.0234375
6 0.734375 0.39921875 0.025 0.0328125
6 0.4109375 0.79609375 0.028125 0.0234375
6 0.41953125 0.7828125 0.0265625 0.021875
6 0.4296875 0.76953125 0.028125 0.0234375
6 0.43515625 0.75390625 0.0296875 0.0265625
6 0.45546875 0.71875 0.0328125 0.028125
6 0.47734375 0.68046875 0.0265625 0.0234375
6 0.50703125 0.63125 0.0296875 0.028125
6 0.5171875 0.6203125 0.03125 0.025
6 0.528125 0.5953125 0.034375 0.028125
6 0.54609375 0.56953125 0.0359375 0.0296875
6 0.56328125 0.54609375 0.0296875 0.0234375
6 0.56796875 0.53359375 0.0296875 0.0234375
6 0.64296875 0.546875 0.0390625 0.03125
6 0.6859375 0.54140625 0.03125 0.0296875
6 0.69375 0.528125 0.028125 0.021875
6 0.703125 0.515625 0.028125 0.025
6 0.709375 0.503125 0.03125 0.028125
6 0.6796875 0.4828125 0.03125 0.03125
6 0.6984375 0.45859375 0.034375 0.0296875
6 0.75390625 0.36015625 0.0296875 0.0265625
6 0.7453125 0.4078125 0.021875 0.028125
6 0.65390625 0.378125 0.0296875 0.025
6 0.6703125 0.35 0.028125 0.021875
6 0.6859375 0.33046875 0.03125 0.0265625
6 0.78203125 0.43125 0.0265625 0.034375
6 0.77109375 0.42109375 0.0234375 0.0296875
6 0.759375 0.41328125 0.025 0.0296875
6 0.3890625 0.8359375 0.03125 0.025
6 0.39765625 0.82109375 0.0296875 0.0265625
6 0.375 0.8578125 0.03125 0.028125
6 0.7796875 0.7421875 0.028125 0.021875
6 0.4453125 0.74296875 0.03125 0.0265625
6 0.453125 0.88046875 0.03125 0.0234375
6 0.44296875 0.8875 0.0296875 0.021875
6 0.43203125 0.91484375 0.0296875 0.0265625
6 0.40703125 0.9515625 0.0390625 0.028125
6 0.39765625 0.96328125 0.0296875 0.0234375
6 0.30234375 0.98671875 0.0296875 0.0234375
6 0.3328125 0.93203125 0.03125 0.0296875
6 0.40390625 0.81171875 0.0296875 0.0234375
6 0.65078125 0.7453125 0.0328125 0.028125
6 0.553125 0.765625 0.034375 0.028125
6 0.465625 0.70546875 0.034375 0.0328125
6 0.5 0.64453125 0.025 0.0234375
6 0.68046875 0.6921875 0.0328125 0.028125
6 0.725 0.61796875 0.03125 0.0265625
6 0.7484375 0.58203125 0.03125 0.0265625
6 0.6796875 0.55625 0.03125 0.028125
6 0.6140625 0.59921875 0.028125 0.0234375
6 0.62265625 0.5859375 0.0296875 0.028125
6 0.66171875 0.525 0.0296875 0.025
6 0.66796875 0.5125 0.0296875 0.025
6 0.521875 0.609375 0.028125 0.021875
6 0.571875 0.51796875 0.03125 0.0265625
6 0.590625 0.49453125 0.03125 0.0234375
6 0.59609375 0.48125 0.0328125 0.028125
6 0.45703125 0.86484375 0.0328125 0.0265625
6 0.48046875 0.82421875 0.0328125 0.0296875
6 0.5171875 0.828125 0.03125 0.028125
6 0.5046875 0.85625 0.0375 0.03125
6 0.79375 0.7203125 0.028125 0.025
6 0.796875 0.70625 0.034375 0.028125
6 0.43046875 0.97734375 0.0328125 0.0296875
6 0.56875 0.7421875 0.03125 0.025
6 0.80703125 0.6921875 0.0296875 0.025
6 0.82734375 0.6515625 0.0359375 0.034375
6 0.509375 0.98125 0.03125 0.028125
6 0.9484375 0.5390625 0.021875 0.034375
6 0.93203125 0.5296875 0.0296875 0.04375
6 0.5265625 0.95859375 0.03125 0.0234375
6 0.53359375 0.94765625 0.0390625 0.0296875
6 0.540625 0.93046875 0.0375 0.0328125
6 0.5578125 0.909375 0.034375 0.028125
6 0.5859375 0.85703125 0.034375 0.0296875
6 0.62578125 0.85234375 0.0328125 0.0265625
6 0.63359375 0.84140625 0.0328125 0.0265625
6 0.48125 0.89375 0.034375 0.028125
6 0.6671875 0.784375 0.028125 0.025
6 0.69921875 0.73359375 0.0296875 0.0265625
6 0.7046875 0.721875 0.03125 0.025
6 0.7328125 0.6765625 0.03125 0.025
6 0.74140625 0.6640625 0.0296875 0.025
6 0.775 0.59765625 0.03125 0.0265625
6 0.76171875 0.62265625 0.0296875 0.0234375
6 0.7296875 0.47578125 0.034375 0.0296875
6 0.496875 0.86953125 0.034375 0.0265625
6 0.36875 0.871875 0.028125 0.028125
6 0.65703125 0.59296875 0.0328125 0.0296875
6 0.39453125 0.975 0.0265625 0.025
6 0.415625 0.93828125 0.03125 0.0296875
6 0.42265625 0.92265625 0.0296875 0.0265625
6 0.46484375 0.85 0.0296875 0.028125
6 0.47265625 0.834375 0.0328125 0.028125
6 0.4953125 0.80078125 0.025 0.0234375
6 0.52109375 0.76171875 0.0296875 0.0265625
6 0.53125 0.73515625 0.034375 0.0328125
6 0.578125 0.728125 0.034375 0.034375
6 0.66171875 0.578125 0.0296875 0.028125
6 0.671875 0.56640625 0.028125 0.0265625
6 0.63671875 0.63046875 0.0359375 0.0296875
6 0.6 0.68984375 0.03125 0.0296875
6 0.55546875 0.69765625 0.0296875 0.0234375
6 0.56484375 0.68671875 0.0296875 0.0265625
6 0.57421875 0.6609375 0.0328125 0.028125
6 0.584375 0.64765625 0.028125 0.0265625
6 0.59609375 0.61953125 0.0328125 0.0328125
6 0.6375 0.56171875 0.028125 0.0296875
6 0.72109375 0.49140625 0.0265625 0.0265625
6 0.31171875 0.97109375 0.0328125 0.0296875
6 0.32578125 0.94609375 0.0328125 0.0265625
6 0.3484375 0.90859375 0.03125 0.0234375
6 0.3546875 0.8953125 0.03125 0.028125
6 0.46640625 0.91484375 0.0328125 0.0265625
6 0.44453125 0.9546875 0.0296875 0.028125
6 0.55859375 0.9703125 0.0296875 0.025
6 0.58125 0.93046875 0.03125 0.0265625
6 0.59609375 0.90390625 0.0328125 0.0296875
6 0.5609375 0.8921875 0.03125 0.03125
6 0.621875 0.8671875 0.034375 0.028125
6 0.64296875 0.825 0.0359375 0.028125
6 0.64921875 0.81328125 0.0296875 0.0265625
6 0.65859375 0.796875 0.0296875 0.028125
6 0.67578125 0.771875 0.0296875 0.028125
6 0.68359375 0.75859375 0.0265625 0.0265625
6 0.690625 0.746875 0.028125 0.025
6 0.5953125 0.8265625 0.0375 0.03125
6 0.7109375 0.70546875 0.034375 0.0328125
6 0.6703125 0.70625 0.03125 0.028125
6 0.721875 0.6921875 0.028125 0.021875
6 0.75625 0.63359375 0.03125 0.0234375
6 0.76484375 0.609375 0.0265625 0.025
6 0.86484375 0.5921875 0.0296875 0.028125
6 0.85625 0.60546875 0.034375 0.0328125
6 0.7890625 0.58203125 0.0375 0.0296875
6 0.21875 0.95 0.025 0.034375
6 0.48125 0.403125 0.025 0.03125
6 0.36796875 0.6875 0.0265625 0.034375
