6 0.14453125 0.0296875 0.0609375 0.04375
6 0.13515625 0.059375 0.0578125 0.04375
6 0.12109375 0.0828125 0.0484375 0.0375
6 0.11171875 0.109375 0.0609375 0.04375
6 0.0875 0.15546875 0.05 0.0390625
6 0.07109375 0.18359375 0.0515625 0.0421875
6 0.04296875 0.259375 0.0640625 0.040625
4 0.82265625 0.8875 0.1296875 0.10625
4 0.190625 0.84453125 0.1375 0.1140625
6 0.1703125 0.31953125 0.05625 0.0390625
6 0.178125 0.29140625 0.053125 0.0359375
6 0.19609375 0.26796875 0.0609375 0.0453125
6 0.21015625 0.24375 0.0484375 0.034375
6 0.278125 0.08984375 0.065625 0.0484375
6 0.2609375 0.11015625 0.05 0.0421875
6 0.25234375 0.13671875 0.0578125 0.0453125
6 0.2375 0.16328125 0.0625 0.0484375
6 0.23046875 0.19140625 0.0640625 0.0390625
6 0.21953125 0.2171875 0.0546875 0.0375
