6 0.14453125 0.5296875 0.0609375 0.04375
6 0.13515625 0.559375 0.0578125 0.04375
6 0.12109375 0.5828125 0.0484375 0.0375
6 0.11171875 0.609375 0.0609375 0.04375
6 0.0875 0.65546875 0.05 0.0390625
6 0.07109375 0.68359375 0.0515625 0.0421875
6 0.04296875 0.759375 0.0640625 0.040625
6 0.1703125 0.81953125 0.05625 0.0390625
6 0.178125 0.79140625 0.053125 0.0359375
6 0.19609375 0.76796875 0.0609375 0.0453125
6 0.21015625 0.74375 0.0484375 0.034375
6 0.153125 0.496875 0.05625 0.040625
6 0.278125 0.58984375 0.065625 0.0484375
6 0.2609375 0.61015625 0.05 0.0421875
6 0.25234375 0.63671875 0.0578125 0.0453125
6 0.2375 0.66328125 0.0625 0.0484375
6 0.23046875 0.69140625 0.0640625 0.0390625
6 0.21953125 0.7171875 0.0546875 0.0375
