6 0.64453125 0.0296875 0.0609375 0.04375
6 0.63515625 0.059375 0.0578125 0.04375
6 0.62109375 0.0828125 0.0484375 0.0375
6 0.61171875 0.109375 0.0609375 0.04375
6 0.5875 0.15546875 0.05 0.0390625
6 0.57109375 0.18359375 0.0515625 0.0421875
6 0.54296875 0.259375 0.0640625 0.040625
4 0.690625 0.84453125 0.1375 0.1140625
4 0.54375 0.78359375 0.13125 0.1171875
6 0.6703125 0.31953125 0.05625 0.0390625
6 0.678125 0.29140625 0.053125 0.0359375
6 0.69609375 0.26796875 0.0609375 0.0453125
4 0.2328125 0.63046875 0.15625 0.1328125
6 0.71015625 0.24375 0.0484375 0.034375
6 0.778125 0.08984375 0.065625 0.0484375
6 0.7609375 0.11015625 0.05 0.0421875
6 0.75234375 0.13671875 0.0578125 0.0453125
6 0.7375 0.16328125 0.0625 0.0484375
6 0.73046875 0.19140625 0.0640625 0.0390625
6 0.71953125 0.2171875 0.0546875 0.0375
