5 0.4453125 0.2484375 0.015625 0.021875
5 0.4859375 0.228125 0.015625 0.01875
5 0.41953125 0.2625 0.0171875 0.021875
5 0.28671875 0.96640625 0.0265625 0.0140625
5 0.2578125 0.9875 0.025 0.0125
5 0.2640625 0.98203125 0.025 0.0140625
5 0.27421875 0.9765625 0.0265625 0.009375
5 0.28359375 0.971875 0.0234375 0.0125
5 0.2984375 0.96171875 0.021875 0.0109375
5 0.0671875 0.859375 0.025 0.01875
5 0.04375 0.82265625 0.025 0.0171875
5 0.03515625 0.809375 0.0234375 0.015625
5 0.03046875 0.80234375 0.0234375 0.0171875
5 0.24921875 0.77890625 0.0265625 0.0203125
5 0.21796875 0.728125 0.0265625 0.01875
5 0.2203125 0.7 0.0125 0.021875
5 0.4203125 0.98828125 0.01875 0.0203125
5 0.40703125 0.95390625 0.0171875 0.0234375
5 0.39140625 0.9234375 0.0203125 0.025
5 0.33828125 0.93828125 0.0296875 0.0140625
5 0.3640625 0.971875 0.025 0.009375
5 0.271875 0.73828125 0.01875 0.0234375
5 0.665625 0.79375 0.021875 0.01875
5 0.30859375 0.64296875 0.0234375 0.0171875
5 0.54453125 0.66640625 0.0234375 0.0171875
5 0.50234375 0.5921875 0.0265625 0.021875
5 0.496875 0.58515625 0.025 0.0203125
5 0.36796875 0.7421875 0.0234375 0.01875
5 0.3625 0.73828125 0.025 0.0171875
5 0.359375 0.73046875 0.021875 0.0171875
5 0.3546875 0.71796875 0.01875 0.0140625
5 0.31484375 0.6625 0.0265625 0.01875
5 0.30546875 0.70703125 0.0171875 0.0265625
5 0.2953125 0.63515625 0.021875 0.0171875
5 0.5609375 0.74375 0.021875 0.015625
5 0.55625 0.73828125 0.025 0.0171875
5 0.56484375 0.7484375 0.0234375 0.015625
5 0.6625 0.78828125 0.021875 0.0171875
5 0.6203125 0.721875 0.025 0.015625
5 0.659375 0.78359375 0.021875 0.0171875
5 0.659375 0.7375 0.01875 0.025
5 0.653125 0.7734375 0.021875 0.01875
5 0.6484375 0.76875 0.021875 0.015625
5 0.646875 0.76171875 0.021875 0.0140625
5 0.6390625 0.75390625 0.021875 0.0171875
5 0.63828125 0.74765625 0.0234375 0.0171875
5 0.63359375 0.7421875 0.0234375 0.015625
5 0.628125 0.73046875 0.021875 0.0171875
5 0.61875 0.715625 0.021875 0.015625
5 0.56640625 0.7546875 0.0203125 0.015625
5 0.61171875 0.70546875 0.0234375 0.0171875
5 0.60859375 0.7 0.0203125 0.015625
5 0.61484375 0.83125 0.0234375 0.01875
5 0.6015625 0.8109375 0.021875 0.015625
5 0.5984375 0.80546875 0.021875 0.0171875
5 0.59453125 0.8 0.0203125 0.015625
5 0.58671875 0.78515625 0.0234375 0.0171875
5 0.57578125 0.76953125 0.0234375 0.0171875
5 0.57265625 0.7640625 0.0203125 0.015625
5 0.40234375 0.275 0.0140625 0.01875
5 0.07265625 0.63671875 0.0203125 0.0171875
5 0.01328125 0.67109375 0.0203125 0.0171875
5 0.04296875 0.6546875 0.0234375 0.01875
5 0.04609375 0.6296875 0.0328125 0.025
5 0.28828125 0.33984375 0.0171875 0.0234375
5 0.51015625 0.2625 0.0234375 0.01875
5 0.4828125 0.28046875 0.025 0.0203125
5 0.44609375 0.30078125 0.0265625 0.0203125
5 0.6 0.3171875 0.025 0.01875
5 0.546875 0.31953125 0.025 0.0171875
5 0.55546875 0.3453125 0.0265625 0.021875
5 0.6296875 0.44453125 0.01875 0.0234375
5 0.61640625 0.45234375 0.0171875 0.0234375
5 0.609375 0.45546875 0.01875 0.0203125
5 0.26875 0.36328125 0.01875 0.0265625
5 0.4296875 0.42265625 0.021875 0.0171875
5 0.38046875 0.4515625 0.0296875 0.021875
5 0.3453125 0.4390625 0.025 0.01875
5 0.315625 0.4890625 0.028125 0.01875
5 0.2859375 0.5078125 0.028125 0.021875
5 0.14140625 0.4609375 0.0203125 0.021875
5 0.09609375 0.459375 0.0171875 0.021875
5 0.08984375 0.4625 0.0171875 0.01875
5 0.12734375 0.50078125 0.0265625 0.0171875
5 0.67421875 0.91484375 0.0234375 0.0265625
