5 0.7234375 0.50703125 0.021875 0.0203125
5 0.57890625 0.2765625 0.0234375 0.028125
5 0.578125 0.2609375 0.015625 0.025
5 0.5328125 0.1390625 0.01875 0.025
5 0.49765625 0.13046875 0.0171875 0.0203125
5 0.48203125 0.1640625 0.0171875 0.021875
5 0.50703125 0.20625 0.0171875 0.021875
5 0.5109375 0.22109375 0.015625 0.0203125
5 0.465625 0.13671875 0.0125 0.0203125
4 0.92734375 0.8515625 0.1078125 0.09375
4 0.85078125 0.73359375 0.0859375 0.0859375
4 0.6046875 0.82578125 0.084375 0.0796875
4 0.64296875 0.890625 0.0828125 0.084375
