5 0.24765625 0.2359375 0.0203125 0.021875
5 0.0515625 0.128125 0.015625 0.01875
5 0.315625 0.384375 0.028125 0.01875
5 0.43515625 0.38125 0.0296875 0.021875
5 0.3921875 0.30390625 0.028125 0.0203125
5 0.3234375 0.19375 0.0125 0.01875
5 0.5921875 0.3296875 0.015625 0.021875
5 0.46640625 0.26015625 0.0265625 0.0203125
5 0.56796875 0.27578125 0.0171875 0.0234375
5 0.578125 0.26953125 0.01875 0.0234375
5 0.59609375 0.2625 0.0171875 0.021875
5 0.60859375 0.2546875 0.0140625 0.021875
5 0.6421875 0.29453125 0.01875 0.0265625
5 0.6375 0.29921875 0.01875 0.0265625
5 0.6015625 0.3234375 0.01875 0.021875
5 0.5859375 0.334375 0.015625 0.021875
5 0.57265625 0.34140625 0.0171875 0.0203125
4 0.3796875 0.784375 0.18125 0.178125
4 0.12265625 0.93125 0.1203125 0.128125
4 0.53515625 0.68125 0.1109375 0.121875
