4 0.53671875 0.31640625 0.1421875 0.1515625
4 0.19609375 0.53125 0.1671875 0.18125
4 0.42265625 0.38984375 0.1796875 0.1765625
5 0.94140625 0.890625 0.0234375 0.01875
5 0.4234375 0.9421875 0.03125 0.01875
5 0.93203125 0.5578125 0.0171875 0.01875
5 0.92109375 0.56484375 0.0140625 0.0203125
5 0.9140625 0.5703125 0.015625 0.021875
5 0.93671875 0.640625 0.0234375 0.015625
5 0.93203125 0.64609375 0.0234375 0.0171875
5 0.9234375 0.6484375 0.025 0.015625
5 0.79140625 0.7578125 0.0171875 0.028125
5 0.56171875 0.859375 0.0265625 0.01875
5 0.9671875 0.55625 0.01875 0.028125
5 0.9828125 0.5296875 0.015625 0.01875
5 0.74375 0.9859375 0.01875 0.025
