5 0.671875 0.2671875 0.025 0.028125
5 0.66015625 0.2578125 0.0234375 0.028125
5 0.25703125 0.6296875 0.0234375 0.028125
5 0.7796875 0.453125 0.01875 0.025
5 0.77109375 0.46015625 0.0171875 0.0234375
5 0.68828125 0.4734375 0.0296875 0.021875
5 0.69609375 0.48359375 0.0265625 0.0234375
5 0.640625 0.52890625 0.01875 0.0265625
5 0.4828125 0.63984375 0.021875 0.0234375
5 0.6625 0.49921875 0.021875 0.0171875
5 0.47265625 0.646875 0.0171875 0.021875
5 0.73359375 0.76640625 0.0234375 0.0203125
5 0.70859375 0.7859375 0.0171875 0.015625
