5 0.9453125 0.2484375 0.015625 0.021875
5 0.9859375 0.228125 0.015625 0.01875
5 0.91953125 0.2625 0.0171875 0.021875
5 0.78671875 0.96640625 0.0265625 0.0140625
5 0.7578125 0.9875 0.025 0.0125
5 0.7640625 0.98203125 0.025 0.0140625
5 0.77421875 0.9765625 0.0265625 0.009375
5 0.78359375 0.971875 0.0234375 0.0125
5 0.7984375 0.96171875 0.021875 0.0109375
5 0.50546875 0.87734375 0.0203125 0.0265625
5 0.44140625 0.890625 0.0234375 0.01875
5 0.5671875 0.859375 0.025 0.01875
5 0.54375 0.82265625 0.025 0.0171875
5 0.53515625 0.809375 0.0234375 0.015625
5 0.53046875 0.80234375 0.0234375 0.0171875
5 0.74921875 0.77890625 0.0265625 0.0203125
5 0.71796875 0.728125 0.0265625 0.01875
5 0.7203125 0.7 0.0125 0.021875
5 0.9203125 0.98828125 0.01875 0.0203125
5 0.90703125 0.95390625 0.0171875 0.0234375
5 0.89140625 0.9234375 0.0203125 0.025
5 0.83828125 0.93828125 0.0296875 0.0140625
5 0.8640625 0.971875 0.025 0.009375
5 0.771875 0.73828125 0.01875 0.0234375
5 0.80859375 0.64296875 0.0234375 0.0171875
5 0.86796875 0.7421875 0.0234375 0.01875
5 0.8625 0.73828125 0.025 0.0171875
5 0.859375 0.73046875 0.021875 0.0171875
5 0.8546875 0.71796875 0.01875 0.0140625
5 0.81484375 0.6625 0.0265625 0.01875
5 0.80546875 0.70703125 0.0171875 0.0265625
5 0.7953125 0.63515625 0.021875 0.0171875
5 0.90234375 0.275 0.0140625 0.01875
5 0.57265625 0.63671875 0.0203125 0.0171875
5 0.43203125 0.5578125 0.0171875 0.01875
5 0.42109375 0.56484375 0.0140625 0.0203125
5 0.4140625 0.5703125 0.015625 0.021875
5 0.43671875 0.640625 0.0234375 0.015625
5 0.43203125 0.64609375 0.0234375 0.0171875
5 0.4234375 0.6484375 0.025 0.015625
5 0.29140625 0.7578125 0.0171875 0.028125
5 0.06171875 0.859375 0.0265625 0.01875
5 0.51328125 0.67109375 0.0203125 0.0171875
5 0.54296875 0.6546875 0.0234375 0.01875
5 0.4671875 0.55625 0.01875 0.028125
5 0.54609375 0.6296875 0.0328125 0.025
5 0.4953125 0.5796875 0.025 0.01875
5 0.4828125 0.5296875 0.015625 0.01875
5 0.78828125 0.33984375 0.0171875 0.0234375
5 0.9828125 0.28046875 0.025 0.0203125
5 0.94609375 0.30078125 0.0265625 0.0203125
5 0.76875 0.36328125 0.01875 0.0265625
5 0.49609375 0.5203125 0.0171875 0.01875
5 0.9296875 0.42265625 0.021875 0.0171875
5 0.88046875 0.4515625 0.0296875 0.021875
5 0.8453125 0.4390625 0.025 0.01875
5 0.815625 0.4890625 0.028125 0.01875
5 0.7859375 0.5078125 0.028125 0.021875
5 0.64140625 0.4609375 0.0203125 0.021875
5 0.59609375 0.459375 0.0171875 0.021875
5 0.58984375 0.4625 0.0171875 0.01875
5 0.62734375 0.50078125 0.0265625 0.0171875
5 0.24375 0.9859375 0.01875 0.025
