5 0.78671875 0.46640625 0.0265625 0.0140625
5 0.70390625 0.52109375 0.0234375 0.0109375
5 0.71171875 0.51640625 0.0265625 0.0109375
5 0.7171875 0.51015625 0.025 0.0109375
5 0.725 0.50546875 0.021875 0.0109375
5 0.734375 0.5015625 0.025 0.0125
5 0.7578125 0.4875 0.025 0.0125
5 0.7640625 0.48203125 0.025 0.0140625
5 0.77421875 0.4765625 0.0265625 0.009375
5 0.78359375 0.471875 0.0234375 0.0125
5 0.7984375 0.46171875 0.021875 0.0109375
5 0.7765625 0.5265625 0.025 0.0125
5 0.50546875 0.37734375 0.0203125 0.0265625
5 0.44140625 0.390625 0.0234375 0.01875
5 0.5671875 0.359375 0.025 0.01875
5 0.54375 0.32265625 0.025 0.0171875
5 0.53515625 0.309375 0.0234375 0.015625
5 0.53046875 0.30234375 0.0234375 0.0171875
5 0.74921875 0.27890625 0.0265625 0.0203125
5 0.71796875 0.228125 0.0265625 0.01875
5 0.68671875 0.53046875 0.0234375 0.0109375
5 0.7703125 0.53203125 0.025 0.0109375
5 0.7203125 0.2 0.0125 0.021875
5 0.7921875 0.51640625 0.025 0.0109375
5 0.87578125 0.49375 0.0265625 0.0125
5 0.9203125 0.48828125 0.01875 0.0203125
5 0.90703125 0.45390625 0.0171875 0.0234375
5 0.89140625 0.4234375 0.0203125 0.025
5 0.83828125 0.43828125 0.0296875 0.0140625
5 0.8640625 0.471875 0.025 0.009375
5 0.8265625 0.496875 0.025 0.0125
5 0.8171875 0.5015625 0.025 0.0125
5 0.80703125 0.50703125 0.0265625 0.0109375
5 0.7859375 0.52109375 0.025 0.0078125
5 0.75078125 0.5421875 0.0234375 0.009375
5 0.6140625 0.5453125 0.01875 0.021875
5 0.71953125 0.5609375 0.0265625 0.009375
5 0.7265625 0.55625 0.028125 0.0125
5 0.7390625 0.55234375 0.025 0.0109375
5 0.7453125 0.546875 0.025 0.0125
5 0.771875 0.23828125 0.01875 0.0234375
5 0.81953125 0.52734375 0.0234375 0.0109375
5 0.80859375 0.14296875 0.0234375 0.0171875
5 0.86796875 0.2421875 0.0234375 0.01875
5 0.8625 0.23828125 0.025 0.0171875
5 0.859375 0.23046875 0.021875 0.0171875
5 0.8546875 0.21796875 0.01875 0.0140625
5 0.81484375 0.1625 0.0265625 0.01875
5 0.80546875 0.20703125 0.0171875 0.0265625
5 0.7953125 0.13515625 0.021875 0.0171875
5 0.83125 0.525 0.021875 0.009375
5 0.81171875 0.53359375 0.0265625 0.0109375
5 0.57265625 0.13671875 0.0203125 0.0171875
5 0.43203125 0.0578125 0.0171875 0.01875
5 0.42109375 0.06484375 0.0140625 0.0203125
5 0.4140625 0.0703125 0.015625 0.021875
5 0.43671875 0.140625 0.0234375 0.015625
5 0.43203125 0.14609375 0.0234375 0.0171875
5 0.4234375 0.1484375 0.025 0.015625
5 0.29140625 0.2578125 0.0171875 0.028125
5 0.06171875 0.359375 0.0265625 0.01875
5 0.51328125 0.17109375 0.0203125 0.0171875
5 0.54296875 0.1546875 0.0234375 0.01875
5 0.4671875 0.05625 0.01875 0.028125
5 0.54609375 0.1296875 0.0328125 0.025
5 0.43203125 0.86875 0.0203125 0.025
5 0.325 0.67890625 0.01875 0.0234375
5 0.36875 0.88828125 0.015625 0.0234375
5 0.34921875 0.85234375 0.0203125 0.0234375
5 0.33125 0.82421875 0.01875 0.0234375
5 0.32734375 0.86796875 0.0171875 0.0234375
5 0.30625 0.83359375 0.01875 0.0265625
5 0.27109375 0.77578125 0.0203125 0.0265625
5 0.4953125 0.0796875 0.025 0.01875
5 0.4828125 0.0296875 0.015625 0.01875
5 0.27734375 0.734375 0.0171875 0.021875
5 0.49609375 0.0203125 0.0171875 0.01875
5 0.24921875 0.7421875 0.0203125 0.025
5 0.2609375 0.70859375 0.015625 0.0203125
5 0.79609375 0.54296875 0.0265625 0.0109375
5 0.76640625 0.63984375 0.0265625 0.0109375
5 0.90703125 0.52578125 0.0265625 0.0078125
5 0.91015625 0.55390625 0.0234375 0.0109375
5 0.89140625 0.53515625 0.0234375 0.0109375
5 0.875 0.5453125 0.025 0.009375
5 0.8375 0.571875 0.028125 0.0125
5 0.8203125 0.58046875 0.025 0.0109375
5 0.840625 0.59765625 0.025 0.0109375
5 0.83359375 0.6015625 0.0265625 0.0125
5 0.77265625 0.61015625 0.0296875 0.0109375
5 0.73125 0.63359375 0.028125 0.0109375
5 0.96796875 0.55625 0.0171875 0.025
5 0.73828125 0.628125 0.0296875 0.0125
5 0.70546875 0.603125 0.0234375 0.0125
5 0.71484375 0.59765625 0.0171875 0.0078125
5 0.715625 0.59140625 0.025 0.0109375
5 0.725 0.5875 0.028125 0.0125
5 0.73125 0.58125 0.021875 0.0125
5 0.740625 0.578125 0.025 0.0125
5 0.7609375 0.5625 0.025 0.0125
5 0.7703125 0.55859375 0.028125 0.0140625
5 0.93515625 0.4984375 0.0171875 0.025
5 0.93671875 0.5703125 0.0265625 0.015625
5 0.24296875 0.6765625 0.0140625 0.021875
5 0.25859375 0.52265625 0.0140625 0.0234375
5 0.2234375 0.64453125 0.01875 0.0265625
5 0.20546875 0.61484375 0.0203125 0.0234375
5 0.1875 0.58671875 0.01875 0.0234375
5 0.1640625 0.59609375 0.01875 0.0234375
5 0.18359375 0.628125 0.0203125 0.025
5 0.2015625 0.66171875 0.015625 0.0234375
5 0.2203125 0.690625 0.01875 0.025
5 0.22109375 0.50625 0.0171875 0.025
5 0.24375 0.4859375 0.01875 0.025
5 0.2875 0.50390625 0.025 0.0171875
5 0.91640625 0.6015625 0.0109375 0.025
5 0.3875 0.66875 0.025 0.01875
5 0.39296875 0.67578125 0.0234375 0.0171875
5 0.43359375 0.73984375 0.0203125 0.0140625
5 0.43828125 0.746875 0.0203125 0.015625
5 0.453125 0.76328125 0.01875 0.0171875
5 0.85703125 0.68359375 0.0265625 0.0203125
5 0.81953125 0.7078125 0.0203125 0.01875
