5 0.0921875 0.8296875 0.015625 0.021875
5 0.06796875 0.77578125 0.0171875 0.0234375
5 0.078125 0.76953125 0.01875 0.0234375
5 0.09609375 0.7625 0.0171875 0.021875
5 0.10859375 0.7546875 0.0140625 0.021875
5 0.1421875 0.79453125 0.01875 0.0265625
5 0.1375 0.79921875 0.01875 0.0265625
5 0.1015625 0.8234375 0.01875 0.021875
5 0.0859375 0.834375 0.015625 0.021875
5 0.07265625 0.84140625 0.0171875 0.0203125
4 0.6015625 0.8484375 0.1 0.096875
4 0.696875 0.82265625 0.096875 0.0984375
4 0.434375 0.3 0.125 0.11875
4 0.22265625 0.103125 0.1015625 0.09375
