5 0.165625 0.29375 0.021875 0.01875
5 0.04453125 0.16640625 0.0234375 0.0171875
5 0.0609375 0.24375 0.021875 0.015625
5 0.05625 0.23828125 0.025 0.0171875
5 0.06484375 0.2484375 0.0234375 0.015625
5 0.1625 0.28828125 0.021875 0.0171875
5 0.1203125 0.221875 0.025 0.015625
5 0.159375 0.28359375 0.021875 0.0171875
5 0.159375 0.2375 0.01875 0.025
5 0.153125 0.2734375 0.021875 0.01875
5 0.1484375 0.26875 0.021875 0.015625
5 0.146875 0.26171875 0.021875 0.0140625
5 0.1390625 0.25390625 0.021875 0.0171875
5 0.13828125 0.24765625 0.0234375 0.0171875
5 0.13359375 0.2421875 0.0234375 0.015625
5 0.128125 0.23046875 0.021875 0.0171875
5 0.11875 0.215625 0.021875 0.015625
5 0.06640625 0.2546875 0.0203125 0.015625
5 0.11171875 0.20546875 0.0234375 0.0171875
5 0.10859375 0.2 0.0203125 0.015625
5 0.11484375 0.33125 0.0234375 0.01875
5 0.1015625 0.3109375 0.021875 0.015625
5 0.0984375 0.30546875 0.021875 0.0171875
5 0.09453125 0.3 0.0203125 0.015625
5 0.08671875 0.28515625 0.0234375 0.0171875
5 0.07578125 0.26953125 0.0234375 0.0171875
5 0.07265625 0.2640625 0.0203125 0.015625
5 0.17421875 0.41484375 0.0234375 0.0265625
5 0.05859375 0.54140625 0.0234375 0.0234375
