5 0.9796875 0.6734375 0.03125 0.0125
5 0.8296875 0.6703125 0.028125 0.01875
5 0.1890625 0.22265625 0.015625 0.0265625
5 0.9359375 0.759375 0.015625 0.021875
5 0.92890625 0.76484375 0.0140625 0.0171875
5 0.91953125 0.7671875 0.0171875 0.021875
5 0.678125 0.8578125 0.025 0.0125
5 0.6953125 0.8546875 0.01875 0.009375
5 0.72265625 0.86328125 0.0171875 0.0171875
5 0.790625 0.84296875 0.015625 0.0203125
5 0.7984375 0.83671875 0.015625 0.0203125
5 0.771875 0.646875 0.01875 0.021875
5 0.48359375 0.903125 0.0171875 0.015625
5 0.634375 0.83828125 0.028125 0.0234375
