5 0.9796875 0.1734375 0.03125 0.0125
5 0.8296875 0.1703125 0.028125 0.01875
5 0.9359375 0.259375 0.015625 0.021875
5 0.92890625 0.26484375 0.0140625 0.0171875
5 0.91953125 0.2671875 0.0171875 0.021875
5 0.678125 0.3578125 0.025 0.0125
5 0.6953125 0.3546875 0.01875 0.009375
5 0.72265625 0.36328125 0.0171875 0.0171875
5 0.790625 0.34296875 0.015625 0.0203125
5 0.7984375 0.33671875 0.015625 0.0203125
5 0.771875 0.146875 0.01875 0.021875
5 0.48359375 0.403125 0.0171875 0.015625
5 0.634375 0.33828125 0.028125 0.0234375
4 0.434375 0.8 0.125 0.11875
4 0.22265625 0.603125 0.1015625 0.09375
