5 0.34609375 0.6578125 0.0265625 0.01875
5 0.21328125 0.7375 0.0265625 0.01875
5 0.94140625 0.390625 0.0234375 0.01875
5 0.4234375 0.4421875 0.03125 0.01875
5 0.3765625 0.8953125 0.025 0.0125
5 0.37265625 0.9015625 0.0265625 0.009375
5 0.3640625 0.9078125 0.021875 0.009375
5 0.353125 0.9109375 0.03125 0.0125
5 0.34609375 0.9171875 0.0296875 0.0125
5 0.06484375 0.9078125 0.0171875 0.021875
5 0.07109375 0.9046875 0.0171875 0.021875
5 0.0765625 0.90078125 0.015625 0.0203125
5 0.08203125 0.89921875 0.0140625 0.0203125
5 0.93203125 0.0578125 0.0171875 0.01875
5 0.92109375 0.06484375 0.0140625 0.0203125
5 0.9140625 0.0703125 0.015625 0.021875
5 0.93671875 0.140625 0.0234375 0.015625
5 0.93203125 0.14609375 0.0234375 0.0171875
5 0.9234375 0.1484375 0.025 0.015625
5 0.79140625 0.2578125 0.0171875 0.028125
5 0.56171875 0.359375 0.0265625 0.01875
5 0.9671875 0.05625 0.01875 0.028125
5 0.93203125 0.86875 0.0203125 0.025
5 0.825 0.67890625 0.01875 0.0234375
5 0.86875 0.88828125 0.015625 0.0234375
5 0.84921875 0.85234375 0.0203125 0.0234375
5 0.83125 0.82421875 0.01875 0.0234375
5 0.82734375 0.86796875 0.0171875 0.0234375
5 0.80625 0.83359375 0.01875 0.0265625
5 0.77109375 0.77578125 0.0203125 0.0265625
5 0.9828125 0.0296875 0.015625 0.01875
5 0.77734375 0.734375 0.0171875 0.021875
5 0.74921875 0.7421875 0.0203125 0.025
5 0.7609375 0.70859375 0.015625 0.0203125
5 0.74296875 0.6765625 0.0140625 0.021875
5 0.75859375 0.52265625 0.0140625 0.0234375
5 0.7234375 0.64453125 0.01875 0.0265625
5 0.70546875 0.61484375 0.0203125 0.0234375
5 0.6875 0.58671875 0.01875 0.0234375
5 0.6640625 0.59609375 0.01875 0.0234375
5 0.68359375 0.628125 0.0203125 0.025
5 0.7015625 0.66171875 0.015625 0.0234375
5 0.7203125 0.690625 0.01875 0.025
5 0.72109375 0.50625 0.0171875 0.025
5 0.74375 0.4859375 0.01875 0.025
5 0.7875 0.50390625 0.025 0.0171875
5 0.8875 0.66875 0.025 0.01875
5 0.89296875 0.67578125 0.0234375 0.0171875
5 0.93359375 0.73984375 0.0203125 0.0140625
5 0.93828125 0.746875 0.0203125 0.015625
5 0.953125 0.76328125 0.01875 0.0171875
