5 0.53828125 0.14453125 0.0328125 0.0140625
5 0.5234375 0.1484375 0.03125 0.0125
5 0.5078125 0.15859375 0.03125 0.0140625
5 0.5 0.1640625 0.028125 0.0125
5 0.4796875 0.1734375 0.03125 0.0125
5 0.3296875 0.1703125 0.028125 0.01875
5 0.4359375 0.259375 0.015625 0.021875
5 0.53125 0.2 0.01875 0.025
5 0.42890625 0.26484375 0.0140625 0.0171875
5 0.41953125 0.2671875 0.0171875 0.021875
5 0.178125 0.3578125 0.025 0.0125
5 0.1953125 0.3546875 0.01875 0.009375
5 0.22265625 0.36328125 0.0171875 0.0171875
5 0.290625 0.34296875 0.015625 0.0203125
5 0.2984375 0.33671875 0.015625 0.0203125
5 0.271875 0.146875 0.01875 0.021875
5 0.134375 0.33828125 0.028125 0.0234375
4 0.81015625 0.63671875 0.1046875 0.0953125
5 0.79140625 0.0234375 0.0109375 0.028125
5 0.80078125 0.015625 0.0109375 0.028125
5 0.84453125 0.04765625 0.0140625 0.0171875
5 0.775 0.02421875 0.015625 0.0234375
