5 0.9453125 0.7484375 0.015625 0.021875
4 0.72421875 0.4 0.1671875 0.178125
5 0.9859375 0.728125 0.015625 0.01875
5 0.91953125 0.7625 0.0171875 0.021875
5 0.90234375 0.775 0.0140625 0.01875
5 0.78828125 0.83984375 0.0171875 0.0234375
5 0.9828125 0.78046875 0.025 0.0203125
5 0.94609375 0.80078125 0.0265625 0.0203125
5 0.76875 0.86328125 0.01875 0.0265625
5 0.9296875 0.92265625 0.021875 0.0171875
5 0.88046875 0.9515625 0.0296875 0.021875
5 0.8453125 0.9390625 0.025 0.01875
5 0.815625 0.9890625 0.028125 0.01875
5 0.64140625 0.9609375 0.0203125 0.021875
5 0.59609375 0.959375 0.0171875 0.021875
5 0.58984375 0.9625 0.0171875 0.01875
