4 0.7921875 0.8703125 0.084375 0.0875
4 0.8109375 0.46171875 0.1 0.1203125
4 0.709375 0.44609375 0.10625 0.1203125
4 0.44296875 0.50859375 0.1484375 0.1515625
4 0.378125 0.59296875 0.109375 0.1015625
4 0.09375 0.603125 0.115625 0.125
4 0.29375 0.16328125 0.16875 0.1578125
4 0.0703125 0.85078125 0.090625 0.1390625
4 0.65546875 0.66328125 0.0578125 0.0671875
4 0.17265625 0.83984375 0.0796875 0.1203125
4 0.2671875 0.8484375 0.084375 0.121875
4 0.840625 0.20859375 0.065625 0.0828125
4 0.7609375 0.20234375 0.078125 0.0859375
4 0.53828125 0.3078125 0.1734375 0.146875
