5 0.4453125 0.7484375 0.015625 0.021875
4 0.22421875 0.4 0.1671875 0.178125
5 0.4859375 0.728125 0.015625 0.01875
5 0.41953125 0.7625 0.0171875 0.021875
5 0.40234375 0.775 0.0140625 0.01875
5 0.28828125 0.83984375 0.0171875 0.0234375
5 0.51015625 0.7625 0.0234375 0.01875
5 0.4828125 0.78046875 0.025 0.0203125
5 0.44609375 0.80078125 0.0265625 0.0203125
5 0.6 0.8171875 0.025 0.01875
5 0.546875 0.81953125 0.025 0.0171875
5 0.55546875 0.8453125 0.0265625 0.021875
5 0.6296875 0.94453125 0.01875 0.0234375
5 0.61640625 0.95234375 0.0171875 0.0234375
5 0.609375 0.95546875 0.01875 0.0203125
5 0.26875 0.86328125 0.01875 0.0265625
5 0.4296875 0.92265625 0.021875 0.0171875
5 0.38046875 0.9515625 0.0296875 0.021875
5 0.3453125 0.9390625 0.025 0.01875
5 0.315625 0.9890625 0.028125 0.01875
5 0.14140625 0.9609375 0.0203125 0.021875
5 0.09609375 0.959375 0.0171875 0.021875
5 0.08984375 0.9625 0.0171875 0.01875
