5 0.53828125 0.64453125 0.0328125 0.0140625
5 0.5234375 0.6484375 0.03125 0.0125
5 0.5078125 0.65859375 0.03125 0.0140625
5 0.5 0.6640625 0.028125 0.0125
5 0.4796875 0.6734375 0.03125 0.0125
5 0.3296875 0.6703125 0.028125 0.01875
5 0.4359375 0.759375 0.015625 0.021875
5 0.53125 0.7 0.01875 0.025
5 0.42890625 0.76484375 0.0140625 0.0171875
5 0.41953125 0.7671875 0.0171875 0.021875
5 0.178125 0.8578125 0.025 0.0125
5 0.1953125 0.8546875 0.01875 0.009375
5 0.22265625 0.86328125 0.0171875 0.0171875
5 0.290625 0.84296875 0.015625 0.0203125
5 0.2984375 0.83671875 0.015625 0.0203125
5 0.271875 0.646875 0.01875 0.021875
5 0.134375 0.83828125 0.028125 0.0234375
5 0.79140625 0.5234375 0.0109375 0.028125
5 0.80078125 0.515625 0.0109375 0.028125
5 0.84453125 0.54765625 0.0140625 0.0171875
5 0.775 0.52421875 0.015625 0.0234375
