4 0.25078125 0.3578125 0.0515625 0.04375
4 0.26015625 0.5203125 0.0671875 0.05625
4 0.22265625 0.50390625 0.0734375 0.0671875
4 0.159375 0.38203125 0.059375 0.0546875
4 0.19375 0.371875 0.059375 0.040625
4 0.20703125 0.3265625 0.0546875 0.04375
4 0.15 0.3265625 0.0625 0.053125
4 0.21640625 0.18203125 0.0703125 0.0703125
4 0.1203125 0.2109375 0.0625 0.0625
4 0.08671875 0.21875 0.0609375 0.05625
4 0.0546875 0.23203125 0.059375 0.0546875
4 0.12890625 0.87421875 0.1609375 0.1390625
4 0.93671875 0.1140625 0.0609375 0.053125
4 0.9484375 0.2015625 0.053125 0.021875
4 0.9515625 0.2859375 0.053125 0.05
