4 0.40546875 0.746875 0.1390625 0.103125
4 0.071875 0.52890625 0.059375 0.0515625
5 0.8734375 0.47109375 0.0125 0.0265625
5 0.86875 0.50078125 0.0125 0.0234375
5 0.86484375 0.47421875 0.0109375 0.0265625
5 0.8546875 0.4796875 0.009375 0.025
5 0.846875 0.484375 0.009375 0.0375
5 0.81171875 0.41328125 0.0265625 0.0078125
5 0.81796875 0.42421875 0.0421875 0.0109375
5 0.8109375 0.43515625 0.040625 0.0078125
5 0.27734375 0.61875 0.0328125 0.01875
4 0.303125 0.0796875 0.13125 0.10625
4 0.31875 0.1921875 0.121875 0.103125
4 0.346875 0.403125 0.128125 0.103125
4 0.7671875 0.23515625 0.153125 0.1453125
