4 0.74140625 0.49765625 0.0703125 0.0515625
4 0.77890625 0.53515625 0.0953125 0.0515625
4 0.75078125 0.6078125 0.1109375 0.103125
4 0.48125 0.87578125 0.06875 0.0484375
4 0.48671875 0.809375 0.1296875 0.10625
4 0.5171875 0.7546875 0.09375 0.078125
4 0.5359375 0.65390625 0.1125 0.0859375
4 0.55 0.60078125 0.071875 0.0703125
4 0.55234375 0.503125 0.0671875 0.059375
4 0.57734375 0.45390625 0.0734375 0.0671875
4 0.75859375 0.45859375 0.1328125 0.1140625
4 0.72890625 0.41875 0.0609375 0.0625
4 0.76953125 0.39765625 0.0890625 0.0953125
4 0.81875 0.44453125 0.1 0.0953125
4 0.12734375 0.546875 0.1265625 0.1375
4 0.078125 0.3796875 0.128125 0.13125
4 0.1515625 0.41953125 0.134375 0.1265625
4 0.14609375 0.321875 0.1171875 0.1
4 0.1375 0.2453125 0.1125 0.1
4 0.725 0.7265625 0.096875 0.0875
