4 0.75078125 0.3578125 0.0515625 0.04375
4 0.76015625 0.5203125 0.0671875 0.05625
4 0.72265625 0.50390625 0.0734375 0.0671875
4 0.659375 0.38203125 0.059375 0.0546875
4 0.69375 0.371875 0.059375 0.040625
4 0.70703125 0.3265625 0.0546875 0.04375
4 0.65 0.3265625 0.0625 0.053125
4 0.71640625 0.18203125 0.0703125 0.0703125
4 0.6203125 0.2109375 0.0625 0.0625
4 0.58671875 0.21875 0.0609375 0.05625
4 0.5546875 0.23203125 0.059375 0.0546875
4 0.62890625 0.87421875 0.1609375 0.1390625
4 0.5625 0.78125 0.1625 0.146875
