4 0.25078125 0.8578125 0.0515625 0.04375
4 0.29765625 0.440625 0.1515625 0.115625
4 0.159375 0.88203125 0.059375 0.0546875
4 0.19375 0.871875 0.059375 0.040625
4 0.20703125 0.8265625 0.0546875 0.04375
4 0.15 0.8265625 0.0625 0.053125
4 0.21640625 0.68203125 0.0703125 0.0703125
4 0.1203125 0.7109375 0.0625 0.0625
4 0.08671875 0.71875 0.0609375 0.05625
4 0.0546875 0.73203125 0.059375 0.0546875
4 0.93671875 0.6140625 0.0609375 0.053125
4 0.9484375 0.7015625 0.053125 0.021875
4 0.9515625 0.7859375 0.053125 0.05
