4 0.90625 0.0984375 0.090625 0.071875
4 0.22421875 0.57421875 0.0640625 0.0671875
4 0.1625 0.559375 0.0625 0.065625
4 0.42734375 0.7640625 0.0546875 0.05625
4 0.903125 0.86484375 0.0625 0.0453125
4 0.821875 0.8546875 0.071875 0.05625
4 0.74453125 0.840625 0.0734375 0.0625
4 0.66484375 0.82578125 0.0734375 0.0734375
4 0.58359375 0.809375 0.0765625 0.071875
4 0.50859375 0.78828125 0.0734375 0.0703125
4 0.2734375 0.725 0.065625 0.053125
4 0.28359375 0.58359375 0.0578125 0.0578125
4 0.209375 0.7125 0.0625 0.0625
4 0.1546875 0.6984375 0.059375 0.0625
4 0.103125 0.6828125 0.05625 0.059375
4 0.0484375 0.6703125 0.05625 0.05625
4 0.7796875 0.70546875 0.05 0.0578125
4 0.62421875 0.6671875 0.0515625 0.065625
4 0.56171875 0.653125 0.0609375 0.0625
4 0.5 0.6359375 0.059375 0.05
4 0.9359375 0.7421875 0.05625 0.05625
4 0.35234375 0.7453125 0.0609375 0.059375
4 0.71484375 0.68984375 0.0640625 0.0640625
4 0.40625 0.61640625 0.0625 0.0578125
