6 0.8640625 0.246875 0.025 0.059375
4 0.13203125 0.60625 0.1015625 0.13125
4 0.0640625 0.84765625 0.109375 0.1421875
6 0.94453125 0.2484375 0.0265625 0.046875
6 0.9078125 0.23828125 0.03125 0.0578125
6 0.41796875 0.371875 0.0671875 0.03125
6 0.6765625 0.25390625 0.03125 0.0703125
6 0.909375 0.409375 0.028125 0.06875
6 0.7390625 0.4296875 0.059375 0.025
6 0.6328125 0.25703125 0.03125 0.0609375
6 0.715625 0.24921875 0.028125 0.0609375
6 0.7578125 0.2453125 0.03125 0.065625
6 0.79375 0.25078125 0.034375 0.0765625
6 0.83203125 0.246875 0.0296875 0.0625
