6 0.14921875 0.6984375 0.0640625 0.05
6 0.03984375 0.734375 0.0484375 0.05625
6 0.12109375 0.7671875 0.0640625 0.046875
6 0.153125 0.88828125 0.059375 0.0453125
6 0.16953125 0.8546875 0.0671875 0.046875
6 0.18203125 0.8203125 0.0671875 0.046875
6 0.221875 0.725 0.071875 0.05
4 0.521875 0.8296875 0.18125 0.196875
4 0.6265625 0.79375 0.134375 0.146875
4 0.5625 0.68203125 0.125 0.1296875
4 0.68046875 0.646875 0.1515625 0.18125
4 0.62734375 0.53984375 0.1265625 0.1390625
4 0.28125 0.3078125 0.25625 0.265625
6 0.13125 0.9515625 0.06875 0.053125
6 0.20078125 0.78359375 0.0734375 0.0515625
6 0.20859375 0.753125 0.0609375 0.040625
6 0.14453125 0.7296875 0.0640625 0.046875
5 0.88671875 0.528125 0.0453125 0.0875
6 0.1078125 0.81484375 0.059375 0.0453125
4 0.39140625 0.1125 0.2015625 0.1875
