6 0.14921875 0.1984375 0.0640625 0.05
6 0.03984375 0.234375 0.0484375 0.05625
6 0.12109375 0.2671875 0.0640625 0.046875
6 0.153125 0.38828125 0.059375 0.0453125
6 0.16953125 0.3546875 0.0671875 0.046875
6 0.18203125 0.3203125 0.0671875 0.046875
6 0.221875 0.225 0.071875 0.05
4 0.27734375 0.91484375 0.1359375 0.1421875
4 0.3984375 0.87265625 0.146875 0.1890625
4 0.34375 0.7640625 0.11875 0.15
4 0.46796875 0.74296875 0.1546875 0.1640625
4 0.38984375 0.61796875 0.1234375 0.1484375
4 0.5046875 0.58046875 0.13125 0.1515625
4 0.56640625 0.43359375 0.1453125 0.1765625
4 0.521875 0.3296875 0.18125 0.196875
4 0.6265625 0.29375 0.134375 0.146875
4 0.5625 0.18203125 0.125 0.1296875
4 0.68046875 0.146875 0.1515625 0.18125
6 0.13125 0.4515625 0.06875 0.053125
6 0.20078125 0.28359375 0.0734375 0.0515625
6 0.20859375 0.253125 0.0609375 0.040625
6 0.14453125 0.2296875 0.0640625 0.046875
6 0.1078125 0.31484375 0.059375 0.0453125
