4 0.57578125 0.89453125 0.1234375 0.1453125
4 0.52734375 0.78984375 0.1109375 0.1328125
4 0.64375 0.7484375 0.146875 0.1625
6 0.128125 0.1890625 0.05 0.0625
6 0.03515625 0.578125 0.0390625 0.053125
6 0.14296875 0.26953125 0.0390625 0.0515625
6 0.09375 0.1671875 0.046875 0.05625
6 0.33203125 0.02890625 0.0703125 0.0515625
6 0.234375 0.33046875 0.071875 0.0640625
6 0.18125 0.284375 0.04375 0.05625
6 0.1125 0.25546875 0.046875 0.0578125
6 0.28828125 0.14609375 0.0609375 0.0453125
6 0.04375 0.10546875 0.053125 0.0609375
6 0.03515625 0.059375 0.0515625 0.053125
