4 0.30234375 0.57734375 0.1265625 0.1453125
6 0.36015625 0.54765625 0.0546875 0.0359375
6 0.628125 0.6890625 0.05 0.0625
6 0.64296875 0.76953125 0.0390625 0.0515625
5 0.31328125 0.94765625 0.0671875 0.0890625
6 0.45390625 0.9140625 0.0546875 0.065625
6 0.59375 0.6671875 0.046875 0.05625
6 0.6953125 0.44375 0.065625 0.05625
6 0.83203125 0.52890625 0.0703125 0.0515625
6 0.028125 0.353125 0.046875 0.071875
6 0.409375 0.8984375 0.046875 0.059375
6 0.734375 0.83046875 0.071875 0.0640625
6 0.68125 0.784375 0.04375 0.05625
6 0.6125 0.75546875 0.046875 0.0578125
6 0.78828125 0.64609375 0.0609375 0.0453125
6 0.54375 0.60546875 0.053125 0.0609375
6 0.53515625 0.559375 0.0515625 0.053125
