4 0.0625 0.6828125 0.11875 0.13125
4 0.2046875 0.68046875 0.1375 0.1421875
4 0.15390625 0.553125 0.1109375 0.11875
4 0.28515625 0.5390625 0.1328125 0.14375
4 0.371875 0.4046875 0.153125 0.165625
4 0.48203125 0.8484375 0.1484375 0.159375
4 0.61640625 0.840625 0.1421875 0.15625
4 0.56640625 0.7125 0.1453125 0.159375
4 0.7015625 0.6984375 0.140625 0.1625
4 0.7453125 0.434375 0.159375 0.16875
4 0.88046875 0.42734375 0.1453125 0.1578125
4 0.8359375 0.303125 0.128125 0.140625
4 0.4625 0.2640625 0.1375 0.15625
6 0.63125 0.76015625 0.05625 0.0453125
6 0.67890625 0.590625 0.0609375 0.046875
6 0.15625 0.59375 0.05625 0.046875
