6 0.16171875 0.671875 0.0328125 0.075
6 0.9546875 0.22265625 0.028125 0.0578125
6 0.9859375 0.1671875 0.025 0.05625
6 0.15078125 0.15625 0.0546875 0.05
6 0.33515625 0.67265625 0.0203125 0.0421875
6 0.26640625 0.6765625 0.0265625 0.05
6 0.10234375 0.51640625 0.0328125 0.0609375
6 0.1328125 0.51796875 0.03125 0.0609375
6 0.584375 0.3234375 0.0625 0.03125
6 0.578125 0.3546875 0.0625 0.03125
6 0.228125 0.68125 0.028125 0.0625
6 0.20390625 0.52265625 0.0265625 0.0609375
6 0.93515625 0.37421875 0.0265625 0.0546875
6 0.74921875 0.25 0.0296875 0.053125
6 0.71328125 0.2453125 0.0296875 0.05625
6 0.28125 0.1703125 0.0625 0.065625
6 0.0984375 0.0796875 0.0625 0.059375
6 0.10078125 0.1625 0.0546875 0.059375
6 0.1546875 0.1125 0.05625 0.05625
6 0.1015625 0.20078125 0.059375 0.0609375
6 0.12734375 0.6671875 0.0296875 0.059375
6 0.090625 0.67109375 0.03125 0.0609375
6 0.05625 0.66875 0.03125 0.05625
6 0.15625 0.0359375 0.053125 0.05625
6 0.0953125 0.03671875 0.059375 0.0546875
6 0.10234375 0.11875 0.0546875 0.053125
6 0.10078125 0.27890625 0.0578125 0.0578125
6 0.26484375 0.278125 0.0640625 0.0625
6 0.1546875 0.2375 0.05 0.046875
6 0.240625 0.52265625 0.0375 0.0671875
6 0.0203125 0.6546875 0.03125 0.065625
