4 0.9125 0.4453125 0.15625 0.10625
4 0.2625 0.4109375 0.146875 0.10625
4 0.1 0.39765625 0.13125 0.0984375
6 0.65078125 0.65625 0.0546875 0.05
6 0.78125 0.6703125 0.0625 0.065625
6 0.821875 0.45078125 0.05 0.0578125
6 0.5984375 0.5796875 0.0625 0.059375
6 0.60078125 0.6625 0.0546875 0.059375
6 0.6546875 0.6125 0.05625 0.05625
6 0.6015625 0.70078125 0.059375 0.0609375
6 0.79609375 0.47890625 0.0640625 0.0578125
6 0.57890625 0.50625 0.0640625 0.05625
6 0.65625 0.5359375 0.053125 0.05625
6 0.5953125 0.53671875 0.059375 0.0546875
6 0.60234375 0.61875 0.0546875 0.053125
6 0.60078125 0.77890625 0.0578125 0.0578125
6 0.76484375 0.778125 0.0640625 0.0625
6 0.6546875 0.7375 0.05 0.046875
6 0.496875 0.7421875 0.0375 0.0625
