4 0.57734375 0.65546875 0.2328125 0.2609375
4 0.77265625 0.234375 0.2734375 0.29375
6 0.940625 0.521875 0.028125 0.009375
6 0.9203125 0.55703125 0.025 0.0203125
6 0.9234375 0.57109375 0.021875 0.0171875
6 0.925 0.5921875 0.025 0.01875
6 0.9234375 0.61015625 0.025 0.0203125
6 0.92578125 0.628125 0.0234375 0.01875
6 0.91640625 0.64921875 0.0296875 0.0234375
6 0.92578125 0.66328125 0.0296875 0.0203125
6 0.91875 0.6828125 0.034375 0.01875
6 0.92578125 0.6984375 0.0296875 0.01875
6 0.92734375 0.7171875 0.0265625 0.01875
6 0.9234375 0.7328125 0.03125 0.021875
6 0.86015625 0.61171875 0.0296875 0.0265625
6 0.8515625 0.625 0.028125 0.021875
6 0.86640625 0.5796875 0.0109375 0.028125
6 0.91640625 0.5421875 0.0234375 0.021875
6 0.95625 0.54609375 0.025 0.0109375
5 0.2375 0.44921875 0.046875 0.0453125
6 0.95390625 0.578125 0.0265625 0.0125
5 0.246875 0.39921875 0.05 0.0453125
5 0.63125 0.590625 0.05625 0.021875
6 0.58125 0.021875 0.028125 0.01875
6 0.69453125 0.05 0.0234375 0.034375
6 0.74765625 0.14921875 0.0203125 0.0171875
6 0.70078125 0.5 0.0234375 0.028125
6 0.63671875 0.746875 0.0171875 0.028125
6 0.834375 0.734375 0.03125 0.025
6 0.83515625 0.6984375 0.0203125 0.01875
6 0.859375 0.6984375 0.021875 0.01875
6 0.86015625 0.6796875 0.0234375 0.015625
6 0.82890625 0.66328125 0.0265625 0.0171875
6 0.83359375 0.646875 0.0234375 0.01875
6 0.8484375 0.6390625 0.025 0.015625
6 0.8546875 0.58203125 0.0125 0.0234375
6 0.92890625 0.7484375 0.0234375 0.01875
6 0.96171875 0.775 0.0234375 0.009375
6 0.96015625 0.790625 0.0203125 0.0125
6 0.91953125 0.83359375 0.0234375 0.0203125
6 0.9640625 0.71640625 0.021875 0.0140625
6 0.96171875 0.7015625 0.0234375 0.0125
6 0.95625 0.68515625 0.025 0.0109375
6 0.95625 0.67109375 0.025 0.0109375
6 0.96015625 0.65390625 0.0265625 0.0109375
6 0.95625 0.63984375 0.025 0.0109375
6 0.95390625 0.62421875 0.0234375 0.0109375
6 0.95390625 0.61015625 0.0203125 0.0109375
6 0.95234375 0.59296875 0.0265625 0.0109375
