5 0.83828125 0.89296875 0.0140625 0.0390625
5 0.77109375 0.9171875 0.0328125 0.040625
5 0.72890625 0.8578125 0.0140625 0.03125
5 0.415625 0.9109375 0.015625 0.034375
5 0.38046875 0.91171875 0.0140625 0.0328125
6 0.465625 0.90546875 0.034375 0.0109375
6 0.6765625 0.84609375 0.0125 0.0265625
6 0.69375 0.84921875 0.0125 0.0296875
6 0.71171875 0.85546875 0.0109375 0.0234375
5 0.3078125 0.640625 0.015625 0.03125
6 0.70859375 0.39140625 0.0265625 0.0140625
6 0.2703125 0.4390625 0.028125 0.015625
6 0.34609375 0.44140625 0.0296875 0.0328125
6 0.42578125 0.3265625 0.0328125 0.03125
6 0.60859375 0.26953125 0.0265625 0.0140625
6 0.940625 0.33359375 0.01875 0.0328125
6 0.921875 0.47578125 0.0125 0.0328125
6 0.884375 0.48671875 0.028125 0.0296875
6 0.83046875 0.50390625 0.0359375 0.0140625
6 0.83125 0.41953125 0.021875 0.0328125
6 0.87109375 0.434375 0.0265625 0.03125
6 0.81796875 0.4734375 0.0296875 0.0125
6 0.7859375 0.38203125 0.034375 0.0234375
6 0.7640625 0.3421875 0.034375 0.025
6 0.46953125 0.4296875 0.0296875 0.025
6 0.30390625 0.578125 0.0171875 0.028125
6 0.878125 0.6515625 0.025 0.0125
6 0.875 0.6328125 0.025 0.0125
6 0.86875 0.59296875 0.021875 0.0140625
6 0.85859375 0.578125 0.0265625 0.015625
6 0.878125 0.55390625 0.028125 0.0171875
