4 0.92265625 0.190625 0.1359375 0.15
4 0.8359375 0.3296875 0.140625 0.159375
4 0.8828125 0.45 0.146875 0.15625
4 0.74921875 0.46328125 0.1328125 0.1515625
4 0.6578125 0.5953125 0.134375 0.146875
4 0.7109375 0.73046875 0.13125 0.1359375
4 0.575 0.740625 0.134375 0.153125
4 0.62578125 0.8609375 0.1546875 0.159375
4 0.484375 0.8703125 0.13125 0.1375
4 0.11640625 0.840625 0.1421875 0.15625
4 0.2015625 0.6984375 0.140625 0.1625
4 0.2453125 0.434375 0.159375 0.16875
4 0.38046875 0.42734375 0.1453125 0.1578125
4 0.3359375 0.303125 0.128125 0.140625
4 0.47109375 0.2921875 0.1390625 0.15625
4 0.5484375 0.15078125 0.14375 0.1578125
6 0.13125 0.76015625 0.05625 0.0453125
6 0.17890625 0.590625 0.0609375 0.046875
