4 0.6921875 0.209375 0.146875 0.146875
4 0.81484375 0.26796875 0.1109375 0.1484375
4 0.28515625 0.7296875 0.1171875 0.128125
4 0.3390625 0.4171875 0.096875 0.125
4 0.34765625 0.23671875 0.0890625 0.1296875
4 0.24375 0.33125 0.10625 0.128125
4 0.70703125 0.34140625 0.1015625 0.1234375
4 0.81328125 0.42265625 0.0921875 0.1265625
4 0.7 0.50078125 0.103125 0.1203125
6 0.95390625 0.70078125 0.0671875 0.0640625
6 0.959375 0.66328125 0.059375 0.0578125
6 0.78984375 0.50859375 0.0671875 0.0296875
6 0.17890625 0.94296875 0.0546875 0.0234375
6 0.15703125 0.765625 0.0640625 0.0375
6 0.8625 0.87109375 0.025 0.0546875
