4 0.22421875 0.59453125 0.1484375 0.1578125
4 0.059375 0.8703125 0.11875 0.134375
4 0.3015625 0.121875 0.15 0.171875
4 0.80625 0.14609375 0.1375 0.1453125
6 0.62421875 0.5078125 0.0296875 0.05625
6 0.74921875 0.5015625 0.0328125 0.065625
6 0.825 0.509375 0.028125 0.053125
6 0.9265625 0.5046875 0.03125 0.05625
6 0.8875 0.50546875 0.028125 0.0484375
6 0.85625 0.503125 0.034375 0.065625
6 0.78984375 0.51015625 0.0265625 0.0515625
6 0.596875 0.9421875 0.04375 0.08125
6 0.63984375 0.94921875 0.0296875 0.0484375
6 0.70859375 0.94765625 0.0296875 0.0546875
6 0.77265625 0.93984375 0.0671875 0.0671875
