4 0.5765625 0.765625 0.14375 0.165625
4 0.7109375 0.753125 0.146875 0.1625
4 0.80234375 0.615625 0.1578125 0.159375
4 0.88984375 0.4765625 0.1453125 0.15625
4 0.5609375 0.17890625 0.15 0.1609375
4 0.42265625 0.190625 0.1359375 0.15
4 0.3359375 0.3296875 0.140625 0.159375
4 0.3828125 0.45 0.146875 0.15625
4 0.24921875 0.46328125 0.1328125 0.1515625
4 0.1578125 0.5953125 0.134375 0.146875
4 0.2109375 0.73046875 0.13125 0.1359375
4 0.075 0.740625 0.134375 0.153125
4 0.12578125 0.8609375 0.1546875 0.159375
