4 0.30390625 0.49140625 0.1328125 0.1015625
4 0.23046875 0.4 0.1390625 0.103125
4 0.07421875 0.3890625 0.1390625 0.090625
4 0.9125 0.9453125 0.15625 0.10625
4 0.2625 0.9109375 0.146875 0.10625
4 0.1 0.89765625 0.13125 0.0984375
4 0.3875 0.4015625 0.1 0.08125
4 0.45 0.49375 0.1375 0.096875
4 0.6203125 0.5015625 0.134375 0.103125
4 0.815625 0.09765625 0.128125 0.1015625
4 0.65390625 0.09375 0.1234375 0.103125
4 0.50234375 0.078125 0.1203125 0.096875
4 0.33359375 0.0734375 0.1078125 0.090625
4 0.18125 0.06875 0.14375 0.10625
4 0.8640625 0.43203125 0.134375 0.0859375
4 0.70546875 0.41640625 0.1296875 0.1015625
6 0.821875 0.95078125 0.05 0.0578125
