5 0.33828125 0.89296875 0.0140625 0.0390625
5 0.27109375 0.9171875 0.0328125 0.040625
5 0.22890625 0.8578125 0.0140625 0.03125
6 0.1765625 0.84609375 0.0125 0.0265625
6 0.19375 0.84921875 0.0125 0.0296875
6 0.21171875 0.85546875 0.0109375 0.0234375
6 0.20859375 0.39140625 0.0265625 0.0140625
4 0.765625 0.54140625 0.29375 0.3046875
6 0.10859375 0.26953125 0.0265625 0.0140625
6 0.440625 0.33359375 0.01875 0.0328125
6 0.421875 0.47578125 0.0125 0.0328125
6 0.384375 0.48671875 0.028125 0.0296875
6 0.33046875 0.50390625 0.0359375 0.0140625
6 0.33125 0.41953125 0.021875 0.0328125
6 0.37109375 0.434375 0.0265625 0.03125
6 0.31796875 0.4734375 0.0296875 0.0125
6 0.2859375 0.38203125 0.034375 0.0234375
6 0.2640625 0.3421875 0.034375 0.025
6 0.378125 0.6515625 0.025 0.0125
6 0.375 0.6328125 0.025 0.0125
6 0.36875 0.59296875 0.021875 0.0140625
6 0.35859375 0.578125 0.0265625 0.015625
6 0.378125 0.55390625 0.028125 0.0171875
6 0.52578125 0.88203125 0.0265625 0.0109375
6 0.9296875 0.6171875 0.01875 0.025
6 0.903125 0.790625 0.0125 0.025
5 0.87578125 0.80234375 0.0234375 0.0359375
