4 0.4125 0.9453125 0.15625 0.10625
4 0.1203125 0.5015625 0.134375 0.103125
4 0.9140625 0.51015625 0.159375 0.1171875
4 0.74375 0.50390625 0.146875 0.1109375
4 0.5546875 0.51875 0.140625 0.134375
4 0.79375 0.1328125 0.146875 0.1125
4 0.634375 0.115625 0.1375 0.10625
4 0.47578125 0.10546875 0.1390625 0.1046875
4 0.315625 0.09765625 0.128125 0.1015625
4 0.15390625 0.09375 0.1234375 0.103125
4 0.3640625 0.43203125 0.134375 0.0859375
4 0.20546875 0.41640625 0.1296875 0.1015625
6 0.321875 0.95078125 0.05 0.0578125
