5 0.4171875 0.13046875 0.021875 0.0734375
6 0.46875 0.05234375 0.015625 0.0265625
6 0.3640625 0.01875 0.021875 0.028125
6 0.3796875 0.02421875 0.01875 0.0328125
6 0.3953125 0.028125 0.01875 0.03125
6 0.409375 0.034375 0.021875 0.03125
6 0.42734375 0.03671875 0.0203125 0.0265625
6 0.44140625 0.040625 0.0203125 0.028125
6 0.4796875 0.0578125 0.01875 0.028125
5 0.3765625 0.134375 0.025 0.071875
6 0.496875 0.0625 0.01875 0.025
6 0.740625 0.32734375 0.025 0.0296875
5 0.303125 0.134375 0.021875 0.078125
5 0.3296875 0.14296875 0.025 0.0765625
5 0.3515625 0.14140625 0.025 0.0765625
4 0.58984375 0.234375 0.1984375 0.196875
