5 0.4171875 0.63046875 0.021875 0.0734375
6 0.46875 0.55234375 0.015625 0.0265625
5 0.83828125 0.39296875 0.0140625 0.0390625
5 0.77109375 0.4171875 0.0328125 0.040625
5 0.72890625 0.3578125 0.0140625 0.03125
5 0.415625 0.4109375 0.015625 0.034375
5 0.38046875 0.41171875 0.0140625 0.0328125
6 0.465625 0.40546875 0.034375 0.0109375
6 0.33359375 0.49765625 0.0234375 0.0265625
6 0.34765625 0.51015625 0.0265625 0.0296875
6 0.3640625 0.51875 0.021875 0.028125
6 0.3796875 0.52421875 0.01875 0.0328125
6 0.3953125 0.528125 0.01875 0.03125
6 0.409375 0.534375 0.021875 0.03125
6 0.42734375 0.53671875 0.0203125 0.0265625
6 0.44140625 0.540625 0.0203125 0.028125
6 0.4796875 0.5578125 0.01875 0.028125
5 0.3765625 0.634375 0.025 0.071875
6 0.496875 0.5625 0.01875 0.025
6 0.6765625 0.34609375 0.0125 0.0265625
6 0.69375 0.34921875 0.0125 0.0296875
6 0.71171875 0.35546875 0.0109375 0.0234375
6 0.740625 0.82734375 0.025 0.0296875
5 0.3078125 0.140625 0.015625 0.03125
4 0.58125 0.4859375 0.215625 0.20625
6 0.30390625 0.078125 0.0171875 0.028125
6 0.878125 0.1515625 0.025 0.0125
6 0.875 0.1328125 0.025 0.0125
6 0.86875 0.09296875 0.021875 0.0140625
6 0.85859375 0.078125 0.0265625 0.015625
6 0.878125 0.05390625 0.028125 0.0171875
5 0.303125 0.634375 0.021875 0.078125
5 0.3296875 0.64296875 0.025 0.0765625
5 0.3515625 0.64140625 0.025 0.0765625
4 0.58984375 0.734375 0.1984375 0.196875
