5 0.9171875 0.13046875 0.021875 0.0734375
6 0.96875 0.05234375 0.015625 0.0265625
6 0.8640625 0.01875 0.021875 0.028125
6 0.8796875 0.02421875 0.01875 0.0328125
6 0.8953125 0.028125 0.01875 0.03125
6 0.909375 0.034375 0.021875 0.03125
6 0.92734375 0.03671875 0.0203125 0.0265625
6 0.94140625 0.040625 0.0203125 0.028125
6 0.9796875 0.0578125 0.01875 0.028125
5 0.8765625 0.134375 0.025 0.071875
6 0.4328125 0.63203125 0.034375 0.0140625
5 0.803125 0.134375 0.021875 0.078125
5 0.8296875 0.14296875 0.025 0.0765625
5 0.8515625 0.14140625 0.025 0.0765625
