6 0.66171875 0.671875 0.0328125 0.075
6 0.65078125 0.15625 0.0546875 0.05
6 0.83515625 0.67265625 0.0203125 0.0421875
6 0.76640625 0.6765625 0.0265625 0.05
6 0.60234375 0.51640625 0.0328125 0.0609375
6 0.6328125 0.51796875 0.03125 0.0609375
6 0.728125 0.68125 0.028125 0.0625
6 0.70390625 0.52265625 0.0265625 0.0609375
6 0.78125 0.1703125 0.0625 0.065625
6 0.5984375 0.0796875 0.0625 0.059375
6 0.60078125 0.1625 0.0546875 0.059375
6 0.6546875 0.1125 0.05625 0.05625
6 0.6015625 0.20078125 0.059375 0.0609375
6 0.62734375 0.6671875 0.0296875 0.059375
6 0.590625 0.67109375 0.03125 0.0609375
6 0.55625 0.66875 0.03125 0.05625
6 0.3609375 0.49453125 0.03125 0.0546875
6 0.3265625 0.49765625 0.034375 0.0578125
6 0.2875 0.490625 0.028125 0.053125
6 0.24765625 0.49375 0.0265625 0.05
6 0.2125 0.49375 0.03125 0.053125
6 0.19765625 0.62890625 0.0328125 0.0546875
6 0.13359375 0.60078125 0.0734375 0.0390625
6 0.175 0.49453125 0.03125 0.0515625
6 0.65625 0.0359375 0.053125 0.05625
6 0.5953125 0.03671875 0.059375 0.0546875
6 0.60234375 0.11875 0.0546875 0.053125
6 0.60078125 0.27890625 0.0578125 0.0578125
6 0.76484375 0.278125 0.0640625 0.0625
6 0.6546875 0.2375 0.05 0.046875
6 0.496875 0.2421875 0.0375 0.0625
6 0.740625 0.52265625 0.0375 0.0671875
6 0.5203125 0.6546875 0.03125 0.065625
6 0.4375 0.4859375 0.03125 0.075
6 0.39921875 0.4875 0.0328125 0.0625
