5 0.9171875 0.63046875 0.021875 0.0734375
6 0.96875 0.55234375 0.015625 0.0265625
5 0.915625 0.4109375 0.015625 0.034375
5 0.88046875 0.41171875 0.0140625 0.0328125
6 0.965625 0.40546875 0.034375 0.0109375
6 0.83359375 0.49765625 0.0234375 0.0265625
6 0.84765625 0.51015625 0.0265625 0.0296875
6 0.8640625 0.51875 0.021875 0.028125
6 0.8796875 0.52421875 0.01875 0.0328125
6 0.8953125 0.528125 0.01875 0.03125
6 0.909375 0.534375 0.021875 0.03125
6 0.92734375 0.53671875 0.0203125 0.0265625
6 0.94140625 0.540625 0.0203125 0.028125
6 0.9796875 0.5578125 0.01875 0.028125
5 0.8765625 0.634375 0.025 0.071875
6 0.50859375 0.4984375 0.0296875 0.028125
5 0.8078125 0.140625 0.015625 0.03125
5 0.5015625 0.1078125 0.0375 0.015625
6 0.50078125 0.12890625 0.0265625 0.0140625
6 0.80390625 0.078125 0.0171875 0.028125
5 0.803125 0.634375 0.021875 0.078125
5 0.8296875 0.64296875 0.025 0.0765625
5 0.8515625 0.64140625 0.025 0.0765625
