6 0.11875 0.71953125 0.021875 0.0265625
6 0.16171875 0.69375 0.0203125 0.03125
6 0.1765625 0.6859375 0.01875 0.034375
6 0.1921875 0.67734375 0.01875 0.0265625
5 0.51953125 0.3375 0.0578125 0.021875
5 0.44375 0.3296875 0.05 0.01875
5 0.4484375 0.3484375 0.046875 0.01875
5 0.4453125 0.36796875 0.05 0.0171875
5 0.42578125 0.38671875 0.0453125 0.0203125
5 0.43359375 0.4046875 0.0484375 0.021875
5 0.51484375 0.378125 0.0453125 0.01875
5 0.56796875 0.39296875 0.0546875 0.0234375
5 0.65 0.7859375 0.025 0.046875
