6 0.8796875 0.7234375 0.028125 0.05625
6 0.76953125 0.71484375 0.0296875 0.0546875
6 0.4546875 0.22265625 0.028125 0.0578125
6 0.4859375 0.1671875 0.025 0.05625
6 0.4875 0.1 0.025 0.05625
6 0.084375 0.3234375 0.0625 0.03125
6 0.078125 0.3546875 0.0625 0.03125
6 0.528125 0.12109375 0.028125 0.0640625
6 0.9296875 0.5609375 0.03125 0.053125
6 0.89765625 0.55546875 0.0296875 0.0640625
6 0.43515625 0.37421875 0.0265625 0.0546875
6 0.24921875 0.25 0.0296875 0.053125
6 0.21328125 0.2453125 0.0296875 0.05625
