4 0.74765625 0.35546875 0.1109375 0.1359375
6 0.1015625 0.6078125 0.059375 0.05
6 0.26484375 0.7046875 0.0671875 0.065625
6 0.7234375 0.44375 0.0625 0.046875
6 0.328125 0.415625 0.059375 0.0625
6 0.19765625 0.50859375 0.0640625 0.0609375
6 0.12734375 0.58515625 0.0671875 0.0640625
6 0.2375 0.73359375 0.065625 0.0640625
6 0.3171875 0.65546875 0.0625 0.0640625
5 0.30703125 0.39375 0.0578125 0.065625
5 0.2875 0.36640625 0.065625 0.0671875
5 0.34765625 0.63359375 0.0640625 0.0703125
5 0.4640625 0.525 0.053125 0.0625
5 0.29296875 0.68046875 0.0703125 0.0734375
5 0.16875 0.528125 0.075 0.065625
6 0.1515625 0.559375 0.06875 0.065625
