4 0.1171875 0.38046875 0.13125 0.1421875
4 0.1796875 0.340625 0.14375 0.15
4 0.21015625 0.271875 0.1390625 0.146875
4 0.29921875 0.1671875 0.1390625 0.15
4 0.36328125 0.125 0.1390625 0.153125
6 0.6015625 0.6078125 0.059375 0.05
6 0.76484375 0.7046875 0.0671875 0.065625
6 0.828125 0.415625 0.059375 0.0625
6 0.69765625 0.50859375 0.0640625 0.0609375
6 0.62734375 0.58515625 0.0671875 0.0640625
6 0.7375 0.73359375 0.065625 0.0640625
6 0.8171875 0.65546875 0.0625 0.0640625
5 0.80703125 0.39375 0.0578125 0.065625
5 0.7875 0.36640625 0.065625 0.0671875
5 0.84765625 0.63359375 0.0640625 0.0703125
5 0.9640625 0.525 0.053125 0.0625
5 0.79296875 0.68046875 0.0703125 0.0734375
5 0.66875 0.528125 0.075 0.065625
6 0.6515625 0.559375 0.06875 0.065625
