4 0.43828125 0.36015625 0.1890625 0.1921875
4 0.34296875 0.846875 0.0640625 0.075
4 0.50859375 0.8734375 0.0453125 0.0625
4 0.47890625 0.828125 0.0546875 0.071875
4 0.3484375 0.76796875 0.05 0.0671875
4 0.521875 0.7078125 0.046875 0.06875
4 0.53359375 0.63046875 0.0578125 0.0734375
4 0.5484375 0.55390625 0.053125 0.0734375
4 0.37109375 0.60546875 0.0515625 0.0640625
4 0.38515625 0.52578125 0.0421875 0.0640625
4 0.80625 0.30625 0.05 0.06875
4 0.8203125 0.22734375 0.05 0.0703125
4 0.93046875 0.15703125 0.0703125 0.0640625
6 0.0859375 0.97890625 0.025 0.0328125
6 0.1546875 0.9109375 0.028125 0.034375
