6 0.89921875 0.53203125 0.0140625 0.0265625
4 0.43671875 0.1453125 0.0484375 0.0625
6 0.65625 0.35625 0.025 0.015625
4 0.45625 0.1921875 0.0625 0.075
6 0.8234375 0.26640625 0.015625 0.0328125
6 0.6546875 0.36953125 0.025 0.0140625
6 0.653125 0.38671875 0.025 0.0140625
6 0.3 0.0890625 0.03125 0.0375
6 0.78359375 0.51484375 0.0171875 0.0296875
6 0.75078125 0.0640625 0.0265625 0.01875
6 0.834375 0.52578125 0.01875 0.0296875
6 0.9453125 0.540625 0.01875 0.028125
6 0.97421875 0.54375 0.0140625 0.025
6 0.93046875 0.53671875 0.0140625 0.0265625
6 0.91328125 0.53515625 0.0140625 0.0296875
6 0.81796875 0.5203125 0.0140625 0.025
6 0.9296875 0.39140625 0.01875 0.0265625
4 0.94296875 0.3453125 0.0546875 0.0625
6 0.6625 0.31171875 0.028125 0.0140625
6 0.66640625 0.2953125 0.0265625 0.0125
6 0.671875 0.2640625 0.034375 0.01875
6 0.67578125 0.20703125 0.0328125 0.0171875
6 0.80625 0.2625 0.015625 0.034375
