6 0.39921875 0.53203125 0.0140625 0.0265625
6 0.15625 0.35625 0.025 0.015625
6 0.3234375 0.26640625 0.015625 0.0328125
6 0.1546875 0.36953125 0.025 0.0140625
6 0.153125 0.38671875 0.025 0.0140625
6 0.6046875 0.17421875 0.015625 0.0265625
6 0.6328125 0.184375 0.0125 0.028125
6 0.28359375 0.51484375 0.0171875 0.0296875
6 0.25078125 0.0640625 0.0265625 0.01875
6 0.50703125 0.5421875 0.0140625 0.025
6 0.334375 0.52578125 0.01875 0.0296875
6 0.4453125 0.540625 0.01875 0.028125
6 0.47421875 0.54375 0.0140625 0.025
6 0.43046875 0.53671875 0.0140625 0.0265625
6 0.41328125 0.53515625 0.0140625 0.0296875
6 0.31796875 0.5203125 0.0140625 0.025
6 0.4296875 0.39140625 0.01875 0.0265625
4 0.44296875 0.3453125 0.0546875 0.0625
6 0.1625 0.31171875 0.028125 0.0140625
6 0.16640625 0.2953125 0.0265625 0.0125
6 0.171875 0.2640625 0.034375 0.01875
6 0.17578125 0.20703125 0.0328125 0.0171875
6 0.30625 0.2625 0.015625 0.034375
