6 0.96171875 0.47265625 0.0328125 0.0359375
6 0.078125 0.44375 0.034375 0.034375
6 0.0921875 0.3671875 0.034375 0.0375
6 0.65546875 0.02109375 0.0421875 0.0421875
6 0.97890625 0.06015625 0.0296875 0.0328125
6 0.86875 0.0203125 0.028125 0.034375
6 0.8875 0.02890625 0.03125 0.0328125
6 0.90078125 0.040625 0.0328125 0.034375
6 0.9171875 0.05390625 0.03125 0.0328125
6 0.93046875 0.06171875 0.0328125 0.0359375
6 0.94140625 0.078125 0.0328125 0.0375
6 0.95859375 0.08828125 0.0328125 0.0359375
6 0.97265625 0.10078125 0.0359375 0.0390625
6 0.4375 0.2640625 0.03125 0.028125
