6 0.98203125 0.4078125 0.0296875 0.034375
6 0.95390625 0.38515625 0.0328125 0.0359375
6 0.9234375 0.36015625 0.028125 0.0328125
6 0.90546875 0.3515625 0.0359375 0.0375
6 0.88359375 0.3796875 0.0296875 0.034375
6 0.8984375 0.38984375 0.028125 0.0328125
6 0.91484375 0.39765625 0.0296875 0.0359375
6 0.94296875 0.425 0.0328125 0.0375
6 0.846875 0.45703125 0.028125 0.0328125
6 0.8640625 0.4671875 0.03125 0.0375
6 0.8921875 0.49453125 0.03125 0.0296875
6 0.91015625 0.50078125 0.0296875 0.0328125
6 0.97578125 0.29296875 0.0265625 0.0328125
6 0.95859375 0.28203125 0.0296875 0.0296875
6 0.98359375 0.2515625 0.0296875 0.034375
6 0.96171875 0.97265625 0.0328125 0.0359375
6 0.078125 0.94375 0.034375 0.034375
6 0.0921875 0.8671875 0.034375 0.0375
6 0.65546875 0.52109375 0.0421875 0.0421875
6 0.28046875 0.278125 0.0390625 0.0375
6 0.1734375 0.41015625 0.03125 0.0265625
6 0.97890625 0.56015625 0.0296875 0.0328125
6 0.8234375 0.484375 0.03125 0.034375
6 0.84140625 0.496875 0.0328125 0.034375
6 0.8546875 0.50625 0.028125 0.03125
6 0.86875 0.5203125 0.028125 0.034375
6 0.8875 0.52890625 0.03125 0.0328125
6 0.90078125 0.540625 0.0328125 0.034375
6 0.9171875 0.55390625 0.03125 0.0328125
6 0.93046875 0.56171875 0.0328125 0.0359375
6 0.94140625 0.578125 0.0328125 0.0375
6 0.95859375 0.58828125 0.0328125 0.0359375
6 0.97265625 0.60078125 0.0359375 0.0390625
6 0.4375 0.7640625 0.03125 0.028125
