6 0.98203125 0.9078125 0.0296875 0.034375
6 0.95390625 0.88515625 0.0328125 0.0359375
6 0.9234375 0.86015625 0.028125 0.0328125
6 0.90546875 0.8515625 0.0359375 0.0375
6 0.88359375 0.8796875 0.0296875 0.034375
6 0.8984375 0.88984375 0.028125 0.0328125
6 0.91484375 0.89765625 0.0296875 0.0359375
6 0.94296875 0.925 0.0328125 0.0375
6 0.846875 0.95703125 0.028125 0.0328125
6 0.8640625 0.9671875 0.03125 0.0375
6 0.97578125 0.79296875 0.0265625 0.0328125
6 0.95859375 0.78203125 0.0296875 0.0296875
6 0.98359375 0.7515625 0.0296875 0.034375
6 0.28046875 0.778125 0.0390625 0.0375
6 0.1734375 0.91015625 0.03125 0.0265625
