6 0.53203125 0.9109375 0.0203125 0.03125
6 0.4640625 0.93125 0.01875 0.028125
6 0.4765625 0.91484375 0.025 0.0328125
6 0.490625 0.903125 0.021875 0.034375
6 0.503125 0.8875 0.021875 0.034375
6 0.51640625 0.87421875 0.0234375 0.0328125
6 0.48125 0.97265625 0.028125 0.0390625
6 0.490625 0.95078125 0.021875 0.0296875
6 0.50625 0.9390625 0.025 0.034375
6 0.51953125 0.921875 0.0203125 0.03125
6 0.54375 0.8921875 0.021875 0.034375
6 0.440625 0.97109375 0.025 0.0328125
6 0.55703125 0.875 0.0203125 0.034375
6 0.53046875 0.86015625 0.0203125 0.0265625
6 0.33828125 0.9875 0.0265625 0.0125
6 0.35546875 0.9734375 0.0296875 0.015625
6 0.36640625 0.95703125 0.0296875 0.0171875
6 0.37890625 0.9390625 0.0296875 0.015625
6 0.3890625 0.921875 0.028125 0.015625
6 0.40078125 0.90703125 0.0296875 0.0140625
6 0.415625 0.890625 0.03125 0.01875
6 0.45390625 0.95390625 0.0234375 0.0328125
6 0.44296875 0.85625 0.0328125 0.015625
6 0.4578125 0.84140625 0.028125 0.0140625
6 0.6265625 0.95390625 0.040625 0.0390625
6 0.43359375 0.87421875 0.0328125 0.0140625
6 0.328125 0.73046875 0.0375 0.0296875
6 0.34375 0.715625 0.034375 0.03125
6 0.36015625 0.7015625 0.0296875 0.025
6 0.3703125 0.68671875 0.03125 0.0265625
6 0.384375 0.66796875 0.034375 0.0296875
6 0.14140625 0.79140625 0.0328125 0.0328125
6 0.11640625 0.771875 0.0328125 0.03125
