6 0.74296875 0.65234375 0.0265625 0.0328125
6 0.48203125 0.4078125 0.0296875 0.034375
6 0.45390625 0.38515625 0.0328125 0.0359375
6 0.4234375 0.36015625 0.028125 0.0328125
6 0.40546875 0.3515625 0.0359375 0.0375
6 0.38359375 0.3796875 0.0296875 0.034375
6 0.3984375 0.38984375 0.028125 0.0328125
6 0.41484375 0.39765625 0.0296875 0.0359375
6 0.44296875 0.425 0.0328125 0.0375
6 0.4875 0.46015625 0.028125 0.0328125
6 0.6546875 0.58203125 0.028125 0.0328125
6 0.75859375 0.6640625 0.0296875 0.0375
6 0.6921875 0.5640625 0.028125 0.03125
6 0.771875 0.67421875 0.03125 0.0359375
6 0.7890625 0.684375 0.025 0.028125
6 0.803125 0.6953125 0.028125 0.03125
6 0.346875 0.45703125 0.028125 0.0328125
6 0.3640625 0.4671875 0.03125 0.0375
6 0.3921875 0.49453125 0.03125 0.0296875
6 0.41015625 0.50078125 0.0296875 0.0328125
6 0.60078125 0.64921875 0.0296875 0.0359375
6 0.61640625 0.66171875 0.0296875 0.0359375
6 0.64765625 0.68125 0.0265625 0.034375
6 0.56953125 0.47734375 0.0265625 0.0296875
6 0.72109375 0.58984375 0.0296875 0.0328125
6 0.690625 0.721875 0.028125 0.034375
6 0.6 0.34609375 0.028125 0.0359375
6 0.47578125 0.29296875 0.0265625 0.0328125
6 0.45859375 0.28203125 0.0296875 0.0296875
6 0.48359375 0.2515625 0.0296875 0.034375
6 0.49765625 0.26484375 0.0296875 0.0359375
6 0.5140625 0.27421875 0.028125 0.0296875
6 0.5296875 0.284375 0.028125 0.028125
6 0.54140625 0.2984375 0.0265625 0.03125
6 0.55625 0.3109375 0.028125 0.034375
6 0.56953125 0.3265625 0.0296875 0.034375
6 0.58359375 0.3375 0.0296875 0.03125
6 0.8859375 0.55859375 0.034375 0.0390625
6 0.73671875 0.60234375 0.0296875 0.0328125
6 0.7875 0.53515625 0.025 0.0328125
6 0.8046875 0.54140625 0.03125 0.0359375
6 0.83203125 0.5640625 0.0265625 0.034375
6 0.846875 0.5796875 0.028125 0.034375
6 0.8609375 0.59140625 0.03125 0.0359375
6 0.87578125 0.60390625 0.0296875 0.0328125
6 0.809375 0.6609375 0.021875 0.028125
6 0.79609375 0.646875 0.0328125 0.034375
6 0.765625 0.62109375 0.03125 0.0359375
6 0.75 0.6125 0.03125 0.034375
6 0.6734375 0.7046875 0.028125 0.034375
6 0.70703125 0.7265625 0.0296875 0.03125
6 0.51875 0.328125 0.028125 0.028125
6 0.46171875 0.97265625 0.0328125 0.0359375
6 0.15546875 0.52109375 0.0421875 0.0421875
6 0.7140625 0.78359375 0.03125 0.0328125
5 0.4875 0.96640625 0.0375 0.0453125
6 0.696875 0.7734375 0.028125 0.03125
6 0.721875 0.73828125 0.03125 0.0421875
6 0.47890625 0.56015625 0.0296875 0.0328125
6 0.73984375 0.74921875 0.0328125 0.0421875
6 0.75234375 0.76484375 0.0265625 0.0296875
6 0.3234375 0.484375 0.03125 0.034375
6 0.34140625 0.496875 0.0328125 0.034375
6 0.3546875 0.50625 0.028125 0.03125
6 0.36875 0.5203125 0.028125 0.034375
6 0.3875 0.52890625 0.03125 0.0328125
6 0.40078125 0.540625 0.0328125 0.034375
6 0.4171875 0.55390625 0.03125 0.0328125
6 0.43046875 0.56171875 0.0328125 0.0359375
6 0.44140625 0.578125 0.0328125 0.0375
6 0.68046875 0.76015625 0.0265625 0.0296875
6 0.45859375 0.58828125 0.0328125 0.0359375
6 0.47265625 0.60078125 0.0359375 0.0390625
6 0.490625 0.60859375 0.028125 0.0328125
6 0.5171875 0.634375 0.025 0.03125
6 0.53203125 0.646875 0.0265625 0.03125
5 0.546875 0.6609375 0.03125 0.03125
6 0.56328125 0.6671875 0.0359375 0.040625
6 0.57890625 0.67734375 0.0296875 0.0359375
6 0.59296875 0.6890625 0.0296875 0.034375
6 0.6078125 0.70078125 0.028125 0.0328125
6 0.5046875 0.31640625 0.028125 0.0359375
6 0.84140625 0.3734375 0.0296875 0.034375
6 0.51875 0.7234375 0.0375 0.028125
6 0.59296875 0.2328125 0.0234375 0.03125
6 0.68828125 0.2640625 0.0265625 0.03125
6 0.82421875 0.365625 0.0234375 0.03125
6 0.671875 0.2515625 0.028125 0.03125
6 0.89375 0.31015625 0.028125 0.0328125
6 0.53359375 0.184375 0.0265625 0.03125
6 0.5578125 0.15390625 0.0375 0.0390625
6 0.571875 0.17109375 0.028125 0.0296875
6 0.58671875 0.18125 0.0234375 0.028125
6 0.59921875 0.19375 0.0265625 0.034375
6 0.6140625 0.20390625 0.028125 0.0359375
6 0.6296875 0.2171875 0.028125 0.03125
6 0.64296875 0.23046875 0.0234375 0.0296875
6 0.65859375 0.23984375 0.0296875 0.0328125
6 0.54921875 0.196875 0.0265625 0.028125
6 0.86328125 0.28828125 0.0328125 0.0390625
6 0.565625 0.2046875 0.028125 0.03125
6 0.57734375 0.21875 0.0296875 0.034375
6 0.60546875 0.2453125 0.0296875 0.03125
6 0.62265625 0.25703125 0.0296875 0.0328125
6 0.6375 0.2671875 0.021875 0.028125
6 0.6546875 0.27578125 0.025 0.0265625
6 0.70703125 0.271875 0.0265625 0.03125
6 0.71640625 0.28671875 0.0265625 0.0359375
6 0.73515625 0.29453125 0.0328125 0.0421875
6 0.81953125 0.4078125 0.0296875 0.03125
6 0.87890625 0.296875 0.0296875 0.03125
6 0.84765625 0.271875 0.0265625 0.034375
6 0.640625 0.11328125 0.03125 0.0359375
6 0.6296875 0.04296875 0.0375 0.0390625
5 0.69375 0.10078125 0.034375 0.0421875
6 0.61015625 0.0890625 0.0265625 0.03125
6 0.625 0.1015625 0.028125 0.03125
6 0.653125 0.1296875 0.028125 0.034375
6 0.83203125 0.2625 0.0359375 0.040625
6 0.67109375 0.13359375 0.0296875 0.0359375
6 0.68515625 0.14765625 0.0296875 0.0359375
6 0.69921875 0.1609375 0.0359375 0.04375
6 0.71640625 0.16640625 0.0265625 0.0296875
6 0.728125 0.1828125 0.028125 0.03125
6 0.740625 0.1953125 0.03125 0.040625
6 0.7609375 0.2015625 0.025 0.028125
6 0.77109375 0.2171875 0.0265625 0.03125
6 0.7875 0.22890625 0.028125 0.0328125
6 0.81796875 0.24921875 0.0265625 0.0328125
