6 0.9296875 0.23125 0.084375 0.053125
6 0.95234375 0.1609375 0.0703125 0.04375
6 0.94296875 0.1921875 0.0703125 0.04375
6 0.8953125 0.365625 0.0625 0.04375
6 0.89453125 0.3265625 0.0609375 0.04375
4 0.45625 0.93203125 0.15625 0.1328125
4 0.309375 0.88125 0.153125 0.125
4 0.14609375 0.8265625 0.1421875 0.125
4 0.22421875 0.4140625 0.1578125 0.19375
6 0.95625 0.1296875 0.071875 0.05
6 0.28828125 0.234375 0.0640625 0.040625
6 0.296875 0.1828125 0.05625 0.040625
6 0.30859375 0.14921875 0.0609375 0.0484375
6 0.32265625 0.11328125 0.0546875 0.0421875
6 0.87578125 0.39609375 0.0703125 0.0453125
6 0.540625 0.05234375 0.059375 0.0421875
6 0.40390625 0.33671875 0.0609375 0.0421875
