6 0.28671875 0.47734375 0.0203125 0.0359375
6 0.37421875 0.45859375 0.0265625 0.0390625
6 0.35078125 0.46328125 0.0328125 0.0453125
6 0.328125 0.46875 0.021875 0.0375
6 0.31015625 0.4734375 0.0203125 0.0375
6 0.265625 0.48046875 0.021875 0.0390625
6 0.33984375 0.55703125 0.0296875 0.0421875
6 0.9703125 0.63125 0.025 0.034375
6 0.95 0.6359375 0.021875 0.034375
6 0.92734375 0.64453125 0.0265625 0.0421875
6 0.90546875 0.64921875 0.0234375 0.0359375
6 0.8859375 0.65625 0.025 0.034375
6 0.8640625 0.659375 0.025 0.0375
6 0.84453125 0.6609375 0.0265625 0.040625
6 0.36875 0.68671875 0.015625 0.0359375
6 0.32734375 0.59609375 0.0265625 0.0390625
6 0.3203125 0.56484375 0.01875 0.0328125
6 0.30703125 0.596875 0.0265625 0.040625
6 0.22109375 0.7171875 0.0234375 0.0375
6 0.2421875 0.71328125 0.021875 0.0328125
6 0.2796875 0.709375 0.021875 0.0375
6 0.296875 0.70234375 0.015625 0.0265625
6 0.32109375 0.69453125 0.0203125 0.0390625
6 0.33671875 0.6875 0.0203125 0.04375
6 0.3859375 0.684375 0.01875 0.034375
6 0.4078125 0.678125 0.021875 0.034375
6 0.4296875 0.67421875 0.025 0.0421875
6 0.45078125 0.6734375 0.0203125 0.034375
6 0.46796875 0.66328125 0.0234375 0.0390625
6 0.4859375 0.6625 0.021875 0.040625
6 0.50859375 0.65546875 0.0265625 0.0421875
6 0.5296875 0.64921875 0.025 0.0421875
6 0.55390625 0.6421875 0.0265625 0.04375
