5 0.6453125 0.72421875 0.075 0.0671875
4 0.31328125 0.6046875 0.0828125 0.06875
4 0.28515625 0.6734375 0.0734375 0.059375
4 0.196875 0.6890625 0.071875 0.071875
4 0.134375 0.6453125 0.08125 0.071875
4 0.10390625 0.71328125 0.0796875 0.0671875
4 0.38125 0.0484375 0.078125 0.0625
4 0.4359375 0.10078125 0.084375 0.0734375
4 0.26015625 0.140625 0.0796875 0.065625
4 0.40859375 0.58203125 0.0828125 0.0734375
4 0.4359375 0.309375 0.084375 0.071875
4 0.3515625 0.3296875 0.090625 0.071875
4 0.07890625 0.184375 0.0796875 0.065625
4 0.109375 0.1125 0.078125 0.06875
4 0.31484375 0.39609375 0.0828125 0.0703125
4 0.07578125 0.39140625 0.0796875 0.0703125
4 0.04609375 0.46015625 0.0796875 0.0671875
4 0.225 0.4140625 0.075 0.06875
