4 0.9578125 0.18203125 0.08125 0.0703125
4 0.92109375 0.2484375 0.0859375 0.071875
4 0.69609375 0.53359375 0.0765625 0.0609375
4 0.2453125 0.63046875 0.075 0.0671875
4 0.0625 0.6703125 0.084375 0.08125
5 0.103125 0.51640625 0.071875 0.0328125
6 0.09375 0.60234375 0.025 0.0359375
6 0.075 0.61015625 0.028125 0.0421875
6 0.0515625 0.6171875 0.021875 0.034375
6 0.03046875 0.62109375 0.0234375 0.0359375
6 0.01484375 0.62578125 0.0234375 0.0328125
6 0.4 0.5390625 0.01875 0.03125
6 0.5109375 0.50859375 0.028125 0.0359375
6 0.590625 0.49375 0.021875 0.0375
6 0.61171875 0.4890625 0.0234375 0.034375
6 0.64296875 0.4828125 0.0265625 0.0375
6 0.67109375 0.4734375 0.0265625 0.04375
6 0.44140625 0.52734375 0.0234375 0.0390625
5 0.0984375 0.49609375 0.071875 0.0328125
6 0.15 0.596875 0.01875 0.034375
6 0.2109375 0.57421875 0.03125 0.0421875
6 0.23203125 0.5671875 0.0359375 0.04375
6 0.3078125 0.52109375 0.034375 0.0234375
6 0.309375 0.50625 0.0375 0.025
