4 0.7453125 0.63046875 0.075 0.0671875
4 0.5625 0.6703125 0.084375 0.08125
5 0.603125 0.51640625 0.071875 0.0328125
6 0.59375 0.60234375 0.025 0.0359375
6 0.575 0.61015625 0.028125 0.0421875
6 0.5515625 0.6171875 0.021875 0.034375
6 0.53046875 0.62109375 0.0234375 0.0359375
6 0.51484375 0.62578125 0.0234375 0.0328125
6 0.49375 0.6296875 0.021875 0.03125
6 0.4703125 0.63125 0.025 0.034375
6 0.45 0.6359375 0.021875 0.034375
6 0.42734375 0.64453125 0.0265625 0.0421875
6 0.40546875 0.64921875 0.0234375 0.0359375
6 0.3859375 0.65625 0.025 0.034375
6 0.3640625 0.659375 0.025 0.0375
6 0.34453125 0.6609375 0.0265625 0.040625
6 0.9 0.5390625 0.01875 0.03125
6 0.94140625 0.52734375 0.0234375 0.0390625
5 0.5984375 0.49609375 0.071875 0.0328125
6 0.65 0.596875 0.01875 0.034375
6 0.7109375 0.57421875 0.03125 0.0421875
6 0.73203125 0.5671875 0.0359375 0.04375
6 0.8078125 0.52109375 0.034375 0.0234375
6 0.0296875 0.64921875 0.025 0.0421875
6 0.05390625 0.6421875 0.0265625 0.04375
6 0.809375 0.50625 0.0375 0.025
