5 0.428125 0.0671875 0.025 0.053125
6 0.2875 0.3609375 0.034375 0.01875
6 0.3203125 0.2734375 0.03125 0.015625
6 0.32109375 0.2515625 0.0328125 0.01875
6 0.17734375 0.5796875 0.0265625 0.015625
6 0.15078125 0.68671875 0.0328125 0.0171875
6 0.24609375 0.621875 0.0296875 0.0125
5 0.38828125 0.63828125 0.0546875 0.0234375
6 0.91875 0.38203125 0.021875 0.0484375
6 0.5984375 0.48984375 0.01875 0.0421875
6 0.215625 0.41015625 0.028125 0.0171875
4 0.52890625 0.03984375 0.0765625 0.0578125
4 0.8890625 0.32578125 0.05 0.0703125
4 0.8734375 0.3953125 0.053125 0.06875
4 0.86171875 0.46640625 0.0515625 0.0734375
4 0.85078125 0.5359375 0.0546875 0.075
4 0.775 0.49765625 0.075 0.0828125
6 0.284375 0.39296875 0.03125 0.0171875
6 0.275 0.43359375 0.0375 0.0234375
5 0.4515625 0.06328125 0.01875 0.0390625
6 0.10234375 0.5015625 0.0296875 0.015625
5 0.47421875 0.0703125 0.0203125 0.05
6 0.28359375 0.07578125 0.0171875 0.0328125
6 0.3171875 0.06875 0.015625 0.034375
6 0.14375 0.715625 0.034375 0.021875
6 0.16484375 0.61328125 0.0265625 0.0140625
6 0.090625 0.58203125 0.034375 0.0171875
6 0.09453125 0.55390625 0.0359375 0.0140625
6 0.09609375 0.53203125 0.0328125 0.0171875
6 0.0984375 0.51953125 0.028125 0.0171875
6 0.23671875 0.2890625 0.0390625 0.025
6 0.26796875 0.4703125 0.0328125 0.01875
6 0.16953125 0.17890625 0.0328125 0.0203125
6 0.159375 0.2234375 0.028125 0.01875
6 0.1171875 0.45234375 0.034375 0.0203125
6 0.1234375 0.42890625 0.03125 0.0203125
6 0.1265625 0.41171875 0.0375 0.0203125
6 0.13046875 0.38046875 0.0296875 0.0140625
6 0.20546875 0.48671875 0.0296875 0.0171875
6 0.21015625 0.44140625 0.0296875 0.0171875
6 0.20390625 0.47109375 0.0296875 0.0140625
4 0.73203125 0.43984375 0.0421875 0.0578125
