4 0.62890625 0.2203125 0.0765625 0.06875
4 0.75078125 0.29375 0.0671875 0.059375
4 0.5453125 0.184375 0.075 0.0625
4 0.49375 0.18125 0.071875 0.0625
4 0.4578125 0.14375 0.078125 0.0625
4 0.4046875 0.15 0.06875 0.059375
4 0.38359375 0.10703125 0.0859375 0.0765625
4 0.3203125 0.10703125 0.071875 0.0609375
4 0.325 0.06171875 0.096875 0.1015625
4 0.259375 0.228125 0.075 0.0625
4 0.19453125 0.203125 0.0703125 0.065625
4 0.13203125 0.17421875 0.0796875 0.0671875
4 0.06953125 0.15 0.0734375 0.065625
4 0.71640625 0.25625 0.0734375 0.0625
4 0.57890625 0.215625 0.0734375 0.065625
4 0.44765625 0.30703125 0.0796875 0.0609375
4 0.38125 0.87734375 0.078125 0.0703125
4 0.55625 0.92265625 0.08125 0.0671875
4 0.4375 0.86015625 0.071875 0.0671875
4 0.37734375 0.8234375 0.0703125 0.065625
4 0.47109375 0.7265625 0.0671875 0.0625
4 0.553125 0.5203125 0.075 0.075
4 0.615625 0.609375 0.078125 0.065625
4 0.6765625 0.58828125 0.078125 0.0734375
4 0.734375 0.62109375 0.071875 0.0671875
4 0.69765625 0.41484375 0.0734375 0.0671875
4 0.7640625 0.44921875 0.06875 0.0671875
4 0.57421875 0.3609375 0.0765625 0.065625
4 0.80390625 0.29375 0.0734375 0.059375
4 0.6046875 0.03984375 0.06875 0.0640625
4 0.8390625 0.3296875 0.071875 0.059375
4 0.6671875 0.06796875 0.075 0.0640625
4 0.7296875 0.0921875 0.065625 0.0625
4 0.790625 0.11953125 0.06875 0.0671875
4 0.79296875 0.0421875 0.0734375 0.0625
4 0.8515625 0.0765625 0.075 0.06875
4 0.91484375 0.11796875 0.0671875 0.0671875
4 0.89609375 0.34296875 0.0828125 0.0796875
6 0.26796875 0.709375 0.0234375 0.0375
6 0.08359375 0.64140625 0.0265625 0.0328125
6 0.06015625 0.6296875 0.0234375 0.034375
6 0.03203125 0.62265625 0.0203125 0.0359375
5 0.29453125 0.76484375 0.0453125 0.0359375
5 0.284375 0.7828125 0.040625 0.03125
5 0.27578125 0.79765625 0.0359375 0.0296875
5 0.228125 0.8828125 0.034375 0.028125
6 0.19296875 0.9421875 0.0359375 0.03125
6 0.1796875 0.96796875 0.034375 0.0234375
6 0.1703125 0.98125 0.034375 0.028125
5 0.68359375 0.81171875 0.0328125 0.0421875
5 0.66328125 0.25234375 0.0296875 0.0390625
6 0.2359375 0.696875 0.025 0.040625
6 0.20859375 0.6875 0.0265625 0.0375
6 0.47109375 0.56171875 0.0390625 0.0359375
6 0.5515625 0.41875 0.0375 0.03125
