6 0.41953125 0.371875 0.0234375 0.03125
6 0.44609375 0.3828125 0.0234375 0.034375
6 0.46171875 0.3890625 0.0203125 0.034375
6 0.4890625 0.40546875 0.021875 0.0328125
6 0.50234375 0.4109375 0.0203125 0.03125
6 0.28984375 0.3609375 0.0234375 0.03125
6 0.30390625 0.36796875 0.0234375 0.0328125
6 0.32578125 0.3796875 0.0203125 0.028125
6 0.34296875 0.38515625 0.0203125 0.0296875
6 0.36484375 0.39453125 0.0203125 0.0265625
6 0.38984375 0.40390625 0.0234375 0.0328125
6 0.40625 0.4109375 0.01875 0.028125
6 0.4421875 0.4296875 0.021875 0.034375
6 0.47109375 0.44296875 0.0234375 0.0296875
6 0.50625 0.46171875 0.028125 0.0359375
5 0.61875 0.50625 0.034375 0.046875
6 0.66875 0.528125 0.025 0.034375
6 0.63515625 0.01875 0.0265625 0.028125
6 0.6484375 0.021875 0.021875 0.028125
6 0.67734375 0.03359375 0.0234375 0.0328125
6 0.4328125 0.37890625 0.01875 0.0296875
6 0.57890625 0.440625 0.0234375 0.03125
6 0.80234375 0.08671875 0.0234375 0.0359375
6 0.66171875 0.47890625 0.0265625 0.0265625
6 0.334375 0.13828125 0.028125 0.0296875
6 0.31875 0.17578125 0.025 0.0296875
6 0.3046875 0.209375 0.025 0.03125
6 0.4546875 0.034375 0.03125 0.021875
6 0.44453125 0.05078125 0.0265625 0.0203125
6 0.43671875 0.0796875 0.0265625 0.021875
6 0.42890625 0.08828125 0.0296875 0.0234375
6 0.41484375 0.11796875 0.0328125 0.0234375
6 0.40859375 0.1328125 0.0328125 0.025
6 0.40703125 0.146875 0.0359375 0.025
6 0.403125 0.1609375 0.03125 0.025
6 0.39296875 0.178125 0.0328125 0.028125
6 0.37890625 0.20546875 0.0328125 0.0234375
6 0.36484375 0.24453125 0.0296875 0.0265625
6 0.46953125 0.32265625 0.0203125 0.0296875
6 0.4828125 0.328125 0.021875 0.03125
6 0.5 0.3375 0.025 0.034375
6 0.51484375 0.34453125 0.0203125 0.0328125
6 0.359375 0.35 0.021875 0.028125
6 0.3734375 0.35625 0.021875 0.03125
6 0.60625 0.44765625 0.01875 0.0328125
6 0.76328125 0.071875 0.0203125 0.034375
6 0.83046875 0.02578125 0.0265625 0.0328125
6 0.36171875 0.06953125 0.0234375 0.0296875
6 0.4234375 0.503125 0.025 0.0375
6 0.53359375 0.553125 0.0203125 0.03125
6 0.5484375 0.56015625 0.021875 0.0328125
6 0.57109375 0.53046875 0.0296875 0.0296875
6 0.7609375 0.56875 0.021875 0.034375
6 0.81875 0.54453125 0.025 0.0390625
6 0.8484375 0.55859375 0.025 0.0328125
6 0.83359375 0.55390625 0.0203125 0.0390625
6 0.86171875 0.56640625 0.0234375 0.0328125
6 0.87734375 0.5703125 0.0234375 0.03125
6 0.890625 0.57734375 0.021875 0.0328125
6 0.91796875 0.5890625 0.0265625 0.03125
6 0.946875 0.59921875 0.021875 0.0390625
6 0.959375 0.60703125 0.01875 0.0328125
6 0.97421875 0.6109375 0.0171875 0.028125
6 0.9875 0.61796875 0.021875 0.0328125
6 0.95546875 0.6515625 0.0265625 0.03125
6 0.509375 0.5390625 0.025 0.040625
6 0.4109375 0.49375 0.028125 0.0375
6 0.86015625 0.0390625 0.0296875 0.034375
6 0.17734375 0.65078125 0.0328125 0.0140625
6 0.875 0.046875 0.025 0.034375
6 0.8875 0.05234375 0.021875 0.0359375
6 0.92578125 0.065625 0.0203125 0.0375
6 0.9421875 0.07734375 0.021875 0.0359375
6 0.95703125 0.084375 0.0234375 0.0375
6 0.971875 0.090625 0.025 0.0375
6 0.8171875 0.09375 0.01875 0.03125
6 0.88203125 0.1265625 0.0234375 0.0375
6 0.9578125 0.15703125 0.025 0.0390625
6 0.2046875 0.4421875 0.028125 0.0375
6 0.190625 0.4765625 0.021875 0.03125
6 0.175 0.51171875 0.028125 0.0328125
6 0.16484375 0.54453125 0.0234375 0.0328125
6 0.26171875 0.45859375 0.0296875 0.0453125
6 0.1890625 0.6203125 0.028125 0.0125
6 0.34765625 0.10234375 0.0265625 0.0328125
6 0.37734375 0.03359375 0.0203125 0.0234375
6 0.45625 0.31171875 0.021875 0.0296875
6 0.14453125 0.328125 0.0171875 0.03125
6 0.27265625 0.03359375 0.0171875 0.0296875
6 0.259375 0.071875 0.01875 0.03125
6 0.22890625 0.13359375 0.0203125 0.0296875
6 0.2125 0.17421875 0.021875 0.0328125
6 0.2015625 0.20078125 0.021875 0.0265625
6 0.18984375 0.23125 0.0171875 0.028125
6 0.178125 0.26328125 0.021875 0.0265625
5 0.16484375 0.29375 0.0265625 0.034375
6 0.90859375 0.62734375 0.0203125 0.0328125
6 0.8171875 0.59140625 0.021875 0.0359375
6 0.8046875 0.58359375 0.021875 0.0328125
6 0.78984375 0.5765625 0.0234375 0.034375
6 0.70078125 0.5390625 0.0203125 0.025
6 0.3875 0.35703125 0.01875 0.0265625
6 0.403125 0.3640625 0.021875 0.028125
6 0.47265625 0.3984375 0.0234375 0.03125
6 0.47890625 0.915625 0.0171875 0.034375
6 0.50625 0.92421875 0.021875 0.0328125
6 0.4265625 0.9375 0.028125 0.034375
6 0.45078125 0.9515625 0.0265625 0.0375
5 0.590625 0.9546875 0.034375 0.0625
5 0.60703125 0.96015625 0.0390625 0.0640625
5 0.83046875 0.97734375 0.0703125 0.0390625
6 0.490625 0.921875 0.01875 0.034375
6 0.465625 0.90859375 0.021875 0.0359375
6 0.45234375 0.90234375 0.0203125 0.0328125
6 0.27734375 0.74140625 0.0234375 0.0296875
6 0.28984375 0.75 0.0265625 0.034375
6 0.33359375 0.7640625 0.0265625 0.03125
6 0.42421875 0.8015625 0.0234375 0.034375
6 0.4375 0.81171875 0.025 0.0328125
6 0.44921875 0.81875 0.0265625 0.03125
6 0.1578125 0.7796875 0.025 0.034375
6 0.18671875 0.78828125 0.0203125 0.0328125
6 0.215625 0.79765625 0.01875 0.0359375
6 0.24140625 0.81015625 0.0234375 0.0359375
6 0.259375 0.81484375 0.028125 0.0296875
6 0.2796875 0.8234375 0.028125 0.034375
6 0.29453125 0.83203125 0.0203125 0.0296875
6 0.31015625 0.83828125 0.0234375 0.0390625
6 0.34375 0.8484375 0.021875 0.034375
6 0.35859375 0.8578125 0.0234375 0.034375
6 0.3734375 0.8609375 0.025 0.034375
6 0.3875 0.871875 0.025 0.0375
6 0.4125 0.88203125 0.021875 0.0328125
6 0.42578125 0.88828125 0.0203125 0.0328125
6 0.440625 0.89296875 0.021875 0.0328125
