6 0.0171875 0.1328125 0.021875 0.03125
6 0.0734375 0.15 0.025 0.0375
6 0.12734375 0.22578125 0.0203125 0.0328125
6 0.059375 0.19296875 0.025 0.0328125
4 0.23359375 0.4828125 0.0734375 0.0625
4 0.384375 0.4171875 0.065625 0.0625
4 0.4421875 0.39921875 0.075 0.0671875
4 0.378125 0.365625 0.075 0.06875
4 0.4734375 0.2671875 0.08125 0.075
4 0.40703125 0.17890625 0.0578125 0.0546875
4 0.35078125 0.55234375 0.0828125 0.0734375
4 0.03359375 0.90859375 0.0546875 0.0609375
4 0.05859375 0.8484375 0.0734375 0.06875
4 0.0546875 0.79140625 0.071875 0.0671875
4 0.1484375 0.6921875 0.071875 0.0625
4 0.2640625 0.70234375 0.06875 0.0609375
4 0.1171875 0.82265625 0.071875 0.0640625
4 0.12109375 0.875 0.0640625 0.059375
6 0.5609375 0.28046875 0.028125 0.0328125
6 0.05859375 0.146875 0.0234375 0.028125
6 0.10859375 0.3671875 0.0328125 0.025
6 0.1015625 0.38359375 0.03125 0.0265625
5 0.09375 0.396875 0.034375 0.03125
6 0.04765625 0.4765625 0.0328125 0.025
6 0.0375 0.4890625 0.034375 0.028125
6 0.0203125 0.51328125 0.034375 0.0265625
6 0.184375 0.91015625 0.028125 0.0359375
6 0.21171875 0.8875 0.0296875 0.0375
