6 0.23984375 0.3796875 0.0265625 0.021875
5 0.22578125 0.41484375 0.0796875 0.0515625
5 0.2109375 0.43515625 0.071875 0.0390625
6 0.0171875 0.6328125 0.021875 0.03125
6 0.0734375 0.65 0.025 0.0375
6 0.12734375 0.72578125 0.0203125 0.0328125
6 0.059375 0.69296875 0.025 0.0328125
6 0.05625 0.1234375 0.028125 0.034375
6 0.22734375 0.05390625 0.0265625 0.0390625
6 0.2609375 0.07578125 0.028125 0.0359375
6 0.2984375 0.03671875 0.028125 0.0359375
6 0.24296875 0.16328125 0.0296875 0.0390625
6 0.2625 0.16796875 0.025 0.0328125
4 0.384375 0.9171875 0.065625 0.0625
4 0.4421875 0.89921875 0.075 0.0671875
4 0.378125 0.865625 0.075 0.06875
4 0.4734375 0.7671875 0.08125 0.075
4 0.40703125 0.67890625 0.0578125 0.0546875
4 0.3796875 0.51015625 0.06875 0.0609375
4 0.43984375 0.48671875 0.0765625 0.0703125
4 0.70703125 0.4390625 0.0703125 0.0625
4 0.79453125 0.2875 0.0765625 0.065625
4 0.61484375 0.184375 0.0796875 0.071875
4 0.6796875 0.07109375 0.06875 0.0578125
4 0.7390625 0.10859375 0.065625 0.0609375
4 0.8578125 0.175 0.075 0.065625
6 0.29921875 0.18671875 0.0234375 0.0359375
6 0.3265625 0.1984375 0.025 0.0375
6 0.353125 0.21171875 0.021875 0.0359375
6 0.36640625 0.2140625 0.0203125 0.034375
6 0.38125 0.21796875 0.01875 0.0328125
6 0.39296875 0.2265625 0.0203125 0.03125
6 0.409375 0.23359375 0.025 0.0328125
6 0.425 0.2390625 0.025 0.028125
6 0.4765625 0.22421875 0.034375 0.0265625
6 0.48203125 0.2125 0.0296875 0.025
6 0.4921875 0.2 0.03125 0.028125
6 0.49453125 0.1859375 0.0296875 0.025
6 0.50390625 0.1734375 0.0328125 0.028125
6 0.51328125 0.1609375 0.0328125 0.028125
6 0.51875 0.15 0.034375 0.025
6 0.5265625 0.13671875 0.034375 0.0265625
6 0.534375 0.12421875 0.034375 0.0265625
6 0.54140625 0.11171875 0.0328125 0.0234375
6 0.55703125 0.0859375 0.0296875 0.025
6 0.5515625 0.10078125 0.034375 0.0234375
6 0.56328125 0.0734375 0.0296875 0.025
6 0.57578125 0.04453125 0.0328125 0.0328125
6 0.57109375 0.0578125 0.0328125 0.025
6 0.584375 0.03046875 0.0375 0.0296875
6 0.36015625 0.1140625 0.0296875 0.028125
6 0.334375 0.10234375 0.03125 0.0234375
6 0.34296875 0.09140625 0.0328125 0.0234375
6 0.353125 0.06796875 0.028125 0.0234375
6 0.36171875 0.0546875 0.0296875 0.021875
6 0.36875 0.0453125 0.03125 0.025
6 0.3765625 0.03359375 0.03125 0.0234375
6 0.4015625 0.04609375 0.03125 0.0265625
6 0.38203125 0.0828125 0.0328125 0.025
6 0.390625 0.07109375 0.028125 0.0234375
6 0.41640625 0.0234375 0.0328125 0.028125
6 0.3828125 0.02109375 0.03125 0.0234375
6 0.5609375 0.78046875 0.028125 0.0328125
6 0.05859375 0.646875 0.0234375 0.028125
6 0.37421875 0.0953125 0.0296875 0.021875
6 0.353125 0.13203125 0.034375 0.0265625
6 0.43203125 0.17578125 0.0328125 0.0265625
6 0.32734375 0.115625 0.0296875 0.025
6 0.40234375 0.16171875 0.0234375 0.0203125
6 0.440625 0.15625 0.028125 0.025
6 0.42265625 0.11953125 0.0296875 0.0296875
6 0.409375 0.14375 0.025 0.021875
6 0.46796875 0.12890625 0.0390625 0.0234375
6 0.45703125 0.1375 0.0328125 0.021875
6 0.465625 0.11015625 0.034375 0.0234375
6 0.48125 0.0921875 0.03125 0.028125
6 0.4921875 0.071875 0.034375 0.025
6 0.4984375 0.05546875 0.03125 0.0265625
6 0.5109375 0.03515625 0.03125 0.0234375
6 0.5203125 0.02421875 0.03125 0.0234375
6 0.434375 0.1078125 0.03125 0.028125
6 0.446875 0.08359375 0.028125 0.0265625
6 0.4546875 0.07265625 0.028125 0.0234375
6 0.4640625 0.0609375 0.03125 0.025
6 0.471875 0.04765625 0.03125 0.0265625
6 0.48125 0.0359375 0.03125 0.025
6 0.4875 0.021875 0.03125 0.025
6 0.32109375 0.134375 0.0328125 0.025
6 0.3453125 0.14375 0.03125 0.021875
6 0.10859375 0.8671875 0.0328125 0.025
6 0.1015625 0.88359375 0.03125 0.0265625
5 0.09375 0.896875 0.034375 0.03125
6 0.04765625 0.9765625 0.0328125 0.025
