4 0.35078125 0.05234375 0.0828125 0.0734375
4 0.03359375 0.40859375 0.0546875 0.0609375
4 0.08984375 0.5109375 0.0734375 0.06875
4 0.05859375 0.3484375 0.0734375 0.06875
4 0.0546875 0.29140625 0.071875 0.0671875
4 0.1484375 0.1921875 0.071875 0.0625
4 0.2640625 0.20234375 0.06875 0.0609375
4 0.1171875 0.32265625 0.071875 0.0640625
4 0.12109375 0.375 0.0640625 0.059375
6 0.0203125 0.01328125 0.034375 0.0265625
6 0.184375 0.41015625 0.028125 0.0359375
6 0.21171875 0.3875 0.0296875 0.0375
6 0.12109375 0.55546875 0.0296875 0.0390625
