6 0.73984375 0.3796875 0.0265625 0.021875
5 0.72578125 0.41484375 0.0796875 0.0515625
5 0.7109375 0.43515625 0.071875 0.0390625
5 0.11875 0.50625 0.034375 0.046875
6 0.16875 0.528125 0.025 0.034375
6 0.13515625 0.01875 0.0265625 0.028125
6 0.1484375 0.021875 0.021875 0.028125
6 0.17734375 0.03359375 0.0234375 0.0328125
6 0.07890625 0.440625 0.0234375 0.03125
6 0.30234375 0.08671875 0.0234375 0.0359375
6 0.16171875 0.47890625 0.0265625 0.0265625
6 0.01484375 0.34453125 0.0203125 0.0328125
6 0.10625 0.44765625 0.01875 0.0328125
6 0.26328125 0.071875 0.0203125 0.034375
6 0.33046875 0.02578125 0.0265625 0.0328125
6 0.03359375 0.553125 0.0203125 0.03125
6 0.0484375 0.56015625 0.021875 0.0328125
6 0.07109375 0.53046875 0.0296875 0.0296875
6 0.2609375 0.56875 0.021875 0.034375
6 0.31875 0.54453125 0.025 0.0390625
6 0.3484375 0.55859375 0.025 0.0328125
6 0.33359375 0.55390625 0.0203125 0.0390625
6 0.36171875 0.56640625 0.0234375 0.0328125
6 0.37734375 0.5703125 0.0234375 0.03125
6 0.390625 0.57734375 0.021875 0.0328125
6 0.41796875 0.5890625 0.0265625 0.03125
6 0.446875 0.59921875 0.021875 0.0390625
6 0.459375 0.60703125 0.01875 0.0328125
6 0.47421875 0.6109375 0.0171875 0.028125
6 0.4875 0.61796875 0.021875 0.0328125
6 0.50625 0.6234375 0.021875 0.03125
6 0.5171875 0.6328125 0.021875 0.03125
6 0.5734375 0.65 0.025 0.0375
6 0.62734375 0.72578125 0.0203125 0.0328125
6 0.559375 0.69296875 0.025 0.0328125
6 0.45546875 0.6515625 0.0265625 0.03125
6 0.36015625 0.0390625 0.0296875 0.034375
6 0.375 0.046875 0.025 0.034375
6 0.3875 0.05234375 0.021875 0.0359375
6 0.42578125 0.065625 0.0203125 0.0375
6 0.4421875 0.07734375 0.021875 0.0359375
6 0.45703125 0.084375 0.0234375 0.0375
6 0.471875 0.090625 0.025 0.0375
6 0.55625 0.1234375 0.028125 0.034375
6 0.3171875 0.09375 0.01875 0.03125
6 0.38203125 0.1265625 0.0234375 0.0375
6 0.4578125 0.15703125 0.025 0.0390625
6 0.72734375 0.05390625 0.0265625 0.0390625
6 0.7609375 0.07578125 0.028125 0.0359375
6 0.7984375 0.03671875 0.028125 0.0359375
6 0.74296875 0.16328125 0.0296875 0.0390625
6 0.7625 0.16796875 0.025 0.0328125
4 0.884375 0.9171875 0.065625 0.0625
4 0.9421875 0.89921875 0.075 0.0671875
4 0.878125 0.865625 0.075 0.06875
4 0.90703125 0.67890625 0.0578125 0.0546875
4 0.8796875 0.51015625 0.06875 0.0609375
4 0.93984375 0.48671875 0.0765625 0.0703125
6 0.40859375 0.62734375 0.0203125 0.0328125
6 0.3171875 0.59140625 0.021875 0.0359375
6 0.3046875 0.58359375 0.021875 0.0328125
6 0.79921875 0.18671875 0.0234375 0.0359375
6 0.8265625 0.1984375 0.025 0.0375
6 0.853125 0.21171875 0.021875 0.0359375
6 0.86640625 0.2140625 0.0203125 0.034375
6 0.88125 0.21796875 0.01875 0.0328125
6 0.89296875 0.2265625 0.0203125 0.03125
6 0.909375 0.23359375 0.025 0.0328125
6 0.925 0.2390625 0.025 0.028125
6 0.9765625 0.22421875 0.034375 0.0265625
6 0.98203125 0.2125 0.0296875 0.025
6 0.28984375 0.5765625 0.0234375 0.034375
6 0.86015625 0.1140625 0.0296875 0.028125
6 0.834375 0.10234375 0.03125 0.0234375
6 0.84296875 0.09140625 0.0328125 0.0234375
6 0.853125 0.06796875 0.028125 0.0234375
6 0.86171875 0.0546875 0.0296875 0.021875
6 0.86875 0.0453125 0.03125 0.025
6 0.8765625 0.03359375 0.03125 0.0234375
6 0.9015625 0.04609375 0.03125 0.0265625
6 0.88203125 0.0828125 0.0328125 0.025
6 0.890625 0.07109375 0.028125 0.0234375
6 0.91640625 0.0234375 0.0328125 0.028125
6 0.8828125 0.02109375 0.03125 0.0234375
6 0.20078125 0.5390625 0.0203125 0.025
6 0.55859375 0.646875 0.0234375 0.028125
6 0.87421875 0.0953125 0.0296875 0.021875
6 0.853125 0.13203125 0.034375 0.0265625
6 0.93203125 0.17578125 0.0328125 0.0265625
6 0.82734375 0.115625 0.0296875 0.025
6 0.90234375 0.16171875 0.0234375 0.0203125
6 0.940625 0.15625 0.028125 0.025
6 0.92265625 0.11953125 0.0296875 0.0296875
6 0.909375 0.14375 0.025 0.021875
6 0.96796875 0.12890625 0.0390625 0.0234375
6 0.95703125 0.1375 0.0328125 0.021875
6 0.965625 0.11015625 0.034375 0.0234375
6 0.98125 0.0921875 0.03125 0.028125
6 0.934375 0.1078125 0.03125 0.028125
6 0.946875 0.08359375 0.028125 0.0265625
6 0.9546875 0.07265625 0.028125 0.0234375
6 0.9640625 0.0609375 0.03125 0.025
6 0.971875 0.04765625 0.03125 0.0265625
6 0.98125 0.0359375 0.03125 0.025
6 0.82109375 0.134375 0.0328125 0.025
6 0.8453125 0.14375 0.03125 0.021875
5 0.090625 0.9546875 0.034375 0.0625
5 0.10703125 0.96015625 0.0390625 0.0640625
6 0.60859375 0.8671875 0.0328125 0.025
6 0.6015625 0.88359375 0.03125 0.0265625
5 0.59375 0.896875 0.034375 0.03125
6 0.54765625 0.9765625 0.0328125 0.025
5 0.33046875 0.97734375 0.0703125 0.0390625
