4 0.2046875 0.6203125 0.075 0.06875
4 0.26484375 0.65859375 0.0765625 0.0703125
4 0.43671875 0.76171875 0.0734375 0.0671875
4 0.47109375 0.58203125 0.0796875 0.0703125
4 0.35234375 0.56796875 0.0734375 0.0640625
4 0.29453125 0.53203125 0.0734375 0.0640625
4 0.35078125 0.50859375 0.0796875 0.0703125
4 0.28671875 0.478125 0.0734375 0.065625
4 0.38125 0.37734375 0.078125 0.0703125
4 0.55625 0.42265625 0.08125 0.0671875
4 0.4375 0.36015625 0.071875 0.0671875
4 0.37734375 0.3234375 0.0703125 0.065625
4 0.47109375 0.2265625 0.0671875 0.0625
4 0.615625 0.109375 0.078125 0.065625
4 0.6765625 0.08828125 0.078125 0.0734375
4 0.734375 0.12109375 0.071875 0.0671875
6 0.33125 0.8953125 0.03125 0.028125
6 0.48125 0.80390625 0.025 0.0296875
6 0.34609375 0.875 0.0328125 0.025
5 0.115625 0.8609375 0.028125 0.03125
6 0.26796875 0.209375 0.0234375 0.0375
6 0.08359375 0.14140625 0.0265625 0.0328125
6 0.06015625 0.1296875 0.0234375 0.034375
6 0.03203125 0.12265625 0.0203125 0.0359375
5 0.29453125 0.26484375 0.0453125 0.0359375
5 0.284375 0.2828125 0.040625 0.03125
5 0.27578125 0.29765625 0.0359375 0.0296875
5 0.228125 0.3828125 0.034375 0.028125
6 0.19296875 0.4421875 0.0359375 0.03125
6 0.1796875 0.46796875 0.034375 0.0234375
6 0.1703125 0.48125 0.034375 0.028125
5 0.68359375 0.31171875 0.0328125 0.0421875
6 0.1546875 0.50625 0.03125 0.028125
6 0.14453125 0.51640625 0.0328125 0.0296875
6 0.12421875 0.55859375 0.0328125 0.0265625
6 0.12421875 0.6546875 0.0265625 0.034375
6 0.071875 0.709375 0.025 0.0375
6 0.14453125 0.7515625 0.0296875 0.040625
6 0.09140625 0.72578125 0.0234375 0.0328125
6 0.0484375 0.734375 0.03125 0.028125
6 0.03046875 0.76015625 0.0265625 0.0234375
6 0.2359375 0.196875 0.025 0.040625
6 0.20859375 0.1875 0.0265625 0.0375
6 0.47109375 0.06171875 0.0390625 0.0359375
