4 0.64609375 0.47578125 0.0546875 0.0453125
6 0.86015625 0.76953125 0.0078125 0.0171875
6 0.86875 0.72734375 0.009375 0.0171875
6 0.8734375 0.70859375 0.009375 0.0171875
6 0.8796875 0.6796875 0.00625 0.015625
6 0.88671875 0.64140625 0.0078125 0.0140625
6 0.81328125 0.7796875 0.0171875 0.00625
6 0.815625 0.771875 0.01875 0.00625
6 0.8453125 0.628125 0.015625 0.009375
6 0.88046875 0.5703125 0.0078125 0.021875
6 0.88125 0.303125 0.0125 0.00625
6 0.865625 0.5375 0.015625 0.009375
4 0.6625 0.1171875 0.05 0.0625
