4 0.4 0.378125 0.465625 0.396875
4 0.43203125 0.7796875 0.4890625 0.415625
6 0.41484375 0.06953125 0.0328125 0.0171875
6 0.6515625 0.0125 0.0375 0.01875
6 0.409375 0.1171875 0.034375 0.015625
6 0.18359375 0.26484375 0.0140625 0.0296875
6 0.3359375 0.50625 0.03125 0.03125
6 0.3140625 0.5328125 0.03125 0.028125
6 0.434375 0.9671875 0.028125 0.034375
6 0.48046875 0.97578125 0.0359375 0.0171875
6 0.51328125 0.96953125 0.0296875 0.0171875
6 0.55234375 0.96640625 0.0359375 0.0171875
6 0.62890625 0.9625 0.0390625 0.01875
6 0.16328125 0.746875 0.0359375 0.021875
6 0.565625 0.6109375 0.025 0.034375
6 0.65390625 0.534375 0.0296875 0.03125
6 0.63515625 0.56796875 0.0140625 0.0265625
