6 0.2890625 0.39609375 0.01875 0.0328125
6 0.2703125 0.3953125 0.01875 0.034375
6 0.90859375 0.43125 0.0234375 0.040625
6 0.2140625 0.975 0.03125 0.0125
6 0.0296875 0.934375 0.034375 0.015625
6 0.13515625 0.8484375 0.0359375 0.01875
6 0.18359375 0.8671875 0.0296875 0.015625
6 0.21953125 0.84140625 0.0328125 0.0203125
6 0.23046875 0.86015625 0.0328125 0.0171875
6 0.25703125 0.8375 0.0328125 0.01875
6 0.26796875 0.8578125 0.0296875 0.021875
6 0.29921875 0.86328125 0.0359375 0.0265625
6 0.2921875 0.83828125 0.0375 0.0203125
6 0.33671875 0.83203125 0.0328125 0.0171875
6 0.33671875 0.8546875 0.0328125 0.01875
6 0.44765625 0.84765625 0.0359375 0.0171875
6 0.40546875 0.8296875 0.0421875 0.015625
6 0.371875 0.85390625 0.03125 0.0171875
6 0.33046875 0.8796875 0.0359375 0.01875
6 0.94375 0.90625 0.03125 0.01875
6 0.93125 0.8859375 0.034375 0.015625
6 0.37578125 0.9640625 0.0359375 0.015625
6 0.2296875 0.94609375 0.034375 0.0171875
6 0.33515625 0.9359375 0.0296875 0.01875
5 0.025 0.878125 0.046875 0.01875
5 0.1375 0.87890625 0.05 0.0328125
5 0.25 0.89453125 0.046875 0.0140625
5 0.85625 0.88515625 0.059375 0.0171875
6 0.68828125 0.86171875 0.0328125 0.0171875
6 0.3671875 0.91328125 0.0375 0.0171875
6 0.44296875 0.88984375 0.0296875 0.0171875
6 0.48671875 0.8515625 0.0359375 0.021875
6 0.48203125 0.90703125 0.0421875 0.0140625
6 0.5359375 0.903125 0.03125 0.015625
6 0.5140625 0.88828125 0.0375 0.0171875
6 0.578125 0.86484375 0.034375 0.0171875
6 0.63046875 0.89921875 0.0328125 0.0140625
6 0.625 0.8640625 0.03125 0.0125
6 0.690625 0.88125 0.03125 0.0125
5 0.93984375 0.86875 0.0546875 0.01875
6 0.78125 0.8828125 0.03125 0.015625
6 0.65859375 0.91953125 0.0359375 0.0140625
6 0.83828125 0.903125 0.0359375 0.015625
6 0.8328125 0.86328125 0.034375 0.0140625
