6 0.3265625 0.63203125 0.021875 0.0390625
6 0.02890625 0.63671875 0.0265625 0.0328125
6 0.01640625 0.896875 0.0203125 0.034375
4 0.584375 0.8109375 0.41875 0.371875
6 0.7265625 0.27578125 0.028125 0.0171875
6 0.54453125 0.93984375 0.0296875 0.0296875
6 0.578125 0.940625 0.0375 0.025
6 0.52265625 0.96796875 0.0390625 0.0359375
6 0.03125 0.8984375 0.0125 0.028125
6 0.05859375 0.90546875 0.0140625 0.0296875
6 0.36015625 0.49453125 0.0390625 0.0171875
6 0.3859375 0.478125 0.034375 0.015625
6 0.390625 0.46015625 0.034375 0.0171875
6 0.37578125 0.40546875 0.0328125 0.0140625
6 0.68515625 0.27890625 0.0328125 0.0203125
