6 0.125 0.7078125 0.01875 0.0375
6 0.76328125 0.9484375 0.0421875 0.025
4 0.61015625 0.17890625 0.2296875 0.2359375
6 0.25546875 0.71328125 0.0296875 0.0296875
6 0.8109375 0.746875 0.03125 0.034375
6 0.79296875 0.7375 0.0296875 0.034375
6 0.78046875 0.725 0.0234375 0.028125
6 0.75234375 0.69921875 0.0265625 0.0328125
6 0.7015625 0.69140625 0.01875 0.0390625
6 0.334375 0.8828125 0.0375 0.01875
6 0.28203125 0.7328125 0.0390625 0.034375
6 0.27421875 0.70234375 0.0421875 0.0328125
6 0.24375 0.72421875 0.034375 0.0328125
6 0.23984375 0.740625 0.0359375 0.03125
6 0.23046875 0.75625 0.0296875 0.028125
6 0.1578125 0.61640625 0.03125 0.0328125
6 0.57734375 0.34921875 0.0171875 0.0328125
6 0.76171875 0.19765625 0.0203125 0.0390625
6 0.05859375 0.059375 0.0359375 0.01875
