6 0.77109375 0.11796875 0.0390625 0.0296875
6 0.76015625 0.13515625 0.0390625 0.0265625
6 0.5359375 0.44375 0.015625 0.0375
6 0.721875 0.28203125 0.025 0.0390625
6 0.140625 0.96875 0.015625 0.0375
5 0.5703125 0.571875 0.065625 0.028125
6 0.48671875 0.84453125 0.0328125 0.0203125
6 0.44453125 0.70625 0.0390625 0.01875
6 0.4890625 0.68828125 0.040625 0.0203125
6 0.56015625 0.65703125 0.0390625 0.0171875
6 0.5875 0.43671875 0.03125 0.0203125
6 0.3578125 0.4546875 0.0375 0.034375
6 0.4484375 0.40546875 0.04375 0.0296875
6 0.21796875 0.3859375 0.0390625 0.040625
6 0.8890625 0.2875 0.01875 0.0375
4 0.35546875 0.790625 0.2453125 0.2375
4 0.328125 0.5359375 0.28125 0.240625
4 0.32578125 0.2734375 0.3265625 0.309375
