6 0.8265625 0.63203125 0.021875 0.0390625
6 0.28515625 0.36953125 0.0359375 0.0203125
6 0.246875 0.4015625 0.034375 0.0125
6 0.165625 0.40625 0.028125 0.0125
6 0.0796875 0.45078125 0.015625 0.0328125
6 0.31796875 0.47265625 0.0328125 0.0328125
6 0.52890625 0.63671875 0.0265625 0.0328125
6 0.02421875 0.690625 0.0140625 0.03125
6 0.33125 0.89375 0.028125 0.03125
6 0.51640625 0.896875 0.0203125 0.034375
4 0.25546875 0.63828125 0.4578125 0.5015625
6 0.53125 0.8984375 0.0125 0.028125
6 0.55859375 0.90546875 0.0140625 0.0296875
6 0.86015625 0.49453125 0.0390625 0.0171875
6 0.8859375 0.478125 0.034375 0.015625
6 0.890625 0.46015625 0.034375 0.0171875
6 0.87578125 0.40546875 0.0328125 0.0140625
