4 0.5375 0.35703125 0.215625 0.2171875
6 0.40859375 0.43125 0.0234375 0.040625
6 0.44375 0.90625 0.03125 0.01875
6 0.43125 0.8859375 0.034375 0.015625
6 0.66484375 0.51796875 0.0171875 0.0359375
5 0.35625 0.88515625 0.059375 0.0171875
5 0.6234375 0.88046875 0.053125 0.0203125
5 0.5328125 0.87265625 0.078125 0.0234375
6 0.7078125 0.5296875 0.01875 0.034375
6 0.7078125 0.5703125 0.015625 0.034375
6 0.7078125 0.615625 0.015625 0.03125
6 0.68984375 0.884375 0.0390625 0.015625
6 0.70546875 0.83125 0.0296875 0.034375
6 0.66953125 0.78671875 0.0203125 0.0359375
6 0.678125 0.73515625 0.015625 0.0328125
6 0.65546875 0.7328125 0.0203125 0.0375
6 0.7046875 0.72109375 0.015625 0.0328125
6 0.678125 0.6953125 0.015625 0.034375
6 0.7046875 0.671875 0.01875 0.0375
6 0.6625 0.6578125 0.015625 0.03125
6 0.68359375 0.63984375 0.0140625 0.0359375
6 0.6890625 0.596875 0.015625 0.034375
6 0.6640625 0.57578125 0.0125 0.0296875
6 0.18828125 0.86171875 0.0328125 0.0171875
6 0.0359375 0.903125 0.03125 0.015625
6 0.078125 0.86484375 0.034375 0.0171875
6 0.13046875 0.89921875 0.0328125 0.0140625
6 0.125 0.8640625 0.03125 0.0125
6 0.190625 0.88125 0.03125 0.0125
5 0.43984375 0.86875 0.0546875 0.01875
6 0.28125 0.8828125 0.03125 0.015625
6 0.15859375 0.91953125 0.0359375 0.0140625
6 0.33828125 0.903125 0.0359375 0.015625
6 0.3328125 0.86328125 0.034375 0.0140625
6 0.49140625 0.890625 0.0328125 0.01875
6 0.49765625 0.925 0.0390625 0.01875
6 0.66875 0.9 0.03125 0.015625
6 0.5921875 0.9140625 0.03125 0.01875
6 0.57109375 0.89609375 0.0296875 0.0171875
