6 0.153125 0.71953125 0.046875 0.0203125
4 0.8390625 0.62890625 0.3125 0.2984375
4 0.28203125 0.50078125 0.3046875 0.2359375
6 0.70625 0.9640625 0.03125 0.01875
6 0.7625 0.96015625 0.034375 0.0171875
6 0.80390625 0.9015625 0.0390625 0.01875
6 0.84453125 0.9265625 0.0328125 0.01875
6 0.9109375 0.925 0.034375 0.021875
6 0.93515625 0.9453125 0.0328125 0.015625
6 0.64921875 0.9671875 0.0328125 0.01875
6 0.609375 0.94921875 0.03125 0.0171875
6 0.57734375 0.97421875 0.0359375 0.0203125
5 0.73828125 0.93984375 0.0796875 0.0234375
6 0.1578125 0.92578125 0.034375 0.0171875
6 0.13515625 0.96953125 0.0359375 0.0203125
6 0.0671875 0.975 0.028125 0.015625
5 0.27265625 0.93828125 0.0765625 0.0265625
5 0.23671875 0.9625 0.0515625 0.01875
6 0.290625 0.97421875 0.03125 0.0171875
6 0.52265625 0.9578125 0.0359375 0.021875
6 0.3140625 0.9125 0.0375 0.015625
6 0.3734375 0.965625 0.034375 0.021875
6 0.39609375 0.94765625 0.0359375 0.0203125
6 0.45 0.9046875 0.034375 0.01875
6 0.4453125 0.928125 0.034375 0.025
6 0.440625 0.965625 0.034375 0.021875
6 0.478125 0.97890625 0.03125 0.0140625
6 0.47421875 0.94375 0.0328125 0.01875
6 0.5578125 0.93359375 0.03125 0.0203125
5 0.853125 0.8703125 0.05625 0.01875
5 0.1140625 0.9484375 0.06875 0.021875
5 0.48828125 0.5640625 0.0328125 0.0625
