6 0.27109375 0.11796875 0.0390625 0.0296875
6 0.26015625 0.13515625 0.0390625 0.0265625
6 0.0359375 0.44375 0.015625 0.0375
6 0.221875 0.28203125 0.025 0.0390625
5 0.0703125 0.571875 0.065625 0.028125
6 0.06015625 0.65703125 0.0390625 0.0171875
6 0.0875 0.43671875 0.03125 0.0203125
6 0.3890625 0.2875 0.01875 0.0375
6 0.571875 0.11328125 0.034375 0.0234375
6 0.57578125 0.1421875 0.0203125 0.034375
6 0.66640625 0.1140625 0.0203125 0.0375
6 0.51171875 0.68125 0.0359375 0.015625
6 0.728125 0.29296875 0.01875 0.0390625
6 0.809375 0.28515625 0.021875 0.0421875
6 0.78359375 0.10234375 0.0203125 0.0359375
