6 0.27109375 0.61796875 0.0390625 0.0296875
6 0.26015625 0.63515625 0.0390625 0.0265625
6 0.0359375 0.94375 0.015625 0.0375
6 0.221875 0.78203125 0.025 0.0390625
6 0.0875 0.93671875 0.03125 0.0203125
6 0.3890625 0.7875 0.01875 0.0375
6 0.571875 0.61328125 0.034375 0.0234375
6 0.57578125 0.6421875 0.0203125 0.034375
6 0.66640625 0.6140625 0.0203125 0.0375
6 0.728125 0.79296875 0.01875 0.0390625
6 0.809375 0.78515625 0.021875 0.0421875
6 0.68984375 0.403125 0.0296875 0.03125
6 0.67265625 0.41171875 0.0328125 0.0328125
6 0.78359375 0.60234375 0.0203125 0.0359375
