6 0.7875 0.90625 0.01875 0.03125
6 0.0140625 0.053125 0.01875 0.0375
6 0.73984375 0.0171875 0.0171875 0.034375
6 0.75234375 0.04453125 0.0140625 0.0328125
6 0.72890625 0.06875 0.0171875 0.034375
6 0.75390625 0.0890625 0.0171875 0.03125
6 0.7640625 0.1390625 0.021875 0.034375
6 0.734375 0.1328125 0.0125 0.03125
6 0.76484375 0.24765625 0.0171875 0.0328125
6 0.7796875 0.16484375 0.015625 0.0328125
6 0.76328125 0.1921875 0.0171875 0.03125
6 0.76640625 0.3171875 0.0296875 0.03125
6 0.775 0.375 0.015625 0.04375
6 0.75 0.35703125 0.015625 0.0359375
6 0.7546875 0.4875 0.015625 0.040625
6 0.76875 0.49296875 0.0125 0.0296875
5 0.7859375 0.5046875 0.01875 0.046875
5 0.78359375 0.7421875 0.0328125 0.046875
6 0.7890625 0.67578125 0.015625 0.0328125
6 0.78125 0.815625 0.015625 0.03125
