6 0.69375 0.44765625 0.025 0.0390625
6 0.66328125 0.45703125 0.0296875 0.0390625
6 0.54609375 0.5546875 0.0296875 0.028125
6 0.5578125 0.08359375 0.040625 0.0328125
6 0.6640625 0.11640625 0.034375 0.0171875
6 0.521875 0.38515625 0.01875 0.0359375
4 0.1703125 0.746875 0.334375 0.340625
6 0.21640625 0.62109375 0.0328125 0.0359375
6 0.5546875 0.5140625 0.03125 0.034375
6 0.703125 0.165625 0.025 0.04375
6 0.90625 0.86796875 0.040625 0.0328125
6 0.86875 0.89296875 0.03125 0.0328125
6 0.8375 0.9125 0.0375 0.034375
6 0.975 0.83203125 0.03125 0.0265625
