6 0.409375 0.02421875 0.021875 0.0328125
5 0.79375 0.06640625 0.059375 0.0328125
5 0.41328125 0.23125 0.0421875 0.025
6 0.70078125 0.94140625 0.0453125 0.0359375
6 0.425 0.05390625 0.021875 0.0328125
6 0.33671875 0.02421875 0.0328125 0.0203125
6 0.3125 0.0421875 0.034375 0.01875
6 0.16953125 0.303125 0.0359375 0.025
6 0.16171875 0.27109375 0.0359375 0.0234375
6 0.259375 0.32734375 0.03125 0.0234375
6 0.25234375 0.3125 0.0328125 0.01875
6 0.24609375 0.278125 0.0296875 0.021875
6 0.2296875 0.2265625 0.03125 0.021875
6 0.21953125 0.19609375 0.0359375 0.0203125
6 0.10546875 0.178125 0.0296875 0.021875
6 0.10390625 0.159375 0.0328125 0.021875
6 0.0921875 0.13828125 0.028125 0.0234375
6 0.08046875 0.121875 0.0328125 0.021875
6 0.0625 0.07109375 0.03125 0.0234375
6 0.09375 0.06640625 0.034375 0.0234375
6 0.95859375 0.15625 0.0453125 0.028125
6 0.965625 0.17578125 0.0375 0.0234375
6 0.940625 0.10703125 0.034375 0.0171875
6 0.97734375 0.23984375 0.0359375 0.0359375
