6 0.04609375 0.0546875 0.0296875 0.028125
6 0.909375 0.24453125 0.03125 0.0171875
6 0.89765625 0.2875 0.0296875 0.0125
6 0.96171875 0.6546875 0.0359375 0.034375
6 0.97890625 0.5796875 0.0171875 0.03125
6 0.97578125 0.2484375 0.0359375 0.015625
6 0.98203125 0.26875 0.0265625 0.015625
6 0.76484375 0.2703125 0.0296875 0.01875
6 0.765625 0.2515625 0.028125 0.015625
6 0.73203125 0.2546875 0.0328125 0.01875
6 0.40625 0.36796875 0.040625 0.0328125
6 0.36875 0.39296875 0.03125 0.0328125
6 0.3375 0.4125 0.0375 0.034375
6 0.5390625 0.303125 0.040625 0.028125
6 0.475 0.33203125 0.03125 0.0265625
5 0.85703125 0.34765625 0.0671875 0.0203125
5 0.528125 0.4234375 0.040625 0.03125
6 0.2828125 0.628125 0.028125 0.034375
