6 0.55 0.23671875 0.040625 0.0203125
5 0.62734375 0.13671875 0.0171875 0.0359375
6 0.64296875 0.2671875 0.0140625 0.03125
6 0.63515625 0.209375 0.0171875 0.034375
6 0.54765625 0.2125 0.0390625 0.028125
6 0.19375 0.44765625 0.025 0.0390625
6 0.16328125 0.45703125 0.0296875 0.0390625
6 0.04609375 0.5546875 0.0296875 0.028125
6 0.0578125 0.08359375 0.040625 0.0328125
6 0.1640625 0.11640625 0.034375 0.0171875
6 0.021875 0.38515625 0.01875 0.0359375
6 0.0546875 0.5140625 0.03125 0.034375
6 0.203125 0.165625 0.025 0.04375
6 0.909375 0.74453125 0.03125 0.0171875
6 0.89765625 0.7875 0.0296875 0.0125
6 0.97578125 0.7484375 0.0359375 0.015625
6 0.98203125 0.76875 0.0265625 0.015625
6 0.76484375 0.7703125 0.0296875 0.01875
6 0.765625 0.7515625 0.028125 0.015625
6 0.73203125 0.7546875 0.0328125 0.01875
6 0.40625 0.86796875 0.040625 0.0328125
6 0.36875 0.89296875 0.03125 0.0328125
6 0.3375 0.9125 0.0375 0.034375
6 0.5390625 0.803125 0.040625 0.028125
6 0.475 0.83203125 0.03125 0.0265625
5 0.85703125 0.84765625 0.0671875 0.0203125
5 0.528125 0.9234375 0.040625 0.03125
