6 0.69375 0.94765625 0.025 0.0390625
6 0.66328125 0.95703125 0.0296875 0.0390625
5 0.38359375 0.221875 0.0359375 0.046875
5 0.271875 0.26328125 0.04375 0.0421875
5 0.27890625 0.309375 0.0828125 0.034375
5 0.5265625 0.30078125 0.0625 0.0453125
5 0.48203125 0.1296875 0.0265625 0.065625
6 0.42109375 0.22890625 0.0390625 0.0203125
6 0.5453125 0.209375 0.040625 0.0375
6 0.67109375 0.45390625 0.0203125 0.0421875
6 0.69296875 0.46171875 0.0171875 0.0421875
6 0.7140625 0.4859375 0.01875 0.040625
6 0.5578125 0.58359375 0.040625 0.0328125
6 0.6640625 0.61640625 0.034375 0.0171875
6 0.521875 0.88515625 0.01875 0.0359375
5 0.02890625 0.1375 0.0484375 0.034375
5 0.14375 0.03359375 0.034375 0.0453125
6 0.703125 0.665625 0.025 0.04375
