6 0.7 0.58125 0.025 0.034375
6 0.6875 0.57109375 0.028125 0.0328125
6 0.409375 0.24453125 0.03125 0.0171875
6 0.57890625 0.4234375 0.0359375 0.021875
6 0.6203125 0.32890625 0.03125 0.0234375
6 0.67578125 0.30390625 0.0328125 0.0234375
6 0.6375 0.2859375 0.03125 0.021875
6 0.39765625 0.2875 0.0296875 0.0125
6 0.46171875 0.6546875 0.0359375 0.034375
6 0.47890625 0.5796875 0.0171875 0.03125
6 0.496875 0.58046875 0.01875 0.0328125
6 0.65234375 0.559375 0.0265625 0.034375
6 0.66875 0.56953125 0.021875 0.0296875
6 0.69140625 0.66640625 0.0265625 0.0359375
6 0.678125 0.65546875 0.025 0.0328125
6 0.6640625 0.64921875 0.021875 0.0296875
6 0.65 0.6421875 0.021875 0.03125
6 0.634375 0.634375 0.025 0.03125
6 0.61953125 0.6234375 0.0203125 0.03125
6 0.60625 0.61796875 0.021875 0.0296875
6 0.590625 0.6109375 0.01875 0.03125
6 0.5765625 0.60546875 0.01875 0.0328125
6 0.559375 0.6015625 0.01875 0.03125
6 0.5453125 0.596875 0.01875 0.03125
6 0.528125 0.59375 0.021875 0.034375
6 0.5125 0.58515625 0.01875 0.0328125
6 0.528125 0.2609375 0.034375 0.01875
6 0.47578125 0.2484375 0.0359375 0.015625
6 0.48203125 0.26875 0.0265625 0.015625
6 0.26484375 0.2703125 0.0296875 0.01875
6 0.265625 0.2515625 0.028125 0.015625
6 0.23203125 0.2546875 0.0328125 0.01875
6 0.0390625 0.303125 0.040625 0.028125
5 0.56875 0.3734375 0.053125 0.03125
5 0.35703125 0.34765625 0.0671875 0.0203125
5 0.028125 0.4234375 0.040625 0.03125
