5 0.88359375 0.721875 0.0359375 0.046875
5 0.771875 0.76328125 0.04375 0.0421875
5 0.77890625 0.809375 0.0828125 0.034375
5 0.98203125 0.6296875 0.0265625 0.065625
6 0.93984375 0.45 0.0234375 0.0375
6 0.95078125 0.48828125 0.0265625 0.0390625
6 0.92109375 0.72890625 0.0390625 0.0203125
5 0.440625 0.65078125 0.040625 0.0359375
4 0.46640625 0.3953125 0.3203125 0.334375
4 0.80625 0.528125 0.378125 0.38125
5 0.52890625 0.6375 0.0484375 0.034375
5 0.64375 0.53359375 0.034375 0.0453125
5 0.325 0.39453125 0.03125 0.0421875
