4 0.5390625 0.6578125 0.5125 0.48125
6 0.43359375 0.64609375 0.0359375 0.0296875
6 0.59921875 0.06953125 0.0296875 0.0390625
6 0.71640625 0.48046875 0.0265625 0.0390625
6 0.69375 0.46875 0.025 0.034375
6 0.453125 0.36328125 0.028125 0.0359375
6 0.03828125 0.34140625 0.0328125 0.0390625
6 0.63359375 0.084375 0.0328125 0.040625
6 0.734375 0.4875 0.025 0.03125
6 0.75234375 0.509375 0.0296875 0.0375
6 0.771875 0.51484375 0.03125 0.0390625
6 0.78828125 0.52734375 0.0328125 0.0390625
5 0.77109375 0.6375 0.0328125 0.05
