6 0.98046875 0.1859375 0.0328125 0.025
5 0.38359375 0.721875 0.0359375 0.046875
5 0.271875 0.76328125 0.04375 0.0421875
5 0.27890625 0.809375 0.0828125 0.034375
5 0.5265625 0.80078125 0.0625 0.0453125
5 0.48203125 0.6296875 0.0265625 0.065625
6 0.43984375 0.45 0.0234375 0.0375
6 0.45078125 0.48828125 0.0265625 0.0390625
6 0.42109375 0.72890625 0.0390625 0.0203125
6 0.5453125 0.709375 0.040625 0.0375
6 0.67109375 0.95390625 0.0203125 0.0421875
6 0.69296875 0.96171875 0.0171875 0.0421875
4 0.30625 0.528125 0.378125 0.38125
5 0.02890625 0.6375 0.0484375 0.034375
5 0.14375 0.53359375 0.034375 0.0453125
