6 0.55 0.73671875 0.040625 0.0203125
5 0.62734375 0.63671875 0.0171875 0.0359375
6 0.64296875 0.7671875 0.0140625 0.03125
6 0.63515625 0.709375 0.0171875 0.034375
6 0.66015625 0.3109375 0.0265625 0.0375
6 0.54765625 0.7125 0.0390625 0.028125
6 0.19375 0.94765625 0.025 0.0390625
6 0.16328125 0.95703125 0.0296875 0.0390625
6 0.0453125 0.209375 0.040625 0.0375
6 0.17109375 0.45390625 0.0203125 0.0421875
6 0.19296875 0.46171875 0.0171875 0.0421875
6 0.2140625 0.4859375 0.01875 0.040625
6 0.0578125 0.58359375 0.040625 0.0328125
6 0.1640625 0.61640625 0.034375 0.0171875
6 0.021875 0.88515625 0.01875 0.0359375
4 0.79921875 0.2640625 0.2703125 0.2625
6 0.203125 0.665625 0.025 0.04375
