6 0.2671875 0.7734375 0.0625 0.05
6 0.1953125 0.21953125 0.059375 0.0453125
6 0.0359375 0.26796875 0.053125 0.0453125
6 0.3265625 0.51640625 0.06875 0.0546875
6 0.21640625 0.6703125 0.0578125 0.05
6 0.4109375 0.69375 0.059375 0.05
6 0.42265625 0.72265625 0.0609375 0.0484375
6 0.440625 0.75546875 0.0625 0.0515625
6 0.45703125 0.78984375 0.0609375 0.0484375
6 0.2734375 0.40703125 0.06875 0.0421875
6 0.23046875 0.69765625 0.0640625 0.0546875
6 0.2796875 0.80390625 0.05625 0.0453125
6 0.2859375 0.83984375 0.05625 0.0453125
6 0.20703125 0.6375 0.0734375 0.053125
6 0.190625 0.603125 0.065625 0.05
6 0.17265625 0.57734375 0.0515625 0.0453125
6 0.38984375 0.66953125 0.0609375 0.0515625
6 0.059375 0.32734375 0.059375 0.0484375
6 0.18125 0.1875 0.059375 0.04375
6 0.04296875 0.30078125 0.0546875 0.0484375
