6 0.4765625 0.15 0.053125 0.0375
6 0.7671875 0.7734375 0.0625 0.05
6 0.6953125 0.21953125 0.059375 0.0453125
6 0.465625 0.1203125 0.065625 0.053125
6 0.44296875 0.0828125 0.0640625 0.05
6 0.5078125 0.2078125 0.053125 0.04375
6 0.5359375 0.26796875 0.053125 0.0453125
6 0.8265625 0.51640625 0.06875 0.0546875
6 0.71640625 0.6703125 0.0578125 0.05
6 0.9109375 0.69375 0.059375 0.05
6 0.92265625 0.72265625 0.0609375 0.0484375
6 0.940625 0.75546875 0.0625 0.0515625
6 0.95703125 0.78984375 0.0609375 0.0484375
4 0.16796875 0.909375 0.1234375 0.109375
6 0.7734375 0.40703125 0.06875 0.0421875
6 0.73046875 0.69765625 0.0640625 0.0546875
6 0.7796875 0.80390625 0.05625 0.0453125
6 0.7859375 0.83984375 0.05625 0.0453125
6 0.70703125 0.6375 0.0734375 0.053125
6 0.690625 0.603125 0.065625 0.05
6 0.67265625 0.57734375 0.0515625 0.0453125
6 0.88984375 0.66953125 0.0609375 0.0515625
6 0.559375 0.32734375 0.059375 0.0484375
6 0.68125 0.1875 0.059375 0.04375
6 0.54296875 0.30078125 0.0546875 0.0484375
6 0.52109375 0.2390625 0.0609375 0.05
