6 0.15 0.3375 0.046875 0.059375
6 0.49296875 0.1453125 0.0578125 0.04375
6 0.53828125 0.23515625 0.0703125 0.0515625
6 0.234375 0.28828125 0.05 0.0609375
6 0.1859375 0.3265625 0.05 0.06875
6 0.0796875 0.5125 0.05 0.065625
6 0.7109375 0.3484375 0.046875 0.065625
6 0.28046875 0.4546875 0.0515625 0.065625
6 0.5421875 0.2640625 0.0625 0.053125
6 0.51796875 0.20390625 0.0578125 0.0484375
6 0.50703125 0.17265625 0.0609375 0.0453125
6 0.184375 0.49296875 0.04375 0.0609375
6 0.5890625 0.62265625 0.04375 0.0609375
6 0.61953125 0.6046875 0.0484375 0.065625
6 0.6765625 0.5734375 0.046875 0.05625
6 0.65234375 0.58984375 0.0453125 0.0609375
6 0.2203125 0.48828125 0.05 0.0609375
6 0.2515625 0.47265625 0.046875 0.0609375
6 0.309375 0.43828125 0.05 0.0640625
6 0.34140625 0.421875 0.0453125 0.0625
6 0.37265625 0.4125 0.0484375 0.059375
6 0.40234375 0.39765625 0.0484375 0.0609375
6 0.43515625 0.3875 0.0453125 0.059375
6 0.4640625 0.365625 0.046875 0.059375
6 0.496875 0.3578125 0.040625 0.053125
6 0.51484375 0.4515625 0.0421875 0.059375
6 0.54609375 0.44375 0.0515625 0.071875
6 0.57734375 0.43046875 0.0453125 0.0609375
6 0.60234375 0.4125 0.0421875 0.05625
6 0.63125 0.403125 0.046875 0.059375
6 0.68671875 0.3671875 0.0421875 0.05625
6 0.7484375 0.33984375 0.053125 0.0609375
6 0.66171875 0.3890625 0.0484375 0.059375
