6 0.7671875 0.2734375 0.0625 0.05
6 0.71640625 0.1703125 0.0578125 0.05
6 0.65 0.8375 0.046875 0.059375
6 0.9109375 0.19375 0.059375 0.05
6 0.92265625 0.22265625 0.0609375 0.0484375
6 0.940625 0.25546875 0.0625 0.0515625
6 0.95703125 0.28984375 0.0609375 0.0484375
6 0.7390625 0.490625 0.053125 0.05
6 0.734375 0.78828125 0.05 0.0609375
4 0.16796875 0.409375 0.1234375 0.109375
6 0.6859375 0.8265625 0.05 0.06875
6 0.73046875 0.19765625 0.0640625 0.0546875
6 0.78046875 0.9546875 0.0515625 0.065625
6 0.7796875 0.30390625 0.05625 0.0453125
6 0.7859375 0.33984375 0.05625 0.0453125
6 0.70703125 0.1375 0.0734375 0.053125
6 0.690625 0.103125 0.065625 0.05
6 0.67265625 0.07734375 0.0515625 0.0453125
6 0.88984375 0.16953125 0.0609375 0.0515625
6 0.809375 0.93828125 0.05 0.0640625
6 0.84140625 0.921875 0.0453125 0.0625
6 0.87265625 0.9125 0.0484375 0.059375
6 0.90234375 0.89765625 0.0484375 0.0609375
6 0.93515625 0.8875 0.0453125 0.059375
6 0.9640625 0.865625 0.046875 0.059375
