6 0.2546875 0.275 0.06875 0.065625
6 0.07890625 0.35078125 0.0734375 0.0640625
6 0.12421875 0.33125 0.0765625 0.065625
6 0.16328125 0.3125 0.0796875 0.065625
6 0.2109375 0.29609375 0.08125 0.0578125
6 0.290625 0.2546875 0.078125 0.0625
6 0.33828125 0.2375 0.0765625 0.065625
6 0.284375 0.4546875 0.078125 0.059375
6 0.31328125 0.428125 0.0734375 0.059375
6 0.3640625 0.403125 0.075 0.059375
6 0.4578125 0.36171875 0.0875 0.0703125
6 0.12578125 0.71875 0.0796875 0.065625
6 0.24453125 0.6640625 0.0890625 0.0625
6 0.35625 0.62421875 0.05625 0.0578125
6 0.89609375 0.3953125 0.0734375 0.0625
