6 0.03984375 0.43046875 0.0265625 0.0515625
6 0.06015625 0.43359375 0.0234375 0.0515625
6 0.078125 0.440625 0.028125 0.05
6 0.0953125 0.60546875 0.028125 0.0421875
6 0.02421875 0.57734375 0.0296875 0.0484375
6 0.07578125 0.5890625 0.0359375 0.053125
6 0.22265625 0.48515625 0.0453125 0.0703125
6 0.6515625 0.58671875 0.053125 0.0359375
6 0.63984375 0.61875 0.0640625 0.046875
6 0.63125 0.64375 0.059375 0.0375
6 0.490625 0.61796875 0.05625 0.0390625
6 0.50234375 0.59765625 0.0515625 0.0390625
6 0.10078125 0.46171875 0.0328125 0.0515625
6 0.0171875 0.4234375 0.034375 0.046875
6 0.49296875 0.971875 0.0640625 0.040625
