6 0.5234375 0.36796875 0.0375 0.0203125
6 0.5234375 0.34375 0.034375 0.021875
6 0.5296875 0.3234375 0.046875 0.025
6 0.53125 0.30703125 0.040625 0.0203125
6 0.53125 0.28828125 0.034375 0.0234375
6 0.6140625 0.346875 0.040625 0.01875
6 0.60859375 0.36953125 0.0359375 0.0203125
6 0.55 0.20078125 0.046875 0.0328125
6 0.54296875 0.22109375 0.0421875 0.0234375
6 0.5421875 0.24296875 0.04375 0.0265625
6 0.53203125 0.26328125 0.0421875 0.0265625
6 0.61875 0.30390625 0.034375 0.0203125
6 0.6125 0.32578125 0.0375 0.0265625
6 0.6953125 0.23046875 0.046875 0.0328125
6 0.74921875 0.24765625 0.0421875 0.0328125
6 0.74375 0.2703125 0.04375 0.03125
6 0.69609375 0.25390625 0.0421875 0.0234375
6 0.7015625 0.27578125 0.034375 0.0203125
6 0.7078125 0.3921875 0.04375 0.025
6 0.70546875 0.4171875 0.0453125 0.025
6 0.759375 0.440625 0.040625 0.034375
6 0.76484375 0.41953125 0.0390625 0.0296875
6 0.8328125 0.5140625 0.04375 0.028125
6 0.7109375 0.6328125 0.034375 0.05
6 0.7453125 0.2953125 0.0375 0.025
6 0.75390625 0.32421875 0.0421875 0.0234375
6 0.75390625 0.3421875 0.0390625 0.021875
6 0.75625 0.3671875 0.040625 0.021875
6 0.75703125 0.39765625 0.0453125 0.0265625
6 0.76328125 0.5140625 0.0453125 0.025
6 0.77109375 0.54609375 0.0453125 0.0359375
6 0.7703125 0.5859375 0.040625 0.028125
6 0.765625 0.56484375 0.04375 0.0328125
6 0.890625 0.31328125 0.04375 0.0296875
6 0.88671875 0.33671875 0.0453125 0.0296875
6 0.96796875 0.3484375 0.0453125 0.0375
6 0.96015625 0.36953125 0.0453125 0.0359375
6 0.94609375 0.415625 0.0421875 0.034375
6 0.89296875 0.675 0.0390625 0.03125
6 0.9015625 0.65546875 0.040625 0.0296875
6 0.9109375 0.63125 0.040625 0.028125
6 0.91875 0.61484375 0.034375 0.0265625
6 0.7171875 0.54375 0.046875 0.03125
6 0.69140625 0.625 0.0328125 0.046875
6 0.83671875 0.46875 0.0453125 0.03125
6 0.73828125 0.7171875 0.0421875 0.03125
6 0.84140625 0.45 0.0390625 0.034375
6 0.8421875 0.3234375 0.034375 0.03125
6 0.9 0.29296875 0.040625 0.0296875
6 0.9046875 0.275 0.04375 0.034375
6 0.91328125 0.25 0.0421875 0.03125
6 0.92109375 0.225 0.0390625 0.03125
6 0.8828125 0.2125 0.04375 0.028125
6 0.76875 0.61015625 0.04375 0.0328125
6 0.534375 0.56328125 0.03125 0.0453125
6 0.575 0.721875 0.028125 0.046875
6 0.63828125 0.7484375 0.0265625 0.046875
6 0.66171875 0.75234375 0.0296875 0.0453125
6 0.6953125 0.69765625 0.0375 0.0296875
6 0.92578125 0.59921875 0.0421875 0.0296875
6 0.9390625 0.5703125 0.0375 0.03125
6 0.94453125 0.54921875 0.0421875 0.0296875
6 0.95546875 0.5296875 0.0484375 0.028125
6 0.825 0.54296875 0.015625 0.0453125
6 0.928125 0.46015625 0.046875 0.0234375
6 0.91953125 0.47890625 0.0453125 0.0265625
6 0.87265625 0.61328125 0.0453125 0.0359375
6 0.865625 0.63515625 0.046875 0.0328125
6 0.7546875 0.678125 0.046875 0.034375
6 0.93515625 0.4375 0.0453125 0.034375
6 0.84765625 0.82109375 0.0328125 0.0421875
6 0.803125 0.80390625 0.03125 0.0421875
6 0.95859375 0.50703125 0.0453125 0.0265625
6 0.87890625 0.6015625 0.0421875 0.034375
6 0.509375 0.55625 0.01875 0.0375
6 0.55390625 0.57421875 0.0265625 0.0421875
6 0.575 0.584375 0.021875 0.0375
6 0.61953125 0.6015625 0.0296875 0.05
6 0.64453125 0.60234375 0.0265625 0.0515625
6 0.66484375 0.60859375 0.0265625 0.0390625
6 0.7328125 0.6359375 0.025 0.046875
6 0.56171875 0.646875 0.0421875 0.03125
6 0.64140625 0.678125 0.0390625 0.021875
6 0.4859375 0.6875 0.025 0.040625
6 0.50625 0.69296875 0.03125 0.0453125
6 0.52890625 0.70078125 0.0296875 0.0515625
6 0.5515625 0.7109375 0.03125 0.04375
6 0.59453125 0.7328125 0.0296875 0.046875
6 0.61953125 0.73515625 0.0328125 0.0515625
6 0.68046875 0.75859375 0.0265625 0.0453125
6 0.70546875 0.77265625 0.0265625 0.0421875
6 0.728125 0.77890625 0.03125 0.0421875
6 0.75078125 0.790625 0.0328125 0.040625
6 0.77734375 0.79921875 0.0328125 0.0484375
