6 0.64765625 0.42421875 0.0265625 0.0421875
6 0.7453125 0.21875 0.04375 0.028125
6 0.828125 0.2171875 0.0375 0.01875
6 0.81796875 0.240625 0.0390625 0.021875
6 0.5234375 0.86796875 0.0375 0.0203125
6 0.5234375 0.84375 0.034375 0.021875
6 0.5296875 0.8234375 0.046875 0.025
6 0.53125 0.80703125 0.040625 0.0203125
6 0.53125 0.78828125 0.034375 0.0234375
6 0.6140625 0.846875 0.040625 0.01875
6 0.60859375 0.86953125 0.0359375 0.0203125
6 0.55 0.70078125 0.046875 0.0328125
6 0.54296875 0.72109375 0.0421875 0.0234375
6 0.5421875 0.74296875 0.04375 0.0265625
6 0.53203125 0.76328125 0.0421875 0.0265625
6 0.61875 0.80390625 0.034375 0.0203125
6 0.6125 0.82578125 0.0375 0.0265625
6 0.6953125 0.73046875 0.046875 0.0328125
6 0.74921875 0.74765625 0.0421875 0.0328125
6 0.74375 0.7703125 0.04375 0.03125
6 0.69609375 0.75390625 0.0421875 0.0234375
6 0.7015625 0.77578125 0.034375 0.0203125
6 0.7078125 0.8921875 0.04375 0.025
6 0.70546875 0.9171875 0.0453125 0.025
6 0.7390625 0.2390625 0.046875 0.028125
6 0.6265625 0.31328125 0.05 0.0328125
6 0.759375 0.940625 0.040625 0.034375
6 0.63046875 0.290625 0.0421875 0.025
6 0.84453125 0.1765625 0.0484375 0.0375
6 0.8984375 0.25859375 0.0375 0.0515625
6 0.9453125 0.25234375 0.05 0.0328125
6 0.64296875 0.24609375 0.0390625 0.0359375
6 0.61171875 0.21328125 0.0453125 0.0359375
6 0.6046875 0.23671875 0.040625 0.0265625
6 0.66953125 0.1828125 0.0390625 0.028125
6 0.73046875 0.26171875 0.0453125 0.0265625
6 0.72265625 0.284375 0.0421875 0.028125
6 0.7140625 0.30625 0.04375 0.034375
6 0.70625 0.328125 0.053125 0.03125
6 0.80859375 0.28125 0.0484375 0.025
6 0.81796875 0.253125 0.0421875 0.028125
6 0.54375 0.38125 0.025 0.04375
6 0.584375 0.3984375 0.021875 0.040625
6 0.60703125 0.403125 0.0203125 0.04375
6 0.61796875 0.19609375 0.0421875 0.0296875
6 0.6515625 0.2265625 0.040625 0.03125
6 0.596875 0.26015625 0.0375 0.0265625
6 0.5828125 0.27421875 0.04375 0.0296875
6 0.5765625 0.29921875 0.0375 0.0328125
6 0.63203125 0.2671875 0.0390625 0.03125
6 0.76484375 0.91953125 0.0390625 0.0296875
6 0.7453125 0.7953125 0.0375 0.025
6 0.75390625 0.82421875 0.0421875 0.0234375
6 0.75390625 0.8421875 0.0390625 0.021875
6 0.75625 0.8671875 0.040625 0.021875
6 0.75703125 0.89765625 0.0453125 0.0265625
6 0.890625 0.81328125 0.04375 0.0296875
6 0.88671875 0.83671875 0.0453125 0.0296875
6 0.96796875 0.8484375 0.0453125 0.0375
6 0.96015625 0.86953125 0.0453125 0.0359375
6 0.94609375 0.915625 0.0421875 0.034375
6 0.83671875 0.96875 0.0453125 0.03125
6 0.84140625 0.95 0.0390625 0.034375
6 0.8421875 0.8234375 0.034375 0.03125
6 0.9 0.79296875 0.040625 0.0296875
6 0.9046875 0.775 0.04375 0.034375
6 0.91328125 0.75 0.0421875 0.03125
6 0.92109375 0.725 0.0390625 0.03125
6 0.8828125 0.7125 0.04375 0.028125
6 0.48671875 0.34296875 0.0359375 0.0359375
6 0.46953125 0.3265625 0.0421875 0.034375
6 0.45546875 0.309375 0.0390625 0.03125
6 0.4484375 0.2546875 0.04375 0.01875
6 0.9 0.03671875 0.040625 0.0265625
6 0.89140625 0.05703125 0.0421875 0.0234375
6 0.87890625 0.09296875 0.0421875 0.0265625
6 0.7125 0.0765625 0.04375 0.03125
6 0.70546875 0.0953125 0.0390625 0.025
6 0.696875 0.11796875 0.040625 0.0296875
6 0.68984375 0.140625 0.0359375 0.028125
6 0.58046875 0.0890625 0.0328125 0.040625
6 0.56640625 0.10703125 0.0421875 0.0453125
6 0.62734375 0.16875 0.0390625 0.021875
6 0.51796875 0.159375 0.0328125 0.040625
6 0.49921875 0.17578125 0.0453125 0.0359375
6 0.4875 0.19375 0.046875 0.034375
6 0.45859375 0.23125 0.0421875 0.034375
6 0.928125 0.96015625 0.046875 0.0234375
6 0.91953125 0.97890625 0.0453125 0.0265625
6 0.93515625 0.9375 0.0453125 0.034375
