6 0.6078125 0.8546875 0.01875 0.040625
6 0.6265625 0.8640625 0.028125 0.05
6 0.65234375 0.871875 0.0296875 0.046875
6 0.67421875 0.8828125 0.0296875 0.04375
6 0.8515625 0.9390625 0.028125 0.04375
6 0.8703125 0.946875 0.03125 0.040625
6 0.9265625 0.96953125 0.03125 0.0453125
6 0.4015625 0.45234375 0.03125 0.0453125
6 0.7296875 0.76015625 0.028125 0.0515625
6 0.63984375 0.7265625 0.0328125 0.04375
6 0.75078125 0.77109375 0.0265625 0.0484375
6 0.7703125 0.778125 0.028125 0.04375
6 0.78984375 0.790625 0.0203125 0.046875
6 0.81640625 0.79375 0.0203125 0.046875
6 0.840625 0.8078125 0.028125 0.046875
6 0.85703125 0.809375 0.0265625 0.05
6 0.88125 0.8125 0.028125 0.04375
