4 0.38046875 0.7453125 0.2890625 0.290625
4 0.57109375 0.8203125 0.2078125 0.215625
6 0.503125 0.2296875 0.03125 0.046875
6 0.52265625 0.2328125 0.0328125 0.046875
6 0.54296875 0.24375 0.0328125 0.04375
6 0.66640625 0.0328125 0.0421875 0.034375
6 0.6390625 0.1015625 0.046875 0.03125
6 0.63125 0.12734375 0.0375 0.0265625
6 0.3453125 0.05625 0.025 0.046875
6 0.58984375 0.15234375 0.0328125 0.0453125
6 0.71640625 0.14609375 0.0421875 0.0265625
6 0.39609375 0.18671875 0.0265625 0.0421875
6 0.33671875 0.165625 0.0234375 0.04375
6 0.35703125 0.16875 0.0265625 0.040625
6 0.2703125 0.1328125 0.028125 0.046875
6 0.2140625 0.109375 0.025 0.040625
6 0.1734375 0.09765625 0.021875 0.0421875
6 0.5078125 0.134375 0.03125 0.040625
6 0.5265625 0.1375 0.034375 0.040625
6 0.56171875 0.25078125 0.0359375 0.0421875
