6 0.53984375 0.43046875 0.0265625 0.0515625
6 0.56015625 0.43359375 0.0234375 0.0515625
6 0.578125 0.440625 0.028125 0.05
6 0.5953125 0.60546875 0.028125 0.0421875
6 0.52421875 0.57734375 0.0296875 0.0484375
6 0.57578125 0.5890625 0.0359375 0.053125
6 0.72265625 0.48515625 0.0453125 0.0703125
6 0.484375 0.40625 0.03125 0.046875
6 0.4375 0.39140625 0.034375 0.0484375
6 0.60078125 0.46171875 0.0328125 0.0515625
6 0.5171875 0.4234375 0.034375 0.046875
6 0.365625 0.8765625 0.046875 0.0375
6 0.4421875 0.80390625 0.05 0.0359375
6 0.3125 0.7484375 0.053125 0.034375
6 0.29921875 0.7703125 0.0484375 0.03125
6 0.27421875 0.840625 0.0421875 0.03125
