6 0.1078125 0.8546875 0.01875 0.040625
6 0.1265625 0.8640625 0.028125 0.05
6 0.15234375 0.871875 0.0296875 0.046875
6 0.17421875 0.8828125 0.0296875 0.04375
6 0.3515625 0.9390625 0.028125 0.04375
6 0.3703125 0.946875 0.03125 0.040625
6 0.4265625 0.96953125 0.03125 0.0453125
6 0.2296875 0.76015625 0.028125 0.0515625
6 0.13984375 0.7265625 0.0328125 0.04375
6 0.25078125 0.77109375 0.0265625 0.0484375
6 0.2703125 0.778125 0.028125 0.04375
6 0.28984375 0.790625 0.0203125 0.046875
6 0.31640625 0.79375 0.0203125 0.046875
6 0.340625 0.8078125 0.028125 0.046875
6 0.35703125 0.809375 0.0265625 0.05
6 0.38125 0.8125 0.028125 0.04375
