6 0.696875 0.5734375 0.040625 0.05
6 0.7203125 0.93046875 0.046875 0.0421875
6 0.734375 0.94609375 0.04375 0.0484375
6 0.74609375 0.95703125 0.0421875 0.0390625
6 0.759375 0.97421875 0.040625 0.0421875
6 0.67421875 0.571875 0.0296875 0.04375
6 0.46796875 0.403125 0.0265625 0.040625
6 0.28828125 0.47109375 0.0328125 0.0515625
6 0.32578125 0.44296875 0.0265625 0.0421875
6 0.45078125 0.4015625 0.0265625 0.040625
6 0.49296875 0.4125 0.0328125 0.05
6 0.534375 0.4296875 0.01875 0.040625
6 0.41953125 0.5234375 0.0234375 0.040625
6 0.6125 0.54140625 0.040625 0.0609375
