6 0.3328125 0.0140625 0.04375 0.028125
6 0.2109375 0.1328125 0.034375 0.05
6 0.26328125 0.0140625 0.0453125 0.025
6 0.27109375 0.04609375 0.0453125 0.0359375
6 0.2703125 0.0859375 0.040625 0.028125
6 0.265625 0.06484375 0.04375 0.0328125
6 0.39296875 0.175 0.0390625 0.03125
6 0.4015625 0.15546875 0.040625 0.0296875
6 0.4109375 0.13125 0.040625 0.028125
6 0.41875 0.11484375 0.034375 0.0265625
6 0.2171875 0.04375 0.046875 0.03125
6 0.19140625 0.125 0.0328125 0.046875
6 0.23828125 0.2171875 0.0421875 0.03125
6 0.54765625 0.06796875 0.0421875 0.0328125
6 0.52578125 0.13359375 0.0390625 0.0328125
6 0.51953125 0.15703125 0.0515625 0.0328125
6 0.50234375 0.1703125 0.0453125 0.0375
6 0.490625 0.21875 0.04375 0.03125
6 0.26875 0.11015625 0.04375 0.0328125
6 0.034375 0.06328125 0.03125 0.0453125
6 0.075 0.221875 0.028125 0.046875
6 0.13828125 0.2484375 0.0265625 0.046875
6 0.16171875 0.25234375 0.0296875 0.0453125
6 0.1953125 0.19765625 0.0375 0.0296875
6 0.42578125 0.09921875 0.0421875 0.0296875
6 0.4390625 0.0703125 0.0375 0.03125
6 0.44453125 0.04921875 0.0421875 0.0296875
6 0.62734375 0.46953125 0.0328125 0.0453125
6 0.71796875 0.5046875 0.0265625 0.0375
6 0.45546875 0.0296875 0.0484375 0.028125
6 0.325 0.04296875 0.015625 0.0453125
6 0.55390625 0.04453125 0.0453125 0.0328125
6 0.37265625 0.11328125 0.0453125 0.0359375
6 0.365625 0.13515625 0.046875 0.0328125
6 0.2546875 0.178125 0.046875 0.034375
6 0.60859375 0.46015625 0.0328125 0.0453125
6 0.740625 0.509375 0.025 0.040625
6 0.8453125 0.55625 0.025 0.046875
6 0.34765625 0.32109375 0.0328125 0.0421875
6 0.303125 0.30390625 0.03125 0.0421875
6 0.37890625 0.1015625 0.0421875 0.034375
6 0.5390625 0.0875 0.0375 0.028125
6 0.009375 0.05625 0.01875 0.0375
6 0.05390625 0.07421875 0.0265625 0.0421875
6 0.075 0.084375 0.021875 0.0375
6 0.11953125 0.1015625 0.0296875 0.05
6 0.14453125 0.10234375 0.0265625 0.0515625
6 0.16484375 0.10859375 0.0265625 0.0390625
6 0.2328125 0.1359375 0.025 0.046875
6 0.06171875 0.146875 0.0421875 0.03125
6 0.14140625 0.178125 0.0390625 0.021875
6 0.02890625 0.20078125 0.0296875 0.0515625
6 0.0515625 0.2109375 0.03125 0.04375
6 0.09453125 0.2328125 0.0296875 0.046875
6 0.11953125 0.23515625 0.0328125 0.0515625
6 0.18046875 0.25859375 0.0265625 0.0453125
6 0.20546875 0.27265625 0.0265625 0.0421875
6 0.228125 0.27890625 0.03125 0.0421875
6 0.25078125 0.290625 0.0328125 0.040625
6 0.27734375 0.29921875 0.0328125 0.0484375
6 0.89609375 0.68671875 0.0265625 0.0421875
6 0.83671875 0.665625 0.0234375 0.04375
6 0.85703125 0.66875 0.0265625 0.040625
6 0.7703125 0.6328125 0.028125 0.046875
6 0.7140625 0.609375 0.025 0.040625
6 0.6734375 0.59765625 0.021875 0.0421875
