6 0.64765625 0.92421875 0.0265625 0.0421875
6 0.7453125 0.71875 0.04375 0.028125
6 0.828125 0.7171875 0.0375 0.01875
6 0.81796875 0.740625 0.0390625 0.021875
6 0.7390625 0.7390625 0.046875 0.028125
6 0.6265625 0.81328125 0.05 0.0328125
6 0.63046875 0.790625 0.0421875 0.025
6 0.84453125 0.6765625 0.0484375 0.0375
6 0.8984375 0.75859375 0.0375 0.0515625
6 0.9453125 0.75234375 0.05 0.0328125
6 0.64296875 0.74609375 0.0390625 0.0359375
6 0.61171875 0.71328125 0.0453125 0.0359375
6 0.6046875 0.73671875 0.040625 0.0265625
6 0.66953125 0.6828125 0.0390625 0.028125
6 0.73046875 0.76171875 0.0453125 0.0265625
6 0.72265625 0.784375 0.0421875 0.028125
6 0.7140625 0.80625 0.04375 0.034375
6 0.70625 0.828125 0.053125 0.03125
6 0.80859375 0.78125 0.0484375 0.025
6 0.81796875 0.753125 0.0421875 0.028125
6 0.54375 0.88125 0.025 0.04375
6 0.584375 0.8984375 0.021875 0.040625
6 0.60703125 0.903125 0.0203125 0.04375
6 0.61796875 0.69609375 0.0421875 0.0296875
6 0.6515625 0.7265625 0.040625 0.03125
6 0.596875 0.76015625 0.0375 0.0265625
6 0.5828125 0.77421875 0.04375 0.0296875
6 0.5765625 0.79921875 0.0375 0.0328125
6 0.63203125 0.7671875 0.0390625 0.03125
6 0.48671875 0.84296875 0.0359375 0.0359375
6 0.46953125 0.8265625 0.0421875 0.034375
6 0.45546875 0.809375 0.0390625 0.03125
6 0.4484375 0.7546875 0.04375 0.01875
6 0.7625 0.40078125 0.046875 0.0453125
6 0.86953125 0.403125 0.0421875 0.03125
6 0.84609375 0.4484375 0.0453125 0.028125
6 0.8390625 0.46953125 0.04375 0.0265625
6 0.9 0.53671875 0.040625 0.0265625
6 0.89140625 0.55703125 0.0421875 0.0234375
6 0.87890625 0.59296875 0.0421875 0.0265625
6 0.7125 0.5765625 0.04375 0.03125
6 0.70546875 0.5953125 0.0390625 0.025
6 0.696875 0.61796875 0.040625 0.0296875
6 0.68984375 0.640625 0.0359375 0.028125
6 0.58046875 0.5890625 0.0328125 0.040625
6 0.56640625 0.60703125 0.0421875 0.0453125
6 0.62734375 0.66875 0.0390625 0.021875
6 0.51796875 0.659375 0.0328125 0.040625
6 0.49921875 0.67578125 0.0453125 0.0359375
6 0.4875 0.69375 0.046875 0.034375
6 0.45859375 0.73125 0.0421875 0.034375
