6 0.40546875 0.39140625 0.0453125 0.0296875
6 0.384375 0.4328125 0.04375 0.03125
6 0.36640625 0.47734375 0.0421875 0.0328125
6 0.35859375 0.4984375 0.0453125 0.034375
6 0.34609375 0.52265625 0.0421875 0.0359375
6 0.33203125 0.56875 0.0453125 0.028125
6 0.31953125 0.59375 0.0421875 0.034375
6 0.3 0.63515625 0.040625 0.0296875
6 0.29296875 0.66015625 0.0453125 0.0390625
6 0.16015625 0.71796875 0.0328125 0.0546875
6 0.14140625 0.765625 0.0296875 0.053125
6 0.1625 0.78984375 0.028125 0.0546875
6 0.1203125 0.81171875 0.025 0.0421875
6 0.1078125 0.846875 0.028125 0.046875
6 0.39921875 0.40859375 0.0421875 0.0265625
6 0.41484375 0.3734375 0.0453125 0.034375
6 0.37734375 0.18671875 0.0296875 0.0453125
6 0.41953125 0.34765625 0.0421875 0.0265625
6 0.34609375 0.265625 0.0296875 0.040625
6 0.328125 0.3109375 0.021875 0.040625
6 0.30546875 0.36328125 0.0296875 0.0421875
6 0.2859375 0.421875 0.025 0.05
6 0.27109375 0.45859375 0.0265625 0.0390625
6 0.1890625 0.66171875 0.03125 0.0390625
6 0.21953125 0.5828125 0.0296875 0.04375
6 0.259375 0.4953125 0.028125 0.04375
6 0.240625 0.534375 0.028125 0.046875
6 0.2046875 0.6265625 0.034375 0.046875
6 0.309375 0.6140625 0.04375 0.03125
6 0.33671875 0.54609375 0.0453125 0.0328125
6 0.378125 0.459375 0.04375 0.0375
6 0.4390625 0.30078125 0.05 0.0359375
6 0.44921875 0.28359375 0.0484375 0.0390625
6 0.49296875 0.165625 0.0515625 0.028125
6 0.48828125 0.18984375 0.0359375 0.0234375
6 0.45234375 0.1609375 0.0265625 0.04375
6 0.515625 0.12421875 0.046875 0.0328125
6 0.4765625 0.2078125 0.04375 0.03125
6 0.4640625 0.23359375 0.04375 0.0296875
6 0.45234375 0.25078125 0.0546875 0.0296875
6 0.4265625 0.31875 0.046875 0.03125
6 0.36015625 0.23046875 0.0265625 0.0359375
6 0.49921875 0.140625 0.0453125 0.03125
6 0.4640625 0.1203125 0.025 0.0375
6 0.40078125 0.128125 0.0265625 0.0375
