6 0.8671875 0.45234375 0.0375 0.0171875
6 0.02265625 0.7328125 0.0328125 0.046875
6 0.04296875 0.74375 0.0328125 0.04375
6 0.41015625 0.36015625 0.0296875 0.0484375
6 0.43984375 0.36875 0.0265625 0.040625
6 0.20546875 0.4171875 0.0390625 0.028125
6 0.296875 0.41875 0.046875 0.03125
6 0.1875 0.47890625 0.040625 0.0328125
6 0.16640625 0.5328125 0.0421875 0.034375
6 0.1390625 0.6015625 0.046875 0.03125
6 0.13125 0.62734375 0.0375 0.0265625
6 0.08984375 0.65234375 0.0328125 0.0453125
6 0.21640625 0.64609375 0.0421875 0.0265625
6 0.0265625 0.6375 0.034375 0.040625
6 0.06171875 0.75078125 0.0359375 0.0421875
6 0.83125 0.5546875 0.028125 0.0375
