6 0.90546875 0.39140625 0.0453125 0.0296875
6 0.884375 0.4328125 0.04375 0.03125
6 0.86640625 0.47734375 0.0421875 0.0328125
6 0.85859375 0.4984375 0.0453125 0.034375
6 0.84609375 0.52265625 0.0421875 0.0359375
6 0.83203125 0.56875 0.0453125 0.028125
6 0.81953125 0.59375 0.0421875 0.034375
6 0.8 0.63515625 0.040625 0.0296875
6 0.79296875 0.66015625 0.0453125 0.0390625
6 0.66015625 0.71796875 0.0328125 0.0546875
6 0.64140625 0.765625 0.0296875 0.053125
6 0.6625 0.78984375 0.028125 0.0546875
6 0.6203125 0.81171875 0.025 0.0421875
6 0.6078125 0.846875 0.028125 0.046875
6 0.89921875 0.40859375 0.0421875 0.0265625
6 0.91484375 0.3734375 0.0453125 0.034375
6 0.87734375 0.18671875 0.0296875 0.0453125
6 0.91953125 0.34765625 0.0421875 0.0265625
6 0.84609375 0.265625 0.0296875 0.040625
6 0.828125 0.3109375 0.021875 0.040625
6 0.80546875 0.36328125 0.0296875 0.0421875
6 0.7859375 0.421875 0.025 0.05
6 0.77109375 0.45859375 0.0265625 0.0390625
6 0.6890625 0.66171875 0.03125 0.0390625
6 0.71953125 0.5828125 0.0296875 0.04375
6 0.759375 0.4953125 0.028125 0.04375
6 0.740625 0.534375 0.028125 0.046875
6 0.7046875 0.6265625 0.034375 0.046875
6 0.809375 0.6140625 0.04375 0.03125
6 0.83671875 0.54609375 0.0453125 0.0328125
6 0.878125 0.459375 0.04375 0.0375
6 0.9390625 0.30078125 0.05 0.0359375
6 0.94921875 0.28359375 0.0484375 0.0390625
6 0.95234375 0.1609375 0.0265625 0.04375
6 0.9765625 0.2078125 0.04375 0.03125
6 0.9640625 0.23359375 0.04375 0.0296875
6 0.95234375 0.25078125 0.0546875 0.0296875
6 0.9265625 0.31875 0.046875 0.03125
6 0.86015625 0.23046875 0.0265625 0.0359375
6 0.9640625 0.1203125 0.025 0.0375
6 0.90078125 0.128125 0.0265625 0.0375
