6 0.34609375 0.02265625 0.0421875 0.0359375
6 0.33203125 0.06875 0.0453125 0.028125
6 0.31953125 0.09375 0.0421875 0.034375
6 0.3 0.13515625 0.040625 0.0296875
6 0.29296875 0.16015625 0.0453125 0.0390625
6 0.16015625 0.21796875 0.0328125 0.0546875
6 0.14140625 0.265625 0.0296875 0.053125
6 0.1625 0.28984375 0.028125 0.0546875
6 0.1203125 0.31171875 0.025 0.0421875
6 0.1078125 0.346875 0.028125 0.046875
6 0.1296875 0.61796875 0.05 0.0296875
6 0.140625 0.65 0.05 0.0375
6 0.12265625 0.6828125 0.0359375 0.01875
6 0.11015625 0.71953125 0.0421875 0.0265625
6 0.0828125 0.77578125 0.040625 0.0296875
6 0.07265625 0.80859375 0.0453125 0.0296875
6 0.0421875 0.8765625 0.04375 0.025
6 0.1890625 0.16171875 0.03125 0.0390625
6 0.21953125 0.0828125 0.0296875 0.04375
6 0.240625 0.034375 0.028125 0.046875
6 0.2046875 0.1265625 0.034375 0.046875
6 0.309375 0.1140625 0.04375 0.03125
6 0.33671875 0.04609375 0.0453125 0.0328125
