6 0.6078125 0.3546875 0.01875 0.040625
6 0.6265625 0.3640625 0.028125 0.05
6 0.65234375 0.371875 0.0296875 0.046875
6 0.67421875 0.3828125 0.0296875 0.04375
6 0.8515625 0.4390625 0.028125 0.04375
6 0.8703125 0.446875 0.03125 0.040625
6 0.9265625 0.46953125 0.03125 0.0453125
6 0.94921875 0.48203125 0.0296875 0.0453125
6 0.97421875 0.48671875 0.0328125 0.0546875
6 0.53984375 0.93046875 0.0265625 0.0515625
6 0.56015625 0.93359375 0.0234375 0.0515625
6 0.578125 0.940625 0.028125 0.05
6 0.7296875 0.26015625 0.028125 0.0515625
6 0.63984375 0.2265625 0.0328125 0.04375
6 0.75078125 0.27109375 0.0265625 0.0484375
6 0.7703125 0.278125 0.028125 0.04375
6 0.78984375 0.290625 0.0203125 0.046875
6 0.81640625 0.29375 0.0203125 0.046875
6 0.840625 0.3078125 0.028125 0.046875
6 0.85703125 0.309375 0.0265625 0.05
6 0.88125 0.3125 0.028125 0.04375
6 0.484375 0.90625 0.03125 0.046875
6 0.4375 0.89140625 0.034375 0.0484375
6 0.60078125 0.96171875 0.0328125 0.0515625
6 0.5171875 0.9234375 0.034375 0.046875
