6 0.0234375 0.36796875 0.0375 0.0203125
6 0.0234375 0.34375 0.034375 0.021875
6 0.0296875 0.3234375 0.046875 0.025
6 0.03125 0.30703125 0.040625 0.0203125
6 0.03125 0.28828125 0.034375 0.0234375
6 0.1140625 0.346875 0.040625 0.01875
6 0.10859375 0.36953125 0.0359375 0.0203125
6 0.05 0.20078125 0.046875 0.0328125
6 0.04296875 0.22109375 0.0421875 0.0234375
6 0.0421875 0.24296875 0.04375 0.0265625
6 0.03203125 0.26328125 0.0421875 0.0265625
6 0.11875 0.30390625 0.034375 0.0203125
6 0.1125 0.32578125 0.0375 0.0265625
6 0.1953125 0.23046875 0.046875 0.0328125
6 0.24921875 0.24765625 0.0421875 0.0328125
6 0.24375 0.2703125 0.04375 0.03125
6 0.19609375 0.25390625 0.0421875 0.0234375
6 0.2015625 0.27578125 0.034375 0.0203125
6 0.2078125 0.3921875 0.04375 0.025
6 0.20546875 0.4171875 0.0453125 0.025
6 0.259375 0.440625 0.040625 0.034375
6 0.26484375 0.41953125 0.0390625 0.0296875
6 0.3328125 0.5140625 0.04375 0.028125
6 0.2109375 0.6328125 0.034375 0.05
6 0.2453125 0.2953125 0.0375 0.025
6 0.25390625 0.32421875 0.0421875 0.0234375
6 0.25390625 0.3421875 0.0390625 0.021875
6 0.25625 0.3671875 0.040625 0.021875
6 0.25703125 0.39765625 0.0453125 0.0265625
6 0.26328125 0.5140625 0.0453125 0.025
6 0.27109375 0.54609375 0.0453125 0.0359375
6 0.2703125 0.5859375 0.040625 0.028125
6 0.265625 0.56484375 0.04375 0.0328125
6 0.390625 0.31328125 0.04375 0.0296875
6 0.38671875 0.33671875 0.0453125 0.0296875
6 0.51015625 0.25546875 0.0453125 0.0328125
6 0.53046875 0.3171875 0.0359375 0.028125
6 0.61484375 0.378125 0.0453125 0.034375
6 0.5046875 0.3859375 0.05 0.034375
6 0.490625 0.43359375 0.04375 0.0296875
6 0.46796875 0.3484375 0.0453125 0.0375
6 0.46015625 0.36953125 0.0453125 0.0359375
6 0.44609375 0.415625 0.0421875 0.034375
6 0.39296875 0.675 0.0390625 0.03125
6 0.4015625 0.65546875 0.040625 0.0296875
6 0.4109375 0.63125 0.040625 0.028125
6 0.41875 0.61484375 0.034375 0.0265625
6 0.2171875 0.54375 0.046875 0.03125
6 0.19140625 0.625 0.0328125 0.046875
6 0.33671875 0.46875 0.0453125 0.03125
6 0.23828125 0.7171875 0.0421875 0.03125
6 0.34140625 0.45 0.0390625 0.034375
6 0.3421875 0.3234375 0.034375 0.03125
6 0.4 0.29296875 0.040625 0.0296875
6 0.4046875 0.275 0.04375 0.034375
6 0.41328125 0.25 0.0421875 0.03125
6 0.42109375 0.225 0.0390625 0.03125
6 0.3828125 0.2125 0.04375 0.028125
6 0.4921875 0.3046875 0.0375 0.028125
6 0.48046875 0.32734375 0.0421875 0.0359375
6 0.5140625 0.3640625 0.04375 0.028125
6 0.5515625 0.275 0.04375 0.0375
6 0.6328125 0.33359375 0.046875 0.0328125
6 0.54765625 0.56796875 0.0421875 0.0328125
6 0.52578125 0.63359375 0.0390625 0.0328125
6 0.51953125 0.65703125 0.0515625 0.0328125
6 0.50234375 0.6703125 0.0453125 0.0375
6 0.490625 0.71875 0.04375 0.03125
6 0.26875 0.61015625 0.04375 0.0328125
6 0.034375 0.56328125 0.03125 0.0453125
6 0.075 0.721875 0.028125 0.046875
6 0.13828125 0.7484375 0.0265625 0.046875
6 0.16171875 0.75234375 0.0296875 0.0453125
6 0.1953125 0.69765625 0.0375 0.0296875
6 0.42578125 0.59921875 0.0421875 0.0296875
6 0.4390625 0.5703125 0.0375 0.03125
6 0.44453125 0.54921875 0.0421875 0.0296875
6 0.62734375 0.96953125 0.0328125 0.0453125
6 0.45546875 0.5296875 0.0484375 0.028125
6 0.325 0.54296875 0.015625 0.0453125
6 0.428125 0.46015625 0.046875 0.0234375
6 0.41953125 0.47890625 0.0453125 0.0265625
6 0.55390625 0.54453125 0.0453125 0.0328125
6 0.37265625 0.61328125 0.0453125 0.0359375
6 0.365625 0.63515625 0.046875 0.0328125
6 0.2546875 0.678125 0.046875 0.034375
6 0.58828125 0.45078125 0.0453125 0.0328125
6 0.5828125 0.46796875 0.04375 0.0296875
6 0.59609375 0.4328125 0.0421875 0.03125
6 0.603125 0.40390625 0.040625 0.0296875
6 0.49609375 0.39921875 0.0421875 0.0265625
6 0.49375 0.41328125 0.04375 0.0296875
6 0.60859375 0.96015625 0.0328125 0.0453125
6 0.43515625 0.4375 0.0453125 0.034375
6 0.34765625 0.82109375 0.0328125 0.0421875
6 0.303125 0.80390625 0.03125 0.0421875
6 0.45859375 0.50703125 0.0453125 0.0265625
6 0.37890625 0.6015625 0.0421875 0.034375
6 0.5390625 0.5875 0.0375 0.028125
6 0.009375 0.55625 0.01875 0.0375
6 0.05390625 0.57421875 0.0265625 0.0421875
6 0.075 0.584375 0.021875 0.0375
6 0.11953125 0.6015625 0.0296875 0.05
6 0.14453125 0.60234375 0.0265625 0.0515625
6 0.16484375 0.60859375 0.0265625 0.0390625
6 0.2328125 0.6359375 0.025 0.046875
6 0.06171875 0.646875 0.0421875 0.03125
6 0.14140625 0.678125 0.0390625 0.021875
6 0.02890625 0.70078125 0.0296875 0.0515625
6 0.0515625 0.7109375 0.03125 0.04375
6 0.09453125 0.7328125 0.0296875 0.046875
6 0.11953125 0.73515625 0.0328125 0.0515625
6 0.18046875 0.75859375 0.0265625 0.0453125
6 0.20546875 0.77265625 0.0265625 0.0421875
6 0.228125 0.77890625 0.03125 0.0421875
6 0.25078125 0.790625 0.0328125 0.040625
6 0.27734375 0.79921875 0.0328125 0.0484375
