6 0.71328125 0.78203125 0.0234375 0.0421875
6 0.9453125 0.07421875 0.0375 0.0390625
6 0.93203125 0.05859375 0.0390625 0.0359375
6 0.92109375 0.0390625 0.0359375 0.0375
6 0.90703125 0.02890625 0.0390625 0.0359375
6 0.853125 0.92109375 0.01875 0.0328125
6 0.74921875 0.34453125 0.0328125 0.0328125
6 0.71171875 0.3890625 0.0421875 0.04375
6 0.7640625 0.44453125 0.0375 0.0421875
6 0.746875 0.45546875 0.040625 0.0390625
6 0.73984375 0.48046875 0.0359375 0.0359375
6 0.72890625 0.4953125 0.0359375 0.034375
6 0.59140625 0.66015625 0.0234375 0.0546875
6 0.5703125 0.64296875 0.021875 0.0515625
6 0.55078125 0.62109375 0.0140625 0.0546875
6 0.52890625 0.6015625 0.0296875 0.046875
6 0.509375 0.5875 0.021875 0.046875
6 0.471875 0.5546875 0.021875 0.040625
6 0.2984375 0.38125 0.025 0.04375
6 0.2171875 0.29375 0.015625 0.04375
6 0.325 0.16015625 0.0375 0.0265625
6 0.26640625 0.1796875 0.0390625 0.040625
6 0.23203125 0.14921875 0.0265625 0.0390625
6 0.203125 0.13046875 0.03125 0.0421875
6 0.72265625 0.3671875 0.0421875 0.040625
6 0.771875 0.31640625 0.040625 0.0359375
6 0.8203125 0.39453125 0.0375 0.0390625
6 0.9265625 0.17109375 0.04375 0.0390625
6 0.94765625 0.26171875 0.0390625 0.0453125
6 0.90234375 0.31875 0.0421875 0.04375
6 0.853125 0.37109375 0.04375 0.0453125
6 0.14921875 0.07265625 0.0421875 0.0390625
6 0.18671875 0.05546875 0.0328125 0.0359375
