6 0.296875 0.4671875 0.0125 0.028125
6 0.29453125 0.54453125 0.0140625 0.0390625
6 0.278125 0.54140625 0.015625 0.0421875
6 0.35625 0.4859375 0.0125 0.03125
6 0.33984375 0.48515625 0.0171875 0.0296875
6 0.36953125 0.49140625 0.0171875 0.0328125
6 0.53828125 0.48125 0.0171875 0.0375
6 0.48828125 0.4734375 0.0203125 0.0375
6 0.40390625 0.4578125 0.0140625 0.028125
6 0.38671875 0.45625 0.0109375 0.03125
6 0.3734375 0.45390625 0.015625 0.0359375
6 0.3609375 0.453125 0.015625 0.0375
6 0.34453125 0.45078125 0.0140625 0.0296875
6 0.321875 0.4828125 0.01875 0.028125
6 0.28125 0.46953125 0.015625 0.0296875
6 0.2640625 0.46484375 0.015625 0.0328125
6 0.27265625 0.43359375 0.0140625 0.0390625
6 0.22890625 0.42265625 0.0203125 0.0421875
6 0.309375 0.54765625 0.0125 0.0328125
6 0.32265625 0.55234375 0.0140625 0.0328125
6 0.33984375 0.55078125 0.0140625 0.0359375
6 0.234375 0.77109375 0.01875 0.0359375
6 0.221875 0.459375 0.015625 0.03125
6 0.20546875 0.45234375 0.0171875 0.0390625
6 0.190625 0.45078125 0.01875 0.0359375
6 0.1828125 0.42109375 0.0125 0.0328125
6 0.09921875 0.821875 0.0140625 0.028125
6 0.15234375 0.765625 0.0171875 0.03125
6 0.175 0.73046875 0.01875 0.0328125
6 0.25 0.7796875 0.015625 0.028125
6 0.1453125 0.52109375 0.015625 0.0328125
6 0.26796875 0.78046875 0.0171875 0.0265625
6 0.5265625 0.78046875 0.03125 0.0390625
6 0.16328125 0.5234375 0.0171875 0.03125
6 0.140625 0.55625 0.01875 0.034375
6 0.17421875 0.55859375 0.0171875 0.0359375
6 0.20859375 0.52890625 0.0171875 0.0359375
6 0.17890625 0.5234375 0.0171875 0.034375
6 0.15859375 0.44765625 0.0203125 0.0421875
6 0.3046875 0.43984375 0.0125 0.0296875
6 0.3109375 0.47421875 0.015625 0.0359375
6 0.33125 0.4453125 0.015625 0.034375
6 0.2859375 0.78046875 0.01875 0.0296875
6 0.1703125 0.76328125 0.015625 0.0359375
6 0.15859375 0.73203125 0.0203125 0.0328125
6 0.1453125 0.7328125 0.01875 0.034375
6 0.2015625 0.953125 0.01875 0.034375
6 0.15625 0.9390625 0.0125 0.03125
6 0.215625 0.87578125 0.01875 0.0296875
6 0.20078125 0.8734375 0.0171875 0.03125
6 0.1171875 0.72265625 0.015625 0.0359375
6 0.13828125 0.8609375 0.0140625 0.025
6 0.19140625 0.63125 0.0140625 0.034375
6 0.36953125 0.559375 0.0109375 0.03125
6 0.50625 0.4765625 0.015625 0.03125
6 0.4578125 0.47109375 0.015625 0.0359375
6 0.4421875 0.46796875 0.01875 0.0390625
6 0.40078125 0.49140625 0.0171875 0.0328125
6 0.38515625 0.4875 0.0109375 0.03125
6 0.109375 0.75546875 0.01875 0.0328125
6 0.15390625 0.8640625 0.0203125 0.0375
6 0.20625 0.83984375 0.015625 0.0359375
4 0.65078125 0.88984375 0.0703125 0.0578125
4 0.9421875 0.56015625 0.078125 0.0671875
