6 0.95390625 0.28359375 0.0359375 0.0421875
6 0.49296875 0.44765625 0.0390625 0.0359375
6 0.50625 0.43125 0.040625 0.040625
6 0.48671875 0.025 0.0359375 0.040625
6 0.3140625 0.1015625 0.04375 0.040625
6 0.4796875 0.4625 0.0375 0.040625
6 0.46875 0.47578125 0.0375 0.0390625
6 0.45390625 0.4859375 0.0359375 0.0375
6 0.43984375 0.50078125 0.0390625 0.0390625
6 0.978125 0.2140625 0.040625 0.0375
6 0.96796875 0.3015625 0.0390625 0.0375
6 0.940625 0.27109375 0.034375 0.0390625
6 0.48671875 0.628125 0.0328125 0.034375
6 0.76484375 0.6015625 0.0390625 0.04375
6 0.77109375 0.48671875 0.0453125 0.0390625
