6 0.63671875 0.96484375 0.0390625 0.0359375
6 0.21328125 0.78203125 0.0234375 0.0421875
6 0.94921875 0.6546875 0.0359375 0.0375
6 0.934375 0.6421875 0.034375 0.040625
6 0.9171875 0.6296875 0.040625 0.034375
6 0.86171875 0.55234375 0.0328125 0.0421875
6 0.8421875 0.53359375 0.028125 0.0390625
6 0.8703125 0.21171875 0.04375 0.0453125
6 0.52734375 0.15 0.0390625 0.028125
6 0.49765625 0.12265625 0.0359375 0.0265625
6 0.48203125 0.10703125 0.0453125 0.0328125
6 0.4453125 0.07421875 0.0375 0.0390625
6 0.43203125 0.05859375 0.0390625 0.0359375
6 0.42109375 0.0390625 0.0359375 0.0375
6 0.40703125 0.02890625 0.0390625 0.0359375
6 0.9640625 0.675 0.040625 0.040625
6 0.353125 0.92109375 0.01875 0.0328125
5 0.96640625 0.9296875 0.0515625 0.053125
6 0.9734375 0.0609375 0.0375 0.05
6 0.9765625 0.13046875 0.0375 0.0390625
6 0.94453125 0.096875 0.0328125 0.05
6 0.9109375 0.0578125 0.0375 0.05625
6 0.93515625 0.0265625 0.0390625 0.040625
6 0.24921875 0.34453125 0.0328125 0.0328125
6 0.21171875 0.3890625 0.0421875 0.04375
6 0.2640625 0.44453125 0.0375 0.0421875
6 0.246875 0.45546875 0.040625 0.0390625
6 0.23984375 0.48046875 0.0359375 0.0359375
6 0.22890625 0.4953125 0.0359375 0.034375
6 0.09140625 0.66015625 0.0234375 0.0546875
6 0.0703125 0.64296875 0.021875 0.0515625
6 0.05078125 0.62109375 0.0140625 0.0546875
6 0.02890625 0.6015625 0.0296875 0.046875
6 0.22265625 0.3671875 0.0421875 0.040625
6 0.271875 0.31640625 0.040625 0.0359375
6 0.3203125 0.39453125 0.0375 0.0390625
6 0.7515625 0.43046875 0.028125 0.0484375
6 0.646875 0.328125 0.021875 0.046875
6 0.4265625 0.17109375 0.04375 0.0390625
6 0.44765625 0.26171875 0.0390625 0.0453125
6 0.40234375 0.31875 0.0421875 0.04375
6 0.353125 0.37109375 0.04375 0.0453125
