6 0.29296875 0.909375 0.0359375 0.040625
6 0.27890625 0.92109375 0.0390625 0.0359375
6 0.2640625 0.9375 0.034375 0.0375
6 0.24921875 0.95078125 0.0359375 0.0390625
6 0.575 0.87734375 0.04375 0.0421875
6 0.50859375 0.8875 0.0546875 0.059375
6 0.84140625 0.65546875 0.0390625 0.0234375
6 0.5765625 0.6828125 0.03125 0.03125
6 0.7 0.66171875 0.0375 0.0421875
6 0.68671875 0.471875 0.0328125 0.040625
6 0.621875 0.53515625 0.021875 0.0453125
6 0.5890625 0.55703125 0.0375 0.0328125
6 0.43671875 0.115625 0.0390625 0.0375
6 0.42578125 0.1359375 0.0359375 0.0375
6 0.80078125 0.484375 0.0328125 0.028125
6 0.9625 0.31953125 0.028125 0.0328125
6 0.8953125 0.38671875 0.040625 0.0359375
