6 0.1953125 0.134375 0.028125 0.015625
6 0.275 0.01796875 0.03125 0.0140625
6 0.26875 0.1296875 0.034375 0.0125
6 0.26796875 0.14375 0.0359375 0.0125
6 0.23125 0.20390625 0.015625 0.0296875
6 0.19765625 0.20234375 0.0171875 0.0359375
6 0.09375 0.17421875 0.028125 0.0140625
6 0.16953125 0.12890625 0.0296875 0.0140625
6 0.2078125 0.10078125 0.028125 0.0109375
6 0.17265625 0.1 0.0328125 0.0125
6 0.17734375 0.08203125 0.0328125 0.0109375
6 0.2078125 0.04921875 0.028125 0.0140625
6 0.20546875 0.0203125 0.0296875 0.01875
6 0.1734375 0.0484375 0.03125 0.015625
6 0.171875 0.0625 0.028125 0.0125
6 0.0078125 0.63125 0.015625 0.0375
6 0.0375 0.6359375 0.015625 0.0375
6 0.059375 0.5703125 0.015625 0.03125
6 0.40078125 0.875 0.0203125 0.034375
6 0.16796875 0.6390625 0.0109375 0.0375
6 0.0984375 0.1265625 0.03125 0.015625
6 0.09921875 0.1140625 0.0328125 0.0125
6 0.1 0.08515625 0.040625 0.0109375
6 0.1 0.071875 0.03125 0.0125
6 0.26796875 0.15703125 0.0328125 0.0109375
6 0.17109375 0.03359375 0.0328125 0.0140625
6 0.17265625 0.0171875 0.0328125 0.009375
6 0.1015625 0.05546875 0.03125 0.0109375
6 0.1015625 0.040625 0.034375 0.015625
6 0.09765625 0.14296875 0.0296875 0.0109375
6 0.16875 0.115625 0.034375 0.0125
6 0.18046875 0.2 0.0140625 0.03125
6 0.2671875 0.11328125 0.03125 0.0140625
6 0.2703125 0.0953125 0.03125 0.0125
6 0.2734375 0.065625 0.034375 0.015625
6 0.2703125 0.03671875 0.034375 0.0109375
6 0.37890625 0.07890625 0.0171875 0.0328125
