6 0.7296875 0.26875 0.021875 0.0375
6 0.3421875 0.684375 0.015625 0.034375
6 0.31015625 0.68203125 0.0171875 0.0328125
6 0.26796875 0.68125 0.0140625 0.03125
6 0.40625 0.56796875 0.03125 0.0265625
6 0.40234375 0.4890625 0.0140625 0.034375
6 0.40078125 0.45625 0.0109375 0.0375
6 0.3859375 0.45625 0.0125 0.034375
6 0.340625 0.45390625 0.015625 0.0359375
6 0.29375 0.45390625 0.0125 0.0359375
6 0.2765625 0.45078125 0.009375 0.0328125
6 0.2578125 0.45078125 0.015625 0.0328125
6 0.22421875 0.45234375 0.0140625 0.0359375
6 0.38515625 0.4890625 0.0140625 0.028125
6 0.3703125 0.48828125 0.0125 0.0328125
6 0.35625 0.4875 0.0125 0.0375
6 0.546875 0.39296875 0.0125 0.0328125
6 0.5328125 0.39609375 0.0125 0.0328125
6 0.37734375 0.6390625 0.0328125 0.03125
6 0.4078125 0.64921875 0.03125 0.0171875
6 0.11875 0.67421875 0.015625 0.0359375
6 0.3515625 0.7546875 0.028125 0.03125
6 0.57578125 0.7 0.0359375 0.028125
6 0.75546875 0.6328125 0.0171875 0.034375
6 0.72421875 0.84765625 0.0140625 0.0328125
6 0.6140625 0.8296875 0.034375 0.015625
6 0.3390625 0.8609375 0.034375 0.01875
6 0.53046875 0.7609375 0.0296875 0.03125
6 0.36875 0.7546875 0.028125 0.034375
6 0.3125 0.75078125 0.028125 0.0328125
6 0.16328125 0.67734375 0.0171875 0.0328125
6 0.2640625 0.75703125 0.015625 0.0359375
6 0.21328125 0.7453125 0.0234375 0.03125
6 0.1921875 0.74375 0.028125 0.0375
6 0.16875 0.7421875 0.034375 0.0375
6 0.2859375 0.68359375 0.0125 0.0359375
6 0.2203125 0.678125 0.015625 0.034375
6 0.20546875 0.67890625 0.0140625 0.0265625
6 0.51640625 0.39453125 0.0140625 0.0328125
6 0.50234375 0.39140625 0.0140625 0.0328125
6 0.48671875 0.39140625 0.0140625 0.0359375
6 0.47734375 0.12265625 0.0296875 0.0171875
6 0.56640625 0.19296875 0.0359375 0.0171875
6 0.55546875 0.16171875 0.0359375 0.0171875
6 0.49921875 0.228125 0.0328125 0.01875
6 0.49296875 0.19921875 0.0359375 0.0203125
6 0.48828125 0.1671875 0.0359375 0.021875
6 0.4828125 0.15390625 0.028125 0.0140625
6 0.4796875 0.13828125 0.03125 0.0203125
6 0.4765625 0.10703125 0.03125 0.0140625
6 0.4875 0.1828125 0.034375 0.021875
6 0.5484375 0.0984375 0.0375 0.015625
6 0.47578125 0.0734375 0.0328125 0.0125
6 0.5515625 0.0375 0.03125 0.0125
6 0.4828125 0.0125 0.03125 0.0125
6 0.571875 0.20859375 0.0375 0.0171875
6 0.55234375 0.11875 0.0390625 0.015625
6 0.37265625 0.38359375 0.0171875 0.0359375
6 0.1484375 0.375 0.0125 0.03125
6 0.34375 0.3828125 0.01875 0.03125
6 0.32734375 0.38359375 0.0109375 0.0328125
6 0.3140625 0.384375 0.0125 0.03125
6 0.296875 0.38359375 0.015625 0.0328125
6 0.28125 0.378125 0.0125 0.03125
6 0.184375 0.3796875 0.0125 0.03125
6 0.16640625 0.37578125 0.0109375 0.0359375
6 0.1359375 0.3734375 0.0125 0.03125
6 0.5453125 0.06796875 0.034375 0.0203125
6 0.47578125 0.04453125 0.0328125 0.0203125
6 0.4765625 0.06015625 0.03125 0.0140625
6 0.571875 0.65703125 0.03125 0.0265625
6 0.575 0.615625 0.03125 0.03125
6 0.57734375 0.4453125 0.0359375 0.028125
6 0.58046875 0.484375 0.0265625 0.021875
6 0.2328125 0.74765625 0.025 0.0328125
6 0.571875 0.678125 0.034375 0.03125
6 0.57578125 0.63515625 0.0296875 0.0328125
6 0.51015625 0.7609375 0.0328125 0.040625
6 0.48828125 0.76015625 0.0265625 0.0328125
6 0.39140625 0.75390625 0.0296875 0.0359375
6 0.3328125 0.753125 0.021875 0.028125
6 0.296875 0.7546875 0.021875 0.028125
6 0.37890625 0.61796875 0.0296875 0.0234375
6 0.571875 0.76875 0.03125 0.034375
6 0.37734375 0.596875 0.0265625 0.028125
6 0.575 0.590625 0.034375 0.028125
6 0.57578125 0.5734375 0.0359375 0.028125
6 0.578125 0.54921875 0.028125 0.0265625
6 0.57890625 0.53046875 0.0296875 0.0296875
6 0.57890625 0.50625 0.0328125 0.025
6 0.5890625 0.39296875 0.025 0.0265625
6 0.57109375 0.721875 0.0296875 0.028125
6 0.66328125 0.91953125 0.0359375 0.0359375
