6 0.2296875 0.26875 0.021875 0.0375
6 0.046875 0.39296875 0.0125 0.0328125
6 0.0328125 0.39609375 0.0125 0.0328125
6 0.07578125 0.7 0.0359375 0.028125
6 0.25546875 0.6328125 0.0171875 0.034375
6 0.22421875 0.84765625 0.0140625 0.0328125
6 0.1140625 0.8296875 0.034375 0.015625
6 0.03046875 0.7609375 0.0296875 0.03125
6 0.01640625 0.39453125 0.0140625 0.0328125
6 0.06640625 0.19296875 0.0359375 0.0171875
6 0.05546875 0.16171875 0.0359375 0.0171875
6 0.0484375 0.0984375 0.0375 0.015625
6 0.0515625 0.0375 0.03125 0.0125
6 0.071875 0.20859375 0.0375 0.0171875
6 0.05234375 0.11875 0.0390625 0.015625
6 0.0453125 0.06796875 0.034375 0.0203125
6 0.071875 0.65703125 0.03125 0.0265625
6 0.075 0.615625 0.03125 0.03125
6 0.07734375 0.4453125 0.0359375 0.028125
6 0.9265625 0.3578125 0.01875 0.034375
6 0.08046875 0.484375 0.0265625 0.021875
6 0.071875 0.678125 0.034375 0.03125
6 0.07578125 0.63515625 0.0296875 0.0328125
6 0.071875 0.76875 0.03125 0.034375
6 0.075 0.590625 0.034375 0.028125
6 0.07578125 0.5734375 0.0359375 0.028125
6 0.078125 0.54921875 0.028125 0.0265625
6 0.07890625 0.53046875 0.0296875 0.0296875
6 0.07890625 0.50625 0.0328125 0.025
6 0.0890625 0.39296875 0.025 0.0265625
6 0.07109375 0.721875 0.0296875 0.028125
6 0.16328125 0.91953125 0.0359375 0.0359375
