6 0.3875 0.9515625 0.040625 0.040625
6 0.19375 0.9296875 0.034375 0.0375
6 0.2125 0.915625 0.0375 0.0375
6 0.1265625 0.94453125 0.040625 0.0453125
6 0.1390625 0.9296875 0.040625 0.04375
6 0.15390625 0.91796875 0.0390625 0.0359375
6 0.18359375 0.88984375 0.0390625 0.0390625
6 0.39921875 0.96484375 0.0453125 0.0390625
6 0.3703125 0.93671875 0.04375 0.0421875
6 0.2859375 0.86171875 0.03125 0.0484375
6 0.2515625 0.8265625 0.025 0.04375
6 0.2328125 0.8109375 0.034375 0.0375
6 0.1921875 0.77578125 0.040625 0.0421875
6 0.07890625 0.86796875 0.0390625 0.0390625
6 0.0578125 0.89453125 0.0375 0.0390625
6 0.02734375 0.921875 0.0421875 0.05
6 0.1828125 0.9453125 0.034375 0.0375
6 0.1703125 0.96015625 0.03125 0.0390625
6 0.1578125 0.97578125 0.0375 0.0390625
6 0.0375 0.85625 0.0375 0.05
6 0.10234375 0.97109375 0.0421875 0.0421875
6 0.16875 0.90234375 0.040625 0.0390625
6 0.05546875 0.840625 0.0328125 0.0375
6 0.065625 0.88046875 0.034375 0.0359375
6 0.453125 0.74921875 0.04375 0.0484375
6 0.075 0.37734375 0.04375 0.0421875
6 0.34140625 0.15546875 0.0390625 0.0234375
6 0.0765625 0.1828125 0.03125 0.03125
6 0.2 0.16171875 0.0375 0.0421875
6 0.121875 0.03515625 0.021875 0.0453125
6 0.0890625 0.05703125 0.0375 0.0328125
6 0.9671875 0.0453125 0.04375 0.046875
