6 0.21328125 0.27265625 0.0296875 0.0484375
6 0.58125 0.04765625 0.0375 0.0390625
6 0.5515625 0.0765625 0.053125 0.059375
6 0.50703125 0.24296875 0.0453125 0.0453125
6 0.48984375 0.22578125 0.0359375 0.0390625
6 0.47421875 0.21015625 0.0328125 0.0359375
6 0.45625 0.1984375 0.040625 0.0375
6 0.45234375 0.1765625 0.0421875 0.04375
6 0.43359375 0.16484375 0.0421875 0.0390625
6 0.4203125 0.13671875 0.040625 0.0390625
6 0.39453125 0.11796875 0.0359375 0.0390625
6 0.37890625 0.1015625 0.0359375 0.040625
6 0.51875 0.10859375 0.046875 0.0328125
6 0.48828125 0.134375 0.0359375 0.0375
6 0.509375 0.125 0.0375 0.034375
6 0.4609375 0.02421875 0.034375 0.0328125
6 0.446875 0.0375 0.040625 0.04375
6 0.3625 0.0890625 0.034375 0.0375
