6 0.796875 0.9671875 0.0125 0.028125
6 0.98828125 0.9734375 0.0203125 0.0375
6 0.90390625 0.9578125 0.0140625 0.028125
6 0.88671875 0.95625 0.0109375 0.03125
6 0.8734375 0.95390625 0.015625 0.0359375
6 0.8609375 0.953125 0.015625 0.0375
6 0.84453125 0.95078125 0.0140625 0.0296875
6 0.821875 0.9828125 0.01875 0.028125
6 0.78125 0.96953125 0.015625 0.0296875
6 0.7640625 0.96484375 0.015625 0.0328125
6 0.77265625 0.93359375 0.0140625 0.0390625
6 0.72890625 0.92265625 0.0203125 0.0421875
6 0.721875 0.959375 0.015625 0.03125
6 0.70546875 0.95234375 0.0171875 0.0390625
6 0.690625 0.95078125 0.01875 0.0359375
6 0.6828125 0.92109375 0.0125 0.0328125
6 0.65859375 0.94765625 0.0203125 0.0421875
6 0.8046875 0.93984375 0.0125 0.0296875
6 0.8109375 0.97421875 0.015625 0.0359375
6 0.83125 0.9453125 0.015625 0.034375
6 0.9578125 0.97109375 0.015625 0.0359375
6 0.9421875 0.96796875 0.01875 0.0390625
