6 0.67109375 0.5296875 0.0234375 0.0375
6 0.76796875 0.65 0.0390625 0.0375
6 0.753125 0.66484375 0.0375 0.0328125
6 0.69609375 0.621875 0.0359375 0.0375
6 0.6765625 0.65078125 0.040625 0.0328125
6 0.55390625 0.60390625 0.0359375 0.0203125
6 0.5640625 0.5859375 0.046875 0.021875
6 0.61328125 0.58046875 0.0296875 0.0421875
6 0.63046875 0.5671875 0.0296875 0.040625
6 0.61015625 0.4359375 0.0234375 0.0375
6 0.78046875 0.3390625 0.0390625 0.015625
6 0.5953125 0.4515625 0.028125 0.0375
6 0.43203125 0.45625 0.0421875 0.028125
6 0.290625 0.44765625 0.0375 0.0265625
6 0.41640625 0.471875 0.0421875 0.025
6 0.5484375 0.4453125 0.028125 0.0375
6 0.54453125 0.49765625 0.0265625 0.0359375
6 0.47421875 0.5265625 0.0296875 0.034375
6 0.40546875 0.49140625 0.0390625 0.0171875
6 0.8203125 0.6765625 0.034375 0.034375
6 0.87734375 0.72890625 0.0390625 0.0359375
6 0.61328125 0.715625 0.0359375 0.0375
6 0.75234375 0.48671875 0.0328125 0.0390625
6 0.77265625 0.29765625 0.0421875 0.0203125
6 0.7734375 0.278125 0.0375 0.015625
6 0.77734375 0.259375 0.0328125 0.015625
6 0.8171875 0.23515625 0.03125 0.0171875
6 0.81875 0.2203125 0.034375 0.015625
6 0.8203125 0.20234375 0.028125 0.0140625
6 0.77578125 0.1671875 0.0328125 0.01875
6 0.81796875 0.1671875 0.0328125 0.015625
6 0.81796875 0.14765625 0.0328125 0.0171875
6 0.0296875 0.73984375 0.021875 0.0421875
6 0.77109375 0.5734375 0.0421875 0.040625
6 0.71484375 0.44453125 0.0421875 0.0515625
6 0.728125 0.45703125 0.040625 0.0453125
6 0.7421875 0.47109375 0.040625 0.0453125
6 0.7671875 0.50078125 0.0375 0.0421875
6 0.78359375 0.51484375 0.0359375 0.0390625
6 0.796875 0.52578125 0.0375 0.0328125
6 0.465625 0.421875 0.0375 0.021875
6 0.54375 0.34453125 0.040625 0.0140625
6 0.35625 0.38515625 0.040625 0.0328125
6 0.04765625 0.83125 0.0359375 0.040625
6 0.078125 0.796875 0.0375 0.034375
6 0.78046875 0.3171875 0.0359375 0.01875
6 0.815625 0.26875 0.0375 0.021875
6 0.91953125 0.88203125 0.0203125 0.0546875
6 0.971875 0.69296875 0.025 0.0359375
6 0.91875 0.7265625 0.034375 0.03125
6 0.81875 0.29765625 0.034375 0.0203125
6 0.97578125 0.48203125 0.0390625 0.0171875
6 0.97578125 0.503125 0.0421875 0.021875
6 0.97421875 0.5265625 0.0421875 0.01875
6 0.97734375 0.54375 0.0390625 0.015625
6 0.87421875 0.4234375 0.0328125 0.01875
6 0.9140625 0.484375 0.0375 0.01875
6 0.90859375 0.4625 0.0484375 0.01875
6 0.9078125 0.44453125 0.0375 0.0203125
6 0.9125 0.425 0.034375 0.015625
6 0.91484375 0.390625 0.0390625 0.021875
6 0.91640625 0.17578125 0.0484375 0.0140625
6 0.7828125 0.240625 0.034375 0.01875
6 0.77890625 0.221875 0.0359375 0.015625
6 0.778125 0.2015625 0.0375 0.021875
6 0.7796875 0.1828125 0.034375 0.01875
6 0.821875 0.18359375 0.034375 0.0140625
6 0.815625 0.12578125 0.0375 0.0203125
6 0.82265625 0.3875 0.0328125 0.01875
6 0.8234375 0.40703125 0.034375 0.0140625
6 0.81484375 0.37421875 0.0390625 0.0171875
6 0.815625 0.35859375 0.0375 0.0203125
6 0.8203125 0.33671875 0.034375 0.0171875
6 0.81875 0.3171875 0.040625 0.021875
6 0.8796875 0.38359375 0.03125 0.0140625
6 0.878125 0.365625 0.0375 0.015625
6 0.9109375 0.32421875 0.0375 0.0203125
6 0.91015625 0.3078125 0.0359375 0.01875
6 0.91328125 0.2921875 0.0328125 0.01875
6 0.91015625 0.25390625 0.0359375 0.0140625
6 0.915625 0.23671875 0.040625 0.0171875
6 0.91875 0.21875 0.04375 0.01875
6 0.91953125 0.19765625 0.0453125 0.0171875
6 0.7453125 0.22734375 0.01875 0.0453125
6 0.91796875 0.3703125 0.0421875 0.021875
6 0.9109375 0.34765625 0.04375 0.0203125
6 0.871875 0.3484375 0.0375 0.01875
6 0.9140625 0.27421875 0.034375 0.0171875
6 0.63046875 0.51640625 0.0421875 0.0359375
6 0.64296875 0.4984375 0.0421875 0.0375
