6 0.6921875 0.41171875 0.0375 0.0390625
6 0.678125 0.3953125 0.040625 0.040625
6 0.66328125 0.38046875 0.0390625 0.0453125
6 0.6453125 0.36640625 0.0375 0.0390625
6 0.70625 0.4921875 0.040625 0.0375
6 0.69375 0.47578125 0.040625 0.0390625
6 0.70078125 0.60234375 0.0296875 0.0359375
6 0.18125 0.6984375 0.053125 0.059375
6 0.08125 0.79921875 0.053125 0.0546875
6 0.675 0.9078125 0.0375 0.0375
6 0.61015625 0.84296875 0.0421875 0.0421875
6 0.50078125 0.91796875 0.0390625 0.0390625
6 0.4796875 0.89921875 0.04375 0.0421875
6 0.440625 0.93359375 0.0375 0.0359375
6 0.65078125 0.61171875 0.0328125 0.0359375
6 0.69140625 0.5875 0.0359375 0.040625
6 0.678125 0.45859375 0.040625 0.0421875
6 0.68125 0.578125 0.0375 0.040625
6 0.67109375 0.44609375 0.0390625 0.0390625
6 0.66015625 0.4390625 0.0359375 0.034375
6 0.64765625 0.42578125 0.0328125 0.0390625
6 0.6359375 0.4078125 0.040625 0.040625
6 0.615625 0.3953125 0.040625 0.0375
6 0.6359375 0.5953125 0.04375 0.040625
6 0.621875 0.57734375 0.0375 0.0359375
6 0.6046875 0.5640625 0.040625 0.0375
6 0.58828125 0.5453125 0.0421875 0.04375
6 0.571875 0.53046875 0.034375 0.0359375
6 0.559375 0.51484375 0.034375 0.0328125
6 0.58515625 0.4890625 0.0359375 0.0375
6 0.60390625 0.51015625 0.0390625 0.0359375
6 0.61875 0.52421875 0.040625 0.0390625
6 0.6421875 0.5421875 0.034375 0.034375
6 0.6546875 0.55546875 0.034375 0.0359375
6 0.66875 0.56953125 0.034375 0.0390625
