6 0.2296875 0.76875 0.021875 0.0375
6 0.07578125 0.40703125 0.0328125 0.0203125
6 0.046875 0.89296875 0.0125 0.0328125
6 0.0328125 0.89609375 0.0125 0.0328125
6 0.01640625 0.89453125 0.0140625 0.0328125
6 0.06640625 0.69296875 0.0359375 0.0171875
6 0.05546875 0.66171875 0.0359375 0.0171875
6 0.0484375 0.5984375 0.0375 0.015625
6 0.0515625 0.5375 0.03125 0.0125
6 0.071875 0.70859375 0.0375 0.0171875
6 0.05234375 0.61875 0.0390625 0.015625
6 0.0453125 0.56796875 0.034375 0.0203125
6 0.084375 0.37734375 0.03125 0.0234375
6 0.0828125 0.39609375 0.034375 0.0265625
6 0.0671875 0.45078125 0.03125 0.0203125
6 0.07734375 0.9453125 0.0359375 0.028125
6 0.9265625 0.8578125 0.01875 0.034375
6 0.08046875 0.984375 0.0265625 0.021875
6 0.0890625 0.89296875 0.025 0.0265625
6 0.06171875 0.48046875 0.0296875 0.0140625
6 0.09296875 0.34375 0.0328125 0.021875
6 0.096875 0.33125 0.0375 0.015625
6 0.10859375 0.2234375 0.0328125 0.015625
6 0.02109375 0.35 0.0328125 0.01875
6 0.09921875 0.303125 0.0328125 0.0125
6 0.0984375 0.28828125 0.034375 0.0171875
6 0.1046875 0.26953125 0.034375 0.0140625
6 0.10546875 0.25546875 0.0328125 0.0109375
6 0.10625 0.23828125 0.028125 0.0140625
6 0.10625 0.21171875 0.034375 0.0140625
6 0.10390625 0.190625 0.0328125 0.015625
6 0.02734375 0.28671875 0.0328125 0.0171875
