6 0.271875 0.040625 0.034375 0.040625
6 0.24765625 0.06328125 0.0234375 0.0390625
6 0.121875 0.04609375 0.040625 0.0421875
6 0.59765625 0.31875 0.0453125 0.040625
6 0.725 0.43046875 0.0375 0.0390625
6 0.52890625 0.41640625 0.0421875 0.0390625
6 0.62421875 0.3671875 0.0421875 0.040625
6 0.58671875 0.33671875 0.0421875 0.0359375
6 0.54453125 0.2625 0.0421875 0.034375
6 0.57265625 0.23125 0.0390625 0.0375
6 0.41171875 0.17578125 0.0359375 0.0359375
6 0.42578125 0.15703125 0.0390625 0.0390625
6 0.51015625 0.05625 0.0390625 0.040625
6 0.60859375 0.0203125 0.0359375 0.040625
6 0.5890625 0.0375 0.0375 0.0375
6 0.5765625 0.05390625 0.040625 0.0390625
6 0.5484375 0.02265625 0.0375 0.0453125
6 0.43984375 0.140625 0.0359375 0.040625
6 0.4828125 0.0984375 0.0375 0.0375
6 0.553125 0.07734375 0.0375 0.0421875
6 0.53359375 0.040625 0.0421875 0.04375
6 0.31796875 0.1015625 0.0390625 0.0375
6 0.3484375 0.11484375 0.0375 0.0390625
6 0.41953125 0.04609375 0.0390625 0.0421875
6 0.4046875 0.06015625 0.04375 0.0421875
6 0.4578125 0.1265625 0.0375 0.0375
6 0.58828125 0.2203125 0.0421875 0.0375
6 0.56015625 0.2484375 0.0390625 0.0375
6 0.384375 0.06875 0.040625 0.04375
6 0.37265625 0.0828125 0.0390625 0.040625
6 0.36015625 0.09765625 0.0390625 0.0390625
6 0.74296875 0.0640625 0.0390625 0.040625
6 0.8078125 0.23359375 0.046875 0.0421875
6 0.80703125 0.178125 0.0453125 0.040625
6 0.6765625 0.075 0.0375 0.0375
6 0.62421875 0.12578125 0.0390625 0.0390625
6 0.6125 0.140625 0.040625 0.040625
6 0.5953125 0.1515625 0.04375 0.040625
6 0.58125 0.16796875 0.040625 0.0359375
6 0.621875 0.1828125 0.0375 0.0375
6 0.6 0.20859375 0.0375 0.0421875
6 0.61015625 0.3046875 0.0421875 0.0375
6 0.62265625 0.2875 0.0453125 0.040625
6 0.6390625 0.275 0.04375 0.040625
6 0.6515625 0.259375 0.046875 0.040625
6 0.4625 0.1734375 0.0375 0.046875
6 0.4484375 0.18671875 0.0375 0.0421875
6 0.4375 0.19921875 0.04375 0.0421875
6 0.703125 0.1015625 0.046875 0.046875
6 0.71953125 0.084375 0.0359375 0.0375
6 0.7296875 0.07421875 0.0375 0.0421875
6 0.759375 0.0484375 0.040625 0.04375
6 0.7140625 0.03046875 0.0375 0.0421875
6 0.6953125 0.04609375 0.040625 0.0421875
6 0.68359375 0.0625 0.0390625 0.04375
6 0.68828125 0.11953125 0.0453125 0.0484375
6 0.47578125 0.159375 0.0359375 0.04375
6 0.515625 0.1125 0.040625 0.046875
6 0.91484375 0.540625 0.0421875 0.0375
6 0.92890625 0.5265625 0.0359375 0.0375
6 0.6546875 0.08671875 0.040625 0.0484375
6 0.6390625 0.10703125 0.04375 0.0484375
6 0.66875 0.134375 0.04375 0.046875
6 0.9375 0.215625 0.0375 0.0375
6 0.859375 0.1140625 0.04375 0.04375
6 0.79921875 0.115625 0.0390625 0.04375
6 0.809375 0.09921875 0.034375 0.0390625
6 0.82265625 0.0890625 0.0359375 0.04375
6 0.8359375 0.075 0.0375 0.046875
6 0.85078125 0.0640625 0.0421875 0.040625
6 0.8625 0.0515625 0.04375 0.04375
6 0.96953125 0.071875 0.0390625 0.040625
6 0.84296875 0.13515625 0.0359375 0.0359375
6 0.78984375 0.1359375 0.0390625 0.040625
6 0.77578125 0.14609375 0.0359375 0.0390625
6 0.7640625 0.16015625 0.0375 0.0390625
6 0.75 0.17421875 0.034375 0.0390625
6 0.734375 0.18125 0.0375 0.040625
6 0.72265625 0.19453125 0.0359375 0.0390625
6 0.6796875 0.22578125 0.04375 0.0390625
6 0.665625 0.2421875 0.046875 0.04375
6 0.940625 0.165625 0.034375 0.03125
6 0.92578125 0.2265625 0.0359375 0.0375
6 0.65078125 0.15390625 0.0359375 0.0453125
6 0.8828125 0.2703125 0.040625 0.040625
6 0.6390625 0.1703125 0.040625 0.040625
6 0.6984375 0.27890625 0.0375 0.0390625
6 0.65234375 0.33671875 0.0390625 0.0421875
6 0.8671875 0.403125 0.0375 0.0375
6 0.89453125 0.4296875 0.0390625 0.0375
6 0.865625 0.475 0.0375 0.03125
6 0.8375 0.44296875 0.040625 0.0390625
6 0.73828125 0.3640625 0.0359375 0.040625
6 0.7765625 0.3765625 0.0375 0.040625
6 0.79453125 0.3625 0.0390625 0.040625
6 0.81015625 0.35 0.0390625 0.040625
6 0.83203125 0.328125 0.0390625 0.040625
6 0.8453125 0.3140625 0.046875 0.040625
6 0.8578125 0.296875 0.040625 0.034375
6 0.78515625 0.75078125 0.0453125 0.0421875
6 0.96953125 0.903125 0.0296875 0.03125
6 0.97421875 0.84609375 0.0359375 0.0328125
6 0.93359375 0.86171875 0.0359375 0.0328125
6 0.8953125 0.825 0.0375 0.034375
