6 0.296875 0.9671875 0.0125 0.028125
6 0.48828125 0.9734375 0.0203125 0.0375
6 0.40390625 0.9578125 0.0140625 0.028125
6 0.38671875 0.95625 0.0109375 0.03125
6 0.3734375 0.95390625 0.015625 0.0359375
6 0.3609375 0.953125 0.015625 0.0375
6 0.34453125 0.95078125 0.0140625 0.0296875
6 0.321875 0.9828125 0.01875 0.028125
6 0.28125 0.96953125 0.015625 0.0296875
6 0.2640625 0.96484375 0.015625 0.0328125
6 0.27265625 0.93359375 0.0140625 0.0390625
6 0.22890625 0.92265625 0.0203125 0.0421875
6 0.221875 0.959375 0.015625 0.03125
6 0.20546875 0.95234375 0.0171875 0.0390625
6 0.190625 0.95078125 0.01875 0.0359375
6 0.1828125 0.92109375 0.0125 0.0328125
6 0.15859375 0.94765625 0.0203125 0.0421875
6 0.3046875 0.93984375 0.0125 0.0296875
6 0.3109375 0.97421875 0.015625 0.0359375
6 0.33125 0.9453125 0.015625 0.034375
6 0.50625 0.9765625 0.015625 0.03125
6 0.4578125 0.97109375 0.015625 0.0359375
6 0.4421875 0.96796875 0.01875 0.0390625
