6 0.61171875 0.2625 0.0171875 0.03125
6 0.5078125 0.2640625 0.015625 0.028125
6 0.478125 0.26015625 0.0125 0.0296875
6 0.4484375 0.25859375 0.009375 0.0265625
6 0.41640625 0.259375 0.0140625 0.034375
6 0.3859375 0.2578125 0.0125 0.0375
6 0.7296875 0.29609375 0.028125 0.0171875
6 0.64140625 0.2671875 0.0109375 0.03125
6 0.55078125 0.2640625 0.0140625 0.028125
6 0.53515625 0.2625 0.0140625 0.03125
6 0.4921875 0.26015625 0.015625 0.0328125
6 0.43203125 0.26015625 0.0109375 0.0296875
6 0.4015625 0.25703125 0.0125 0.0328125
6 0.8734375 0.4765625 0.015625 0.034375
