6 0.93203125 0.45625 0.0421875 0.028125
6 0.790625 0.44765625 0.0375 0.0265625
6 0.91640625 0.471875 0.0421875 0.025
6 0.97421875 0.5265625 0.0296875 0.034375
6 0.90546875 0.49140625 0.0390625 0.0171875
6 0.5296875 0.73984375 0.021875 0.0421875
6 0.965625 0.421875 0.0375 0.021875
6 0.85625 0.38515625 0.040625 0.0328125
6 0.54765625 0.83125 0.0359375 0.040625
6 0.578125 0.796875 0.0375 0.034375
6 0.43125 0.959375 0.03125 0.046875
6 0.43125 0.8171875 0.015625 0.04375
6 0.44453125 0.796875 0.0203125 0.04375
6 0.465625 0.78046875 0.0125 0.0453125
6 0.484375 0.7703125 0.025 0.053125
6 0.409375 0.834375 0.01875 0.053125
6 0.39375 0.85546875 0.015625 0.0484375
6 0.37421875 0.8734375 0.0171875 0.053125
6 0.34296875 0.90859375 0.0109375 0.0484375
6 0.278125 0.9671875 0.034375 0.040625
