6 0.5078125 0.13125 0.015625 0.0375
6 0.5375 0.1359375 0.015625 0.0375
6 0.4765625 0.12890625 0.015625 0.0359375
6 0.61171875 0.7625 0.0171875 0.03125
6 0.5078125 0.7640625 0.015625 0.028125
6 0.478125 0.76015625 0.0125 0.0296875
6 0.4484375 0.75859375 0.009375 0.0265625
6 0.41640625 0.759375 0.0140625 0.034375
6 0.3859375 0.7578125 0.0125 0.0375
6 0.7296875 0.79609375 0.028125 0.0171875
6 0.64140625 0.7671875 0.0109375 0.03125
6 0.55078125 0.7640625 0.0140625 0.028125
6 0.559375 0.0703125 0.015625 0.03125
6 0.53515625 0.7625 0.0140625 0.03125
6 0.4921875 0.76015625 0.015625 0.0328125
6 0.43203125 0.76015625 0.0109375 0.0296875
6 0.4015625 0.75703125 0.0125 0.0328125
6 0.8734375 0.9765625 0.015625 0.034375
6 0.90078125 0.375 0.0203125 0.034375
6 0.66796875 0.1390625 0.0109375 0.0375
