6 0.3875 0.4515625 0.040625 0.040625
6 0.19375 0.4296875 0.034375 0.0375
6 0.2125 0.415625 0.0375 0.0375
6 0.1265625 0.44453125 0.040625 0.0453125
6 0.1390625 0.4296875 0.040625 0.04375
6 0.15390625 0.41796875 0.0390625 0.0359375
6 0.18359375 0.38984375 0.0390625 0.0390625
6 0.4125 0.4828125 0.04375 0.04375
6 0.39921875 0.46484375 0.0453125 0.0390625
6 0.3703125 0.43671875 0.04375 0.0421875
6 0.2859375 0.36171875 0.03125 0.0484375
6 0.2515625 0.3265625 0.025 0.04375
6 0.2328125 0.3109375 0.034375 0.0375
6 0.1921875 0.27578125 0.040625 0.0421875
6 0.07890625 0.36796875 0.0390625 0.0390625
6 0.0578125 0.39453125 0.0375 0.0390625
6 0.02734375 0.421875 0.0421875 0.05
6 0.1828125 0.4453125 0.034375 0.0375
6 0.1703125 0.46015625 0.03125 0.0390625
6 0.1578125 0.47578125 0.0375 0.0390625
6 0.14375 0.484375 0.040625 0.04375
6 0.09765625 0.81875 0.0453125 0.040625
6 0.225 0.93046875 0.0375 0.0390625
6 0.02890625 0.91640625 0.0421875 0.0390625
6 0.12421875 0.8671875 0.0421875 0.040625
6 0.08671875 0.83671875 0.0421875 0.0359375
6 0.04453125 0.7625 0.0421875 0.034375
6 0.07265625 0.73125 0.0390625 0.0375
6 0.10859375 0.5203125 0.0359375 0.040625
6 0.0890625 0.5375 0.0375 0.0375
6 0.0765625 0.55390625 0.040625 0.0390625
6 0.0484375 0.52265625 0.0375 0.0453125
6 0.06484375 0.5109375 0.0359375 0.040625
6 0.078125 0.496875 0.0375 0.046875
6 0.128125 0.49921875 0.034375 0.0390625
6 0.0375 0.35625 0.0375 0.05
6 0.053125 0.57734375 0.0375 0.0421875
6 0.03359375 0.540625 0.0421875 0.04375
6 0.09296875 0.4828125 0.0359375 0.040625
6 0.10234375 0.47109375 0.0421875 0.0421875
6 0.16875 0.40234375 0.040625 0.0390625
6 0.05546875 0.340625 0.0328125 0.0375
6 0.065625 0.38046875 0.034375 0.0359375
6 0.08828125 0.7203125 0.0421875 0.0375
6 0.06015625 0.7484375 0.0390625 0.0375
6 0.24296875 0.5640625 0.0390625 0.040625
6 0.3078125 0.73359375 0.046875 0.0421875
6 0.30703125 0.678125 0.0453125 0.040625
6 0.1765625 0.575 0.0375 0.0375
6 0.12421875 0.62578125 0.0390625 0.0390625
6 0.1125 0.640625 0.040625 0.040625
6 0.0953125 0.6515625 0.04375 0.040625
6 0.08125 0.66796875 0.040625 0.0359375
6 0.121875 0.6828125 0.0375 0.0375
6 0.1 0.70859375 0.0375 0.0421875
6 0.453125 0.24921875 0.04375 0.0484375
6 0.11015625 0.8046875 0.0421875 0.0375
6 0.12265625 0.7875 0.0453125 0.040625
6 0.1390625 0.775 0.04375 0.040625
6 0.1515625 0.759375 0.046875 0.040625
6 0.2953125 0.50546875 0.034375 0.0390625
6 0.28203125 0.5171875 0.0359375 0.0375
6 0.203125 0.6015625 0.046875 0.046875
6 0.21953125 0.584375 0.0359375 0.0375
6 0.2296875 0.57421875 0.0375 0.0421875
6 0.259375 0.5484375 0.040625 0.04375
6 0.3140625 0.49765625 0.040625 0.0421875
6 0.2640625 0.47890625 0.040625 0.0453125
6 0.25078125 0.4921875 0.0390625 0.04375
6 0.23984375 0.50703125 0.0359375 0.0390625
6 0.22734375 0.5171875 0.0328125 0.0375
6 0.2140625 0.53046875 0.0375 0.0421875
6 0.1953125 0.54609375 0.040625 0.0421875
6 0.18359375 0.5625 0.0390625 0.04375
6 0.18828125 0.61953125 0.0453125 0.0484375
6 0.69296875 0.75703125 0.0328125 0.0453125
6 0.6578125 0.6453125 0.0375 0.040625
6 0.48046875 0.9734375 0.0390625 0.04375
6 0.63828125 0.58515625 0.0390625 0.0484375
6 0.1546875 0.58671875 0.040625 0.0484375
6 0.1390625 0.60703125 0.04375 0.0484375
6 0.16875 0.634375 0.04375 0.046875
6 0.4375 0.715625 0.0375 0.0375
6 0.359375 0.6140625 0.04375 0.04375
6 0.29921875 0.615625 0.0390625 0.04375
6 0.309375 0.59921875 0.034375 0.0390625
6 0.32265625 0.5890625 0.0359375 0.04375
6 0.3359375 0.575 0.0375 0.046875
6 0.35078125 0.5640625 0.0421875 0.040625
6 0.3625 0.5515625 0.04375 0.04375
6 0.46953125 0.571875 0.0390625 0.040625
6 0.34296875 0.63515625 0.0359375 0.0359375
6 0.28984375 0.6359375 0.0390625 0.040625
6 0.27578125 0.64609375 0.0359375 0.0390625
6 0.2640625 0.66015625 0.0375 0.0390625
6 0.25 0.67421875 0.034375 0.0390625
6 0.234375 0.68125 0.0375 0.040625
6 0.22265625 0.69453125 0.0359375 0.0390625
6 0.1796875 0.72578125 0.04375 0.0390625
6 0.165625 0.7421875 0.046875 0.04375
6 0.440625 0.665625 0.034375 0.03125
6 0.42578125 0.7265625 0.0359375 0.0375
6 0.15078125 0.65390625 0.0359375 0.0453125
6 0.3828125 0.7703125 0.040625 0.040625
6 0.1390625 0.6703125 0.040625 0.040625
6 0.5421875 0.77578125 0.0375 0.0484375
6 0.1984375 0.77890625 0.0375 0.0390625
6 0.15234375 0.83671875 0.0390625 0.0421875
6 0.53046875 0.796875 0.0390625 0.040625
6 0.49453125 0.8390625 0.0453125 0.04375
6 0.3671875 0.903125 0.0375 0.0375
6 0.39453125 0.9296875 0.0390625 0.0375
6 0.365625 0.975 0.0375 0.03125
6 0.3375 0.94296875 0.040625 0.0390625
6 0.23828125 0.8640625 0.0359375 0.040625
6 0.2765625 0.8765625 0.0375 0.040625
6 0.29453125 0.8625 0.0390625 0.040625
6 0.31015625 0.85 0.0390625 0.040625
6 0.33203125 0.828125 0.0390625 0.040625
6 0.3453125 0.8140625 0.046875 0.040625
6 0.3578125 0.796875 0.040625 0.034375
