6 0.796875 0.4671875 0.0125 0.028125
6 0.79453125 0.54453125 0.0140625 0.0390625
6 0.778125 0.54140625 0.015625 0.0421875
6 0.85625 0.4859375 0.0125 0.03125
6 0.83984375 0.48515625 0.0171875 0.0296875
6 0.86953125 0.49140625 0.0171875 0.0328125
6 0.98828125 0.4734375 0.0203125 0.0375
6 0.90390625 0.4578125 0.0140625 0.028125
6 0.88671875 0.45625 0.0109375 0.03125
6 0.8734375 0.45390625 0.015625 0.0359375
6 0.8609375 0.453125 0.015625 0.0375
6 0.84453125 0.45078125 0.0140625 0.0296875
6 0.821875 0.4828125 0.01875 0.028125
6 0.78125 0.46953125 0.015625 0.0296875
6 0.7640625 0.46484375 0.015625 0.0328125
6 0.77265625 0.43359375 0.0140625 0.0390625
6 0.72890625 0.42265625 0.0203125 0.0421875
6 0.809375 0.54765625 0.0125 0.0328125
6 0.82265625 0.55234375 0.0140625 0.0328125
6 0.83984375 0.55078125 0.0140625 0.0359375
6 0.734375 0.77109375 0.01875 0.0359375
6 0.721875 0.459375 0.015625 0.03125
6 0.70546875 0.45234375 0.0171875 0.0390625
6 0.690625 0.45078125 0.01875 0.0359375
6 0.6828125 0.42109375 0.0125 0.0328125
6 0.59921875 0.821875 0.0140625 0.028125
6 0.65234375 0.765625 0.0171875 0.03125
6 0.675 0.73046875 0.01875 0.0328125
6 0.75 0.7796875 0.015625 0.028125
6 0.6453125 0.52109375 0.015625 0.0328125
6 0.76796875 0.78046875 0.0171875 0.0265625
6 0.66328125 0.5234375 0.0171875 0.03125
6 0.640625 0.55625 0.01875 0.034375
6 0.67421875 0.55859375 0.0171875 0.0359375
6 0.70859375 0.52890625 0.0171875 0.0359375
6 0.67890625 0.5234375 0.0171875 0.034375
6 0.65859375 0.44765625 0.0203125 0.0421875
6 0.8046875 0.43984375 0.0125 0.0296875
6 0.8109375 0.47421875 0.015625 0.0359375
6 0.83125 0.4453125 0.015625 0.034375
6 0.7859375 0.78046875 0.01875 0.0296875
6 0.6703125 0.76328125 0.015625 0.0359375
6 0.65859375 0.73203125 0.0203125 0.0328125
6 0.6453125 0.7328125 0.01875 0.034375
6 0.7015625 0.953125 0.01875 0.034375
6 0.65625 0.9390625 0.0125 0.03125
6 0.715625 0.87578125 0.01875 0.0296875
6 0.70078125 0.8734375 0.0171875 0.03125
6 0.6171875 0.72265625 0.015625 0.0359375
6 0.63828125 0.8609375 0.0140625 0.025
6 0.69140625 0.63125 0.0140625 0.034375
6 0.86953125 0.559375 0.0109375 0.03125
6 0.9578125 0.47109375 0.015625 0.0359375
6 0.9421875 0.46796875 0.01875 0.0390625
6 0.90078125 0.49140625 0.0171875 0.0328125
6 0.88515625 0.4875 0.0109375 0.03125
6 0.609375 0.75546875 0.01875 0.0328125
6 0.65390625 0.8640625 0.0203125 0.0375
6 0.70625 0.83984375 0.015625 0.0359375
6 0.16015625 0.52265625 0.0296875 0.0140625
