6 0.596875 0.390625 0.040625 0.04375
5 0.89609375 0.70390625 0.0515625 0.0546875
5 0.875 0.6890625 0.053125 0.059375
5 0.85859375 0.6703125 0.0578125 0.0625
5 0.8421875 0.65390625 0.05625 0.0609375
5 0.8171875 0.621875 0.05625 0.059375
5 0.7953125 0.60625 0.059375 0.0625
6 0.76953125 0.55234375 0.0421875 0.0515625
6 0.62734375 0.42578125 0.0546875 0.0609375
6 0.58203125 0.375 0.0421875 0.046875
6 0.4984375 0.28671875 0.05 0.0515625
6 0.48046875 0.2703125 0.0421875 0.040625
5 0.84609375 0.7515625 0.0578125 0.05625
5 0.8171875 0.73125 0.05625 0.059375
5 0.784375 0.69296875 0.053125 0.0578125
5 0.7625 0.67734375 0.053125 0.0640625
6 0.31796875 0.046875 0.0453125 0.040625
6 0.34453125 0.021875 0.0421875 0.04375
6 0.21953125 0.0296875 0.0390625 0.040625
6 0.15078125 0.8765625 0.0515625 0.05
