6 0.94453125 0.30625 0.0515625 0.05625
6 0.934375 0.2875 0.046875 0.053125
6 0.9140625 0.275 0.04375 0.046875
6 0.90546875 0.2578125 0.0484375 0.05
6 0.88984375 0.25 0.0453125 0.046875
6 0.87578125 0.2390625 0.0390625 0.04375
6 0.86015625 0.225 0.0328125 0.0375
6 0.96171875 0.41484375 0.0359375 0.0359375
6 0.7890625 0.47265625 0.0375 0.0421875
6 0.81171875 0.5015625 0.0390625 0.040625
6 0.696875 0.384375 0.034375 0.034375
6 0.41484375 0.040625 0.0421875 0.0375
6 0.42890625 0.0265625 0.0359375 0.0375
6 0.9578125 0.321875 0.059375 0.05625
6 0.8984375 0.11328125 0.046875 0.0390625
6 0.9109375 0.0984375 0.04375 0.04375
6 0.925 0.0828125 0.04375 0.04375
6 0.971875 0.0375 0.034375 0.04375
6 0.959375 0.0265625 0.034375 0.04375
6 0.9703125 0.18515625 0.05 0.0453125
6 0.93359375 0.065625 0.0390625 0.04375
6 0.87890625 0.3515625 0.0390625 0.034375
6 0.28515625 0.25078125 0.0453125 0.0421875
6 0.9453125 0.8765625 0.04375 0.040625
6 0.88828125 0.81484375 0.0421875 0.0359375
6 0.815625 0.746875 0.0375 0.0375
6 0.7859375 0.71484375 0.0375 0.0328125
6 0.6703125 0.60078125 0.0375 0.0453125
6 0.6453125 0.5734375 0.03125 0.0375
6 0.61484375 0.54296875 0.0328125 0.0390625
6 0.5515625 0.48984375 0.034375 0.0328125
6 0.521875 0.45703125 0.034375 0.0359375
6 0.49609375 0.4296875 0.0359375 0.03125
6 0.46953125 0.403125 0.0296875 0.03125
6 0.55390625 0.42890625 0.0328125 0.0328125
6 0.5046875 0.37421875 0.0375 0.0328125
6 0.47421875 0.34609375 0.0359375 0.0328125
6 0.43359375 0.36171875 0.0359375 0.0328125
6 0.3953125 0.325 0.0375 0.034375
