6 0.60859375 0.1828125 0.0296875 0.0125
6 0.60234375 0.25 0.0265625 0.009375
6 0.6796875 0.95234375 0.03125 0.0171875
6 0.6140625 0.915625 0.0125 0.034375
6 0.5953125 0.9125 0.015625 0.03125
6 0.56640625 0.91171875 0.0171875 0.0421875
6 0.59296875 0.490625 0.0328125 0.015625
6 0.59296875 0.47578125 0.0328125 0.0140625
6 0.5984375 0.3421875 0.034375 0.015625
6 0.6046875 0.240625 0.025 0.009375
6 0.57890625 0.1703125 0.0109375 0.028125
6 0.60390625 0.2265625 0.0296875 0.015625
6 0.590625 0.4609375 0.028125 0.0125
6 0.59609375 0.35859375 0.0296875 0.0109375
6 0.6 0.2609375 0.025 0.0125
6 0.603125 0.21484375 0.025 0.0109375
6 0.60390625 0.19921875 0.0296875 0.0140625
