6 0.9078125 0.26015625 0.040625 0.0203125
6 0.890625 0.3484375 0.028125 0.01875
6 0.89609375 0.315625 0.0328125 0.028125
6 0.90625 0.27421875 0.03125 0.0203125
6 0.9703125 0.3140625 0.025 0.015625
6 0.9734375 0.2984375 0.028125 0.015625
6 0.971875 0.28359375 0.025 0.0140625
6 0.978125 0.27265625 0.03125 0.0203125
6 0.9859375 0.2125 0.025 0.01875
6 0.91640625 0.17265625 0.0328125 0.0140625
6 0.91953125 0.15390625 0.0328125 0.0171875
6 0.07578125 0.90703125 0.0328125 0.0203125
6 0.084375 0.87734375 0.03125 0.0234375
6 0.0828125 0.89609375 0.034375 0.0265625
6 0.0671875 0.95078125 0.03125 0.0203125
6 0.06171875 0.98046875 0.0296875 0.0140625
6 0.09296875 0.84375 0.0328125 0.021875
6 0.096875 0.83125 0.0375 0.015625
6 0.0125 0.48671875 0.01875 0.0359375
6 0.10859375 0.7234375 0.0328125 0.015625
6 0.02109375 0.85 0.0328125 0.01875
6 0.09921875 0.803125 0.0328125 0.0125
6 0.0984375 0.78828125 0.034375 0.0171875
6 0.1046875 0.76953125 0.034375 0.0140625
6 0.10546875 0.75546875 0.0328125 0.0109375
6 0.10625 0.73828125 0.028125 0.0140625
6 0.10625 0.71171875 0.034375 0.0140625
6 0.196875 0.409375 0.03125 0.009375
6 0.10390625 0.690625 0.0328125 0.015625
6 0.02734375 0.78671875 0.0328125 0.0171875
6 0.08671875 0.02109375 0.0109375 0.0265625
6 0.11171875 0.025 0.0109375 0.03125
6 0.1390625 0.02734375 0.015625 0.0328125
6 0.26640625 0.34140625 0.0140625 0.0359375
6 0.075 0.29296875 0.0125 0.0359375
6 0.04453125 0.2921875 0.0140625 0.0375
6 0.025 0.29140625 0.0125 0.0328125
