6 0.6203125 0.271875 0.04375 0.04375
6 0.58046875 0.22578125 0.0359375 0.0546875
6 0.13671875 0.96484375 0.0390625 0.0359375
6 0.44921875 0.6546875 0.0359375 0.0375
6 0.434375 0.6421875 0.034375 0.040625
6 0.4171875 0.6296875 0.040625 0.034375
6 0.36171875 0.55234375 0.0328125 0.0421875
6 0.3421875 0.53359375 0.028125 0.0390625
6 0.3703125 0.21171875 0.04375 0.0453125
6 0.02734375 0.15 0.0390625 0.028125
6 0.4640625 0.675 0.040625 0.040625
5 0.5703125 0.81796875 0.05 0.0578125
6 0.6203125 0.9390625 0.0375 0.0375
6 0.63203125 0.92265625 0.0359375 0.0359375
6 0.6515625 0.91171875 0.0375 0.0390625
6 0.6203125 0.8609375 0.0375 0.0375
5 0.56015625 0.89296875 0.0578125 0.0578125
5 0.60703125 0.8390625 0.0578125 0.04375
5 0.46640625 0.9296875 0.0515625 0.053125
5 0.5203125 0.87421875 0.05625 0.0546875
6 0.54609375 0.1953125 0.0265625 0.05
6 0.54140625 0.1296875 0.0390625 0.05
6 0.50625 0.08984375 0.034375 0.0453125
6 0.4734375 0.0609375 0.0375 0.05
6 0.50546875 0.165625 0.0390625 0.040625
6 0.4765625 0.13046875 0.0375 0.0390625
6 0.44453125 0.096875 0.0328125 0.05
6 0.4109375 0.0578125 0.0375 0.05625
6 0.43515625 0.0265625 0.0390625 0.040625
6 0.2515625 0.43046875 0.028125 0.0484375
6 0.146875 0.328125 0.021875 0.046875
