6 0.63671875 0.46484375 0.0390625 0.0359375
6 0.71328125 0.77265625 0.0296875 0.0484375
6 0.97421875 0.71015625 0.0328125 0.0359375
6 0.95625 0.6984375 0.040625 0.0375
6 0.95234375 0.6765625 0.0421875 0.04375
6 0.21328125 0.28203125 0.0234375 0.0421875
6 0.94921875 0.1546875 0.0359375 0.0375
6 0.934375 0.1421875 0.034375 0.040625
6 0.9171875 0.1296875 0.040625 0.034375
6 0.86171875 0.05234375 0.0328125 0.0421875
6 0.8421875 0.03359375 0.028125 0.0390625
6 0.9640625 0.175 0.040625 0.040625
6 0.353125 0.42109375 0.01875 0.0328125
6 0.93359375 0.66484375 0.0421875 0.0390625
6 0.9203125 0.63671875 0.040625 0.0390625
6 0.89453125 0.61796875 0.0359375 0.0390625
6 0.87890625 0.6015625 0.0359375 0.040625
6 0.9609375 0.52421875 0.034375 0.0328125
6 0.946875 0.5375 0.040625 0.04375
6 0.8625 0.5890625 0.034375 0.0375
5 0.96640625 0.4296875 0.0515625 0.053125
6 0.09140625 0.16015625 0.0234375 0.0546875
6 0.0703125 0.14296875 0.021875 0.0515625
6 0.05078125 0.12109375 0.0140625 0.0546875
6 0.02890625 0.1015625 0.0296875 0.046875
