6 0.9078125 0.76015625 0.040625 0.0203125
6 0.890625 0.8484375 0.028125 0.01875
6 0.89609375 0.815625 0.0328125 0.028125
6 0.90625 0.77421875 0.03125 0.0203125
6 0.9703125 0.8140625 0.025 0.015625
6 0.9734375 0.7984375 0.028125 0.015625
6 0.971875 0.78359375 0.025 0.0140625
6 0.978125 0.77265625 0.03125 0.0203125
6 0.9859375 0.7125 0.025 0.01875
6 0.91640625 0.67265625 0.0328125 0.0140625
6 0.91953125 0.65390625 0.0328125 0.0171875
6 0.196875 0.909375 0.03125 0.009375
6 0.08984375 0.446875 0.0109375 0.034375
6 0.08671875 0.52109375 0.0109375 0.0265625
6 0.11171875 0.525 0.0109375 0.03125
6 0.1390625 0.52734375 0.015625 0.0328125
6 0.14609375 0.4484375 0.0140625 0.028125
6 0.1171875 0.45 0.0125 0.03125
6 0.1046875 0.44296875 0.0125 0.0296875
6 0.0765625 0.44140625 0.009375 0.0296875
6 0.059375 0.44765625 0.0125 0.0328125
6 0.04453125 0.446875 0.0140625 0.034375
6 0.121875 0.346875 0.034375 0.015625
6 0.1265625 0.23203125 0.040625 0.0109375
6 0.26640625 0.84140625 0.0140625 0.0359375
6 0.075 0.79296875 0.0125 0.0359375
6 0.04453125 0.7921875 0.0140625 0.0375
6 0.025 0.79140625 0.0125 0.0328125
