6 0.44453125 0.30625 0.0515625 0.05625
6 0.434375 0.2875 0.046875 0.053125
6 0.4140625 0.275 0.04375 0.046875
6 0.40546875 0.2578125 0.0484375 0.05
6 0.38984375 0.25 0.0453125 0.046875
6 0.37578125 0.2390625 0.0390625 0.04375
6 0.36015625 0.225 0.0328125 0.0375
6 0.55703125 0.31484375 0.0359375 0.0390625
6 0.53984375 0.334375 0.0359375 0.0375
6 0.46171875 0.41484375 0.0359375 0.0359375
6 0.2890625 0.47265625 0.0375 0.0421875
6 0.31171875 0.5015625 0.0390625 0.040625
6 0.196875 0.384375 0.034375 0.034375
6 0.4578125 0.321875 0.059375 0.05625
6 0.3984375 0.11328125 0.046875 0.0390625
6 0.4109375 0.0984375 0.04375 0.04375
6 0.425 0.0828125 0.04375 0.04375
6 0.56328125 0.13828125 0.0390625 0.0421875
6 0.5390625 0.109375 0.034375 0.046875
6 0.52890625 0.09296875 0.0328125 0.0390625
6 0.51328125 0.0828125 0.0328125 0.040625
6 0.4984375 0.06171875 0.034375 0.0390625
6 0.4875 0.05 0.034375 0.040625
6 0.471875 0.0375 0.034375 0.04375
6 0.459375 0.0265625 0.034375 0.04375
6 0.9671875 0.3328125 0.034375 0.05625
6 0.88203125 0.18828125 0.0265625 0.0453125
6 0.86015625 0.1375 0.0359375 0.04375
6 0.71640625 0.228125 0.0421875 0.04375
6 0.50625 0.36640625 0.034375 0.0328125
6 0.484375 0.1671875 0.046875 0.0375
6 0.4703125 0.18515625 0.05 0.0453125
6 0.43359375 0.065625 0.0390625 0.04375
6 0.5546875 0.1203125 0.0375 0.04375
6 0.37890625 0.3515625 0.0390625 0.034375
6 0.60078125 0.93984375 0.0390625 0.0359375
6 0.4453125 0.8765625 0.04375 0.040625
6 0.38828125 0.81484375 0.0421875 0.0359375
6 0.315625 0.746875 0.0375 0.0375
6 0.2859375 0.71484375 0.0375 0.0328125
6 0.1703125 0.60078125 0.0375 0.0453125
6 0.1453125 0.5734375 0.03125 0.0375
6 0.11484375 0.54296875 0.0328125 0.0390625
6 0.0515625 0.48984375 0.034375 0.0328125
6 0.021875 0.45703125 0.034375 0.0359375
6 0.05390625 0.42890625 0.0328125 0.0328125
