6 0.7296875 0.76875 0.021875 0.0375
6 0.57578125 0.40703125 0.0328125 0.0203125
6 0.40078125 0.95625 0.0109375 0.0375
6 0.3859375 0.95625 0.0125 0.034375
6 0.340625 0.95390625 0.015625 0.0359375
6 0.29375 0.95390625 0.0125 0.0359375
6 0.2765625 0.95078125 0.009375 0.0328125
6 0.2578125 0.95078125 0.015625 0.0328125
6 0.22421875 0.95234375 0.0140625 0.0359375
6 0.546875 0.89296875 0.0125 0.0328125
6 0.5328125 0.89609375 0.0125 0.0328125
6 0.51640625 0.89453125 0.0140625 0.0328125
6 0.50234375 0.89140625 0.0140625 0.0328125
6 0.48671875 0.89140625 0.0140625 0.0359375
6 0.47734375 0.62265625 0.0296875 0.0171875
6 0.56640625 0.69296875 0.0359375 0.0171875
6 0.55546875 0.66171875 0.0359375 0.0171875
6 0.49921875 0.728125 0.0328125 0.01875
6 0.49296875 0.69921875 0.0359375 0.0203125
6 0.48828125 0.6671875 0.0359375 0.021875
6 0.4828125 0.65390625 0.028125 0.0140625
6 0.4796875 0.63828125 0.03125 0.0203125
6 0.4765625 0.60703125 0.03125 0.0140625
6 0.4875 0.6828125 0.034375 0.021875
6 0.5484375 0.5984375 0.0375 0.015625
6 0.47578125 0.5734375 0.0328125 0.0125
6 0.5515625 0.5375 0.03125 0.0125
6 0.4828125 0.5125 0.03125 0.0125
6 0.4828125 0.49765625 0.028125 0.0171875
6 0.490625 0.45234375 0.028125 0.0171875
6 0.496875 0.43515625 0.028125 0.0203125
6 0.571875 0.70859375 0.0375 0.0171875
6 0.55234375 0.61875 0.0390625 0.015625
6 0.37265625 0.88359375 0.0171875 0.0359375
6 0.1484375 0.875 0.0125 0.03125
6 0.34375 0.8828125 0.01875 0.03125
6 0.32734375 0.88359375 0.0109375 0.0328125
6 0.3140625 0.884375 0.0125 0.03125
6 0.296875 0.88359375 0.015625 0.0328125
6 0.28125 0.878125 0.0125 0.03125
6 0.184375 0.8796875 0.0125 0.03125
6 0.16640625 0.87578125 0.0109375 0.0359375
6 0.1359375 0.8734375 0.0125 0.03125
6 0.5453125 0.56796875 0.034375 0.0203125
6 0.584375 0.37734375 0.03125 0.0234375
6 0.5828125 0.39609375 0.034375 0.0265625
6 0.5671875 0.45078125 0.03125 0.0203125
6 0.48828125 0.46875 0.0359375 0.01875
6 0.48359375 0.48359375 0.0328125 0.0203125
6 0.47578125 0.54453125 0.0328125 0.0203125
6 0.4765625 0.56015625 0.03125 0.0140625
6 0.57734375 0.9453125 0.0359375 0.028125
6 0.58046875 0.984375 0.0265625 0.021875
6 0.5890625 0.89296875 0.025 0.0265625
6 0.56171875 0.48046875 0.0296875 0.0140625
6 0.59296875 0.34375 0.0328125 0.021875
6 0.596875 0.33125 0.0375 0.015625
6 0.2015625 0.0390625 0.015625 0.034375
6 0.46171875 0.04609375 0.0171875 0.0359375
6 0.60859375 0.2234375 0.0328125 0.015625
6 0.51328125 0.36484375 0.0359375 0.0234375
6 0.52109375 0.35 0.0328125 0.01875
6 0.59921875 0.303125 0.0328125 0.0125
6 0.5984375 0.28828125 0.034375 0.0171875
6 0.6046875 0.26953125 0.034375 0.0140625
6 0.60546875 0.25546875 0.0328125 0.0109375
6 0.60625 0.23828125 0.028125 0.0140625
6 0.60625 0.21171875 0.034375 0.0140625
6 0.60390625 0.190625 0.0328125 0.015625
6 0.52734375 0.28671875 0.0328125 0.0171875
6 0.4453125 0.04375 0.0125 0.034375
6 0.41640625 0.04375 0.0140625 0.028125
6 0.39921875 0.04140625 0.0140625 0.0296875
6 0.38203125 0.03515625 0.0109375 0.0328125
6 0.3640625 0.0390625 0.0125 0.03125
