6 0.6921875 0.2140625 0.01875 0.034375
6 0.634375 0.2140625 0.015625 0.040625
6 0.66796875 0.140625 0.0140625 0.028125
6 0.53125 0.04453125 0.0125 0.0453125
6 0.35234375 0.0171875 0.0171875 0.034375
6 0.3484375 0.2203125 0.01875 0.034375
6 0.75234375 0.2140625 0.0140625 0.034375
6 0.78359375 0.20859375 0.0140625 0.0328125
6 0.815625 0.20625 0.01875 0.034375
6 0.8390625 0.1375 0.0125 0.025
6 0.721875 0.20625 0.015625 0.03125
6 0.859375 0.0375 0.0125 0.0375
6 0.8765625 0.03671875 0.015625 0.0328125
6 0.71171875 0.1015625 0.0140625 0.034375
6 0.759375 0.10703125 0.0125 0.0328125
6 0.7875 0.10703125 0.015625 0.0296875
6 0.80390625 0.10546875 0.0140625 0.0296875
6 0.86875 0.13515625 0.0125 0.0296875
6 0.86015625 0.21171875 0.0203125 0.0296875
6 0.9 0.13515625 0.0125 0.0328125
6 0.915625 0.103125 0.0125 0.028125
6 0.8984375 0.09609375 0.0125 0.0296875
6 0.86640625 0.1 0.0140625 0.034375
6 0.93125 0.0984375 0.015625 0.03125
6 0.9390625 0.20390625 0.015625 0.0390625
6 0.90859375 0.2 0.0140625 0.028125
6 0.040625 0.19453125 0.015625 0.0265625
6 0.090625 0.3140625 0.01875 0.03125
6 0.6828125 0.109375 0.021875 0.03125
6 0.58984375 0.04375 0.0109375 0.034375
6 0.08671875 0.46640625 0.0140625 0.0359375
6 0.55078125 0.1390625 0.0140625 0.0375
6 0.88828125 0.20078125 0.0140625 0.0359375
6 0.915625 0.13515625 0.0125 0.0328125
6 0.8140625 0.0359375 0.015625 0.034375
6 0.74140625 0.03359375 0.0203125 0.0390625
6 0.89609375 0.03359375 0.0140625 0.0359375
6 0.88359375 0.134375 0.0171875 0.03125
6 0.8828125 0.10234375 0.01875 0.0359375
6 0.85 0.1015625 0.0125 0.034375
6 0.8203125 0.13203125 0.015625 0.0328125
6 0.93359375 0.13359375 0.0140625 0.0359375
