6 0.81171875 0.28984375 0.0203125 0.0359375
6 0.7296875 0.27265625 0.021875 0.0328125
6 0.1921875 0.2140625 0.01875 0.034375
6 0.134375 0.2140625 0.015625 0.040625
6 0.16796875 0.140625 0.0140625 0.028125
6 0.03125 0.04453125 0.0125 0.0453125
6 0.25234375 0.2140625 0.0140625 0.034375
6 0.28359375 0.20859375 0.0140625 0.0328125
6 0.315625 0.20625 0.01875 0.034375
6 0.3390625 0.1375 0.0125 0.025
6 0.221875 0.20625 0.015625 0.03125
6 0.359375 0.0375 0.0125 0.0375
6 0.3765625 0.03671875 0.015625 0.0328125
6 0.21171875 0.1015625 0.0140625 0.034375
6 0.259375 0.10703125 0.0125 0.0328125
6 0.2875 0.10703125 0.015625 0.0296875
6 0.30390625 0.10546875 0.0140625 0.0296875
6 0.36875 0.13515625 0.0125 0.0296875
6 0.36015625 0.21171875 0.0203125 0.0296875
6 0.4 0.13515625 0.0125 0.0328125
6 0.415625 0.103125 0.0125 0.028125
6 0.3984375 0.09609375 0.0125 0.0296875
6 0.36640625 0.1 0.0140625 0.034375
6 0.43125 0.0984375 0.015625 0.03125
6 0.4390625 0.20390625 0.015625 0.0390625
6 0.40859375 0.2 0.0140625 0.028125
6 0.1828125 0.109375 0.021875 0.03125
6 0.08984375 0.04375 0.0109375 0.034375
6 0.05078125 0.1390625 0.0140625 0.0375
6 0.38828125 0.20078125 0.0140625 0.0359375
6 0.415625 0.13515625 0.0125 0.0328125
6 0.3140625 0.0359375 0.015625 0.034375
6 0.24140625 0.03359375 0.0203125 0.0390625
6 0.39609375 0.03359375 0.0140625 0.0359375
6 0.38359375 0.134375 0.0171875 0.03125
6 0.3828125 0.10234375 0.01875 0.0359375
6 0.35 0.1015625 0.0125 0.034375
6 0.3203125 0.13203125 0.015625 0.0328125
6 0.43359375 0.13359375 0.0140625 0.0359375
