6 0.28515625 0.3 0.0390625 0.04375
6 0.321875 0.19375 0.040625 0.04375
6 0.375 0.21953125 0.040625 0.0484375
6 0.3859375 0.2375 0.040625 0.040625
6 0.44453125 0.25 0.0359375 0.053125
6 0.415625 0.28046875 0.040625 0.0484375
6 0.36875 0.31796875 0.04375 0.0421875
6 0.35703125 0.33203125 0.0390625 0.0390625
6 0.31953125 0.3703125 0.0390625 0.04375
6 0.23828125 0.2578125 0.0390625 0.04375
6 0.3953125 0.396875 0.0375 0.0375
6 0.1609375 0.1875 0.05 0.046875
6 0.0890625 0.2359375 0.04375 0.040625
6 0.04921875 0.265625 0.0421875 0.04375
6 0.08984375 0.29609375 0.0359375 0.0390625
6 0.1484375 0.35078125 0.040625 0.0453125
6 0.1921875 0.3359375 0.04375 0.04375
6 0.21640625 0.3703125 0.0390625 0.034375
6 0.17578125 0.38203125 0.0421875 0.0421875
6 0.30625 0.1765625 0.034375 0.0375
6 0.28359375 0.240625 0.0421875 0.04375
6 0.23828125 0.09921875 0.0390625 0.0453125
6 0.271875 0.540625 0.034375 0.040625
6 0.24765625 0.56328125 0.0234375 0.0390625
6 0.11640625 0.0765625 0.0359375 0.04375
6 0.33515625 0.3578125 0.0421875 0.04375
6 0.18984375 0.2203125 0.0421875 0.05
6 0.128125 0.33203125 0.034375 0.0359375
6 0.1046875 0.3171875 0.034375 0.040625
6 0.16640625 0.02734375 0.0359375 0.0359375
6 0.4328125 0.10859375 0.034375 0.0421875
6 0.40078125 0.0765625 0.0421875 0.040625
6 0.38984375 0.06015625 0.0390625 0.0421875
6 0.3671875 0.04140625 0.040625 0.0421875
6 0.34921875 0.0265625 0.0390625 0.0375
6 0.08203125 0.40078125 0.0390625 0.0453125
6 0.0640625 0.3890625 0.0375 0.04375
6 0.04921875 0.37421875 0.0390625 0.0390625
6 0.34609375 0.34296875 0.0359375 0.0359375
6 0.3109375 0.27265625 0.0375 0.0390625
6 0.2671875 0.28828125 0.0375 0.0421875
6 0.25078125 0.2734375 0.0390625 0.046875
6 0.22265625 0.25 0.0359375 0.04375
6 0.20546875 0.2328125 0.0390625 0.040625
6 0.178125 0.20390625 0.0375 0.0453125
6 0.12109375 0.14921875 0.0421875 0.0421875
6 0.3984375 0.29765625 0.040625 0.0390625
6 0.33671875 0.20390625 0.0359375 0.0390625
6 0.35546875 0.2140625 0.0359375 0.040625
6 0.4484375 0.125 0.0375 0.0375
6 0.41875 0.0921875 0.034375 0.0375
6 0.28203125 0.14765625 0.0390625 0.0359375
6 0.2921875 0.1625 0.0375 0.0375
6 0.2671875 0.13125 0.0375 0.0375
6 0.25 0.11796875 0.040625 0.0390625
6 0.21953125 0.084375 0.0359375 0.0375
6 0.32890625 0.284375 0.0453125 0.04375
6 0.303125 0.31171875 0.0375 0.0359375
6 0.03515625 0.3625 0.0390625 0.040625
6 0.1484375 0.175 0.040625 0.04375
6 0.18828125 0.39921875 0.0359375 0.0328125
6 0.159375 0.36953125 0.040625 0.0359375
6 0.0765625 0.2890625 0.040625 0.0375
6 0.05859375 0.2796875 0.0359375 0.0375
6 0.2921875 0.40390625 0.034375 0.0328125
6 0.27890625 0.41484375 0.0421875 0.0359375
6 0.2296875 0.39296875 0.0375 0.0328125
6 0.20234375 0.35546875 0.0359375 0.0328125
6 0.17578125 0.32109375 0.0390625 0.0390625
6 0.15859375 0.30625 0.0421875 0.04375
6 0.1421875 0.29375 0.040625 0.04375
6 0.125 0.2796875 0.034375 0.040625
6 0.11484375 0.26484375 0.0390625 0.0421875
6 0.1 0.25390625 0.0375 0.0390625
6 0.06796875 0.221875 0.0359375 0.0375
6 0.1359375 0.16015625 0.0375 0.0359375
6 0.121875 0.54609375 0.040625 0.0421875
6 0.415625 0.37890625 0.0375 0.0421875
6 0.8875 0.4515625 0.040625 0.040625
6 0.69375 0.4296875 0.034375 0.0375
6 0.7125 0.415625 0.0375 0.0375
6 0.6265625 0.44453125 0.040625 0.0453125
6 0.6390625 0.4296875 0.040625 0.04375
6 0.65390625 0.41796875 0.0390625 0.0359375
6 0.68359375 0.38984375 0.0390625 0.0390625
6 0.9125 0.4828125 0.04375 0.04375
6 0.89921875 0.46484375 0.0453125 0.0390625
6 0.8703125 0.43671875 0.04375 0.0421875
6 0.42890625 0.36328125 0.0359375 0.0421875
6 0.7859375 0.36171875 0.03125 0.0484375
6 0.7515625 0.3265625 0.025 0.04375
6 0.7328125 0.3109375 0.034375 0.0375
6 0.6921875 0.27578125 0.040625 0.0421875
6 0.57890625 0.36796875 0.0390625 0.0390625
6 0.5578125 0.39453125 0.0375 0.0390625
6 0.50703125 0.4375 0.0390625 0.046875
6 0.52734375 0.421875 0.0421875 0.05
6 0.6828125 0.4453125 0.034375 0.0375
6 0.6703125 0.46015625 0.03125 0.0390625
6 0.6578125 0.47578125 0.0375 0.0390625
6 0.64375 0.484375 0.040625 0.04375
6 0.59765625 0.81875 0.0453125 0.040625
6 0.725 0.93046875 0.0375 0.0390625
6 0.52890625 0.91640625 0.0421875 0.0390625
6 0.62421875 0.8671875 0.0421875 0.040625
6 0.58671875 0.83671875 0.0421875 0.0359375
6 0.54453125 0.7625 0.0421875 0.034375
6 0.57265625 0.73125 0.0390625 0.0375
6 0.41171875 0.67578125 0.0359375 0.0359375
6 0.42578125 0.65703125 0.0390625 0.0390625
6 0.51015625 0.55625 0.0390625 0.040625
6 0.60859375 0.5203125 0.0359375 0.040625
6 0.5890625 0.5375 0.0375 0.0375
6 0.5765625 0.55390625 0.040625 0.0390625
6 0.5484375 0.52265625 0.0375 0.0453125
6 0.56484375 0.5109375 0.0359375 0.040625
6 0.578125 0.496875 0.0375 0.046875
6 0.628125 0.49921875 0.034375 0.0390625
6 0.5375 0.35625 0.0375 0.05
6 0.51796875 0.3703125 0.0421875 0.046875
6 0.50234375 0.38046875 0.0390625 0.0421875
6 0.43984375 0.640625 0.0359375 0.040625
6 0.4828125 0.5984375 0.0375 0.0375
6 0.553125 0.57734375 0.0375 0.0421875
6 0.53359375 0.540625 0.0421875 0.04375
6 0.31796875 0.6015625 0.0390625 0.0375
6 0.3484375 0.61484375 0.0375 0.0390625
6 0.41953125 0.54609375 0.0390625 0.0421875
6 0.4046875 0.56015625 0.04375 0.0421875
6 0.421875 0.4734375 0.0375 0.0375
6 0.4515625 0.44765625 0.0375 0.0390625
6 0.59296875 0.4828125 0.0359375 0.040625
6 0.60234375 0.47109375 0.0421875 0.0421875
6 0.66875 0.40234375 0.040625 0.0390625
6 0.55546875 0.340625 0.0328125 0.0375
6 0.565625 0.38046875 0.034375 0.0359375
6 0.47890625 0.31171875 0.0421875 0.0421875
6 0.4625 0.3328125 0.0375 0.04375
6 0.44765625 0.35078125 0.0296875 0.0390625
6 0.4578125 0.6265625 0.0375 0.0375
6 0.58828125 0.7203125 0.0421875 0.0375
6 0.48671875 0.3953125 0.0359375 0.0375
6 0.56015625 0.7484375 0.0390625 0.0375
6 0.478125 0.47734375 0.0375 0.0453125
6 0.4625 0.48671875 0.0375 0.0453125
6 0.440625 0.50859375 0.034375 0.0421875
6 0.40390625 0.48515625 0.0390625 0.0453125
6 0.384375 0.56875 0.040625 0.04375
6 0.37265625 0.5828125 0.0390625 0.040625
6 0.36015625 0.59765625 0.0390625 0.0390625
6 0.74296875 0.5640625 0.0390625 0.040625
6 0.8078125 0.73359375 0.046875 0.0421875
6 0.80703125 0.678125 0.0453125 0.040625
6 0.6765625 0.575 0.0375 0.0375
6 0.62421875 0.62578125 0.0390625 0.0390625
6 0.6125 0.640625 0.040625 0.040625
6 0.5953125 0.6515625 0.04375 0.040625
6 0.58125 0.66796875 0.040625 0.0359375
6 0.621875 0.6828125 0.0375 0.0375
6 0.6 0.70859375 0.0375 0.0421875
6 0.1015625 0.09140625 0.040625 0.0421875
6 0.08359375 0.11171875 0.0390625 0.0359375
6 0.06796875 0.128125 0.0390625 0.034375
6 0.0375 0.15625 0.034375 0.0375
6 0.02265625 0.171875 0.0359375 0.0375
6 0.09296875 0.4140625 0.0359375 0.0375
6 0.953125 0.24921875 0.04375 0.0484375
6 0.61015625 0.8046875 0.0421875 0.0375
6 0.62265625 0.7875 0.0453125 0.040625
6 0.6390625 0.775 0.04375 0.040625
6 0.6515625 0.759375 0.046875 0.040625
6 0.7953125 0.50546875 0.034375 0.0390625
6 0.4625 0.6734375 0.0375 0.046875
6 0.4484375 0.68671875 0.0375 0.0421875
6 0.4375 0.69921875 0.04375 0.0421875
6 0.78203125 0.5171875 0.0359375 0.0375
6 0.703125 0.6015625 0.046875 0.046875
6 0.71953125 0.584375 0.0359375 0.0375
6 0.7296875 0.57421875 0.0375 0.0421875
6 0.759375 0.5484375 0.040625 0.04375
6 0.8140625 0.49765625 0.040625 0.0421875
6 0.7640625 0.47890625 0.040625 0.0453125
6 0.75078125 0.4921875 0.0390625 0.04375
6 0.73984375 0.50703125 0.0359375 0.0390625
6 0.72734375 0.5171875 0.0328125 0.0375
6 0.7140625 0.53046875 0.0375 0.0421875
6 0.6953125 0.54609375 0.040625 0.0421875
6 0.68359375 0.5625 0.0390625 0.04375
6 0.68828125 0.61953125 0.0453125 0.0484375
6 0.47578125 0.659375 0.0359375 0.04375
6 0.515625 0.6125 0.040625 0.046875
6 0.6546875 0.58671875 0.040625 0.0484375
6 0.6390625 0.60703125 0.04375 0.0484375
6 0.66875 0.634375 0.04375 0.046875
6 0.9375 0.715625 0.0375 0.0375
6 0.859375 0.6140625 0.04375 0.04375
6 0.79921875 0.615625 0.0390625 0.04375
6 0.809375 0.59921875 0.034375 0.0390625
6 0.82265625 0.5890625 0.0359375 0.04375
6 0.8359375 0.575 0.0375 0.046875
6 0.85078125 0.5640625 0.0421875 0.040625
6 0.8625 0.5515625 0.04375 0.04375
6 0.96953125 0.571875 0.0390625 0.040625
6 0.84296875 0.63515625 0.0359375 0.0359375
6 0.78984375 0.6359375 0.0390625 0.040625
6 0.77578125 0.64609375 0.0359375 0.0390625
6 0.7640625 0.66015625 0.0375 0.0390625
6 0.75 0.67421875 0.034375 0.0390625
6 0.734375 0.68125 0.0375 0.040625
6 0.72265625 0.69453125 0.0359375 0.0390625
6 0.6796875 0.72578125 0.04375 0.0390625
6 0.665625 0.7421875 0.046875 0.04375
6 0.940625 0.665625 0.034375 0.03125
6 0.92578125 0.7265625 0.0359375 0.0375
6 0.65078125 0.65390625 0.0359375 0.0453125
6 0.8828125 0.7703125 0.040625 0.040625
6 0.6390625 0.6703125 0.040625 0.040625
6 0.6984375 0.77890625 0.0375 0.0390625
6 0.65234375 0.83671875 0.0390625 0.0421875
6 0.8671875 0.903125 0.0375 0.0375
6 0.89453125 0.9296875 0.0390625 0.0375
6 0.865625 0.975 0.0375 0.03125
6 0.8375 0.94296875 0.040625 0.0390625
6 0.73828125 0.8640625 0.0359375 0.040625
6 0.7765625 0.8765625 0.0375 0.040625
6 0.79453125 0.8625 0.0390625 0.040625
6 0.81015625 0.85 0.0390625 0.040625
6 0.83203125 0.828125 0.0390625 0.040625
6 0.8453125 0.8140625 0.046875 0.040625
6 0.8578125 0.796875 0.040625 0.034375
