6 0.78515625 0.3 0.0390625 0.04375
6 0.821875 0.19375 0.040625 0.04375
6 0.875 0.21953125 0.040625 0.0484375
6 0.8859375 0.2375 0.040625 0.040625
6 0.94453125 0.25 0.0359375 0.053125
6 0.915625 0.28046875 0.040625 0.0484375
6 0.86875 0.31796875 0.04375 0.0421875
6 0.85703125 0.33203125 0.0390625 0.0390625
6 0.81953125 0.3703125 0.0390625 0.04375
6 0.73828125 0.2578125 0.0390625 0.04375
6 0.8953125 0.396875 0.0375 0.0375
6 0.6609375 0.1875 0.05 0.046875
6 0.5890625 0.2359375 0.04375 0.040625
6 0.54921875 0.265625 0.0421875 0.04375
6 0.58984375 0.29609375 0.0359375 0.0390625
6 0.6484375 0.35078125 0.040625 0.0453125
6 0.6921875 0.3359375 0.04375 0.04375
6 0.71640625 0.3703125 0.0390625 0.034375
6 0.67578125 0.38203125 0.0421875 0.0421875
6 0.80625 0.1765625 0.034375 0.0375
6 0.78359375 0.240625 0.0421875 0.04375
6 0.73828125 0.09921875 0.0390625 0.0453125
6 0.771875 0.540625 0.034375 0.040625
6 0.74765625 0.56328125 0.0234375 0.0390625
6 0.61640625 0.0765625 0.0359375 0.04375
6 0.83515625 0.3578125 0.0421875 0.04375
6 0.68984375 0.2203125 0.0421875 0.05
6 0.628125 0.33203125 0.034375 0.0359375
6 0.6046875 0.3171875 0.034375 0.040625
6 0.50859375 0.1859375 0.0390625 0.040625
6 0.66640625 0.02734375 0.0359375 0.0359375
6 0.9328125 0.10859375 0.034375 0.0421875
6 0.90078125 0.0765625 0.0421875 0.040625
6 0.88984375 0.06015625 0.0390625 0.0421875
6 0.8671875 0.04140625 0.040625 0.0421875
6 0.84921875 0.0265625 0.0390625 0.0375
6 0.58203125 0.40078125 0.0390625 0.0453125
6 0.5640625 0.3890625 0.0375 0.04375
6 0.54921875 0.37421875 0.0390625 0.0390625
6 0.84609375 0.34296875 0.0359375 0.0359375
6 0.8109375 0.27265625 0.0375 0.0390625
6 0.7671875 0.28828125 0.0375 0.0421875
6 0.75078125 0.2734375 0.0390625 0.046875
6 0.72265625 0.25 0.0359375 0.04375
6 0.70546875 0.2328125 0.0390625 0.040625
6 0.678125 0.20390625 0.0375 0.0453125
6 0.62109375 0.14921875 0.0421875 0.0421875
6 0.8984375 0.29765625 0.040625 0.0390625
6 0.83671875 0.20390625 0.0359375 0.0390625
6 0.85546875 0.2140625 0.0359375 0.040625
6 0.9484375 0.125 0.0375 0.0375
6 0.91875 0.0921875 0.034375 0.0375
6 0.78203125 0.14765625 0.0390625 0.0359375
6 0.7921875 0.1625 0.0375 0.0375
6 0.7671875 0.13125 0.0375 0.0375
6 0.75 0.11796875 0.040625 0.0390625
6 0.71953125 0.084375 0.0359375 0.0375
6 0.82890625 0.284375 0.0453125 0.04375
6 0.803125 0.31171875 0.0375 0.0359375
6 0.53515625 0.3625 0.0390625 0.040625
6 0.6484375 0.175 0.040625 0.04375
6 0.45390625 0.28359375 0.0359375 0.0421875
6 0.68828125 0.39921875 0.0359375 0.0328125
6 0.659375 0.36953125 0.040625 0.0359375
6 0.5765625 0.2890625 0.040625 0.0375
6 0.55859375 0.2796875 0.0359375 0.0375
6 0.7921875 0.40390625 0.034375 0.0328125
6 0.77890625 0.41484375 0.0421875 0.0359375
6 0.7296875 0.39296875 0.0375 0.0328125
6 0.70234375 0.35546875 0.0359375 0.0328125
6 0.67578125 0.32109375 0.0390625 0.0390625
6 0.65859375 0.30625 0.0421875 0.04375
6 0.6421875 0.29375 0.040625 0.04375
6 0.625 0.2796875 0.034375 0.040625
6 0.61484375 0.26484375 0.0390625 0.0421875
6 0.6 0.25390625 0.0375 0.0390625
6 0.56796875 0.221875 0.0359375 0.0375
6 0.6359375 0.16015625 0.0375 0.0359375
6 0.621875 0.54609375 0.040625 0.0421875
6 0.915625 0.37890625 0.0375 0.0421875
6 0.92890625 0.36328125 0.0359375 0.0421875
6 0.91171875 0.67578125 0.0359375 0.0359375
6 0.92578125 0.65703125 0.0390625 0.0390625
6 0.93984375 0.640625 0.0359375 0.040625
6 0.81796875 0.6015625 0.0390625 0.0375
6 0.8484375 0.61484375 0.0375 0.0390625
6 0.91953125 0.54609375 0.0390625 0.0421875
6 0.9046875 0.56015625 0.04375 0.0421875
6 0.921875 0.4734375 0.0375 0.0375
6 0.9515625 0.44765625 0.0375 0.0390625
6 0.9625 0.3328125 0.0375 0.04375
6 0.94765625 0.35078125 0.0296875 0.0390625
6 0.9578125 0.6265625 0.0375 0.0375
6 0.978125 0.47734375 0.0375 0.0453125
6 0.9625 0.48671875 0.0375 0.0453125
6 0.940625 0.50859375 0.034375 0.0421875
6 0.90390625 0.48515625 0.0390625 0.0453125
6 0.884375 0.56875 0.040625 0.04375
6 0.87265625 0.5828125 0.0390625 0.040625
6 0.86015625 0.59765625 0.0390625 0.0390625
6 0.6015625 0.09140625 0.040625 0.0421875
6 0.58359375 0.11171875 0.0390625 0.0359375
6 0.56796875 0.128125 0.0390625 0.034375
6 0.5375 0.15625 0.034375 0.0375
6 0.52265625 0.171875 0.0359375 0.0375
6 0.49140625 0.196875 0.0359375 0.040625
6 0.478125 0.2140625 0.040625 0.0375
6 0.59296875 0.4140625 0.0359375 0.0375
6 0.51640625 0.346875 0.0421875 0.040625
6 0.48359375 0.3140625 0.0359375 0.040625
6 0.46796875 0.3015625 0.0390625 0.0375
6 0.440625 0.27109375 0.034375 0.0390625
6 0.26484375 0.6015625 0.0390625 0.04375
6 0.27109375 0.48671875 0.0453125 0.0390625
6 0.9625 0.6734375 0.0375 0.046875
6 0.9484375 0.68671875 0.0375 0.0421875
6 0.9375 0.69921875 0.04375 0.0421875
6 0.97578125 0.659375 0.0359375 0.04375
