6 0.13671875 0.46484375 0.0390625 0.0359375
6 0.21328125 0.77265625 0.0296875 0.0484375
6 0.58125 0.54765625 0.0375 0.0390625
6 0.5515625 0.5765625 0.053125 0.059375
6 0.50703125 0.74296875 0.0453125 0.0453125
6 0.48984375 0.72578125 0.0359375 0.0390625
6 0.47421875 0.71015625 0.0328125 0.0359375
6 0.45625 0.6984375 0.040625 0.0375
6 0.45234375 0.6765625 0.0421875 0.04375
6 0.44921875 0.1546875 0.0359375 0.0375
6 0.434375 0.1421875 0.034375 0.040625
6 0.4171875 0.1296875 0.040625 0.034375
6 0.36171875 0.05234375 0.0328125 0.0421875
6 0.3421875 0.03359375 0.028125 0.0390625
6 0.4640625 0.175 0.040625 0.040625
6 0.43359375 0.66484375 0.0421875 0.0390625
5 0.5703125 0.31796875 0.05 0.0578125
6 0.4203125 0.63671875 0.040625 0.0390625
6 0.39453125 0.61796875 0.0359375 0.0390625
6 0.37890625 0.6015625 0.0359375 0.040625
6 0.6203125 0.4390625 0.0375 0.0375
6 0.63203125 0.42265625 0.0359375 0.0359375
6 0.6515625 0.41171875 0.0375 0.0390625
6 0.6203125 0.3609375 0.0375 0.0375
6 0.51875 0.60859375 0.046875 0.0328125
6 0.48828125 0.634375 0.0359375 0.0375
6 0.509375 0.625 0.0375 0.034375
6 0.4609375 0.52421875 0.034375 0.0328125
6 0.446875 0.5375 0.040625 0.04375
6 0.3625 0.5890625 0.034375 0.0375
5 0.56015625 0.39296875 0.0578125 0.0578125
5 0.60703125 0.3390625 0.0578125 0.04375
5 0.46640625 0.4296875 0.0515625 0.053125
5 0.5203125 0.37421875 0.05625 0.0546875
