6 0.771875 0.040625 0.034375 0.040625
6 0.74765625 0.06328125 0.0234375 0.0390625
6 0.621875 0.04609375 0.040625 0.0421875
6 0.91171875 0.17578125 0.0359375 0.0359375
6 0.92578125 0.15703125 0.0390625 0.0390625
6 0.93984375 0.140625 0.0359375 0.040625
6 0.81796875 0.1015625 0.0390625 0.0375
6 0.8484375 0.11484375 0.0375 0.0390625
6 0.91953125 0.04609375 0.0390625 0.0421875
6 0.9046875 0.06015625 0.04375 0.0421875
6 0.9578125 0.1265625 0.0375 0.0375
6 0.884375 0.06875 0.040625 0.04375
6 0.87265625 0.0828125 0.0390625 0.040625
6 0.86015625 0.09765625 0.0390625 0.0390625
6 0.26484375 0.1015625 0.0390625 0.04375
6 0.096875 0.890625 0.040625 0.04375
6 0.12734375 0.92578125 0.0546875 0.0609375
6 0.08203125 0.875 0.0421875 0.046875
6 0.9625 0.1734375 0.0375 0.046875
6 0.9484375 0.18671875 0.0375 0.0421875
6 0.9375 0.19921875 0.04375 0.0421875
6 0.97578125 0.159375 0.0359375 0.04375
