6 0.97421875 0.0265625 0.0296875 0.034375
6 0.5296875 0.23984375 0.021875 0.0421875
6 0.54765625 0.33125 0.0359375 0.040625
6 0.578125 0.296875 0.0375 0.034375
6 0.28515625 0.9671875 0.0390625 0.040625
6 0.43125 0.459375 0.03125 0.046875
6 0.43125 0.3171875 0.015625 0.04375
6 0.44453125 0.296875 0.0203125 0.04375
6 0.465625 0.28046875 0.0125 0.0453125
6 0.484375 0.2703125 0.025 0.053125
6 0.409375 0.334375 0.01875 0.053125
6 0.39375 0.35546875 0.015625 0.0484375
6 0.37421875 0.3734375 0.0171875 0.053125
6 0.34296875 0.40859375 0.0109375 0.0484375
6 0.278125 0.4671875 0.034375 0.040625
6 0.20859375 0.5328125 0.0359375 0.040625
6 0.15625 0.6125 0.034375 0.040625
