6 0.6953125 0.634375 0.028125 0.015625
6 0.775 0.51796875 0.03125 0.0140625
6 0.77890625 0.4578125 0.0359375 0.015625
6 0.77890625 0.47421875 0.0328125 0.0109375
6 0.76875 0.6296875 0.034375 0.0125
6 0.76796875 0.64375 0.0359375 0.0125
6 0.73125 0.70390625 0.015625 0.0296875
6 0.69765625 0.70234375 0.0171875 0.0359375
6 0.59375 0.67421875 0.028125 0.0140625
6 0.66953125 0.62890625 0.0296875 0.0140625
6 0.7078125 0.60078125 0.028125 0.0109375
6 0.67265625 0.6 0.0328125 0.0125
6 0.67734375 0.58203125 0.0328125 0.0109375
6 0.7078125 0.54921875 0.028125 0.0140625
6 0.70546875 0.5203125 0.0296875 0.01875
6 0.6734375 0.5484375 0.03125 0.015625
6 0.671875 0.5625 0.028125 0.0125
6 0.5984375 0.6265625 0.03125 0.015625
6 0.59921875 0.6140625 0.0328125 0.0125
6 0.6 0.58515625 0.040625 0.0109375
6 0.70546875 0.30234375 0.0296875 0.0109375
6 0.91328125 0.0375 0.0171875 0.0375
6 0.33828125 0.06953125 0.0203125 0.0328125
6 0.534375 0.0765625 0.015625 0.034375
6 0.503125 0.0796875 0.015625 0.034375
6 0.4375 0.0859375 0.01875 0.040625
6 0.5859375 0.409375 0.0375 0.028125
6 0.70859375 0.3234375 0.0328125 0.0125
6 0.59375 0.43515625 0.03125 0.0328125
6 0.6 0.571875 0.03125 0.0125
6 0.76796875 0.65703125 0.0328125 0.0109375
6 0.67109375 0.53359375 0.0328125 0.0140625
6 0.67265625 0.5171875 0.0328125 0.009375
6 0.6015625 0.55546875 0.03125 0.0109375
6 0.6015625 0.540625 0.034375 0.015625
6 0.59765625 0.64296875 0.0296875 0.0109375
6 0.66875 0.615625 0.034375 0.0125
6 0.68046875 0.7 0.0140625 0.03125
6 0.7671875 0.61328125 0.03125 0.0140625
6 0.7828125 0.43046875 0.03125 0.0109375
6 0.7703125 0.5953125 0.03125 0.0125
6 0.7734375 0.565625 0.034375 0.015625
6 0.7703125 0.53671875 0.034375 0.0109375
6 0.77265625 0.50546875 0.0359375 0.0140625
6 0.77734375 0.4921875 0.0328125 0.015625
6 0.7796875 0.44453125 0.028125 0.0109375
6 0.87890625 0.57890625 0.0171875 0.0328125
