6 0.76640625 0.3828125 0.0453125 0.025
6 0.9453125 0.57421875 0.0375 0.0390625
6 0.93203125 0.55859375 0.0390625 0.0359375
6 0.92109375 0.5390625 0.0359375 0.0375
6 0.90703125 0.52890625 0.0390625 0.0359375
6 0.89296875 0.51484375 0.0390625 0.0328125
6 0.875 0.5015625 0.040625 0.034375
6 0.84609375 0.46328125 0.0421875 0.0328125
6 0.8296875 0.4484375 0.046875 0.0375
6 0.80703125 0.43203125 0.0390625 0.0328125
6 0.79453125 0.4125 0.0359375 0.028125
6 0.7578125 0.36953125 0.04375 0.0265625
6 0.74921875 0.84453125 0.0328125 0.0328125
6 0.71171875 0.8890625 0.0421875 0.04375
6 0.7640625 0.94453125 0.0375 0.0421875
6 0.746875 0.95546875 0.040625 0.0390625
6 0.73984375 0.98046875 0.0359375 0.0359375
6 0.2984375 0.88125 0.025 0.04375
6 0.2171875 0.79375 0.015625 0.04375
6 0.325 0.66015625 0.0375 0.0265625
6 0.26640625 0.6796875 0.0390625 0.040625
6 0.23203125 0.64921875 0.0265625 0.0390625
6 0.203125 0.63046875 0.03125 0.0421875
6 0.72265625 0.8671875 0.0421875 0.040625
6 0.771875 0.81640625 0.040625 0.0359375
6 0.08515625 0.509375 0.0453125 0.03125
6 0.8203125 0.89453125 0.0375 0.0390625
6 0.7328125 0.35234375 0.040625 0.0296875
6 0.6359375 0.2859375 0.0375 0.0375
6 0.6265625 0.3359375 0.0375 0.0375
6 0.5953125 0.30390625 0.03125 0.0296875
6 0.55625 0.30234375 0.03125 0.0359375
6 0.5234375 0.25 0.0375 0.034375
6 0.59765625 0.24609375 0.0359375 0.0390625
6 0.56640625 0.21875 0.0359375 0.034375
6 0.525 0.1828125 0.03125 0.034375
6 0.73046875 0.16015625 0.0359375 0.0421875
6 0.51015625 0.16640625 0.0359375 0.0359375
6 0.9265625 0.67109375 0.04375 0.0390625
6 0.94765625 0.76171875 0.0390625 0.0453125
6 0.90234375 0.81875 0.0421875 0.04375
6 0.853125 0.87109375 0.04375 0.0453125
6 0.14921875 0.57265625 0.0421875 0.0390625
6 0.18671875 0.55546875 0.0328125 0.0359375
6 0.11875 0.49375 0.0375 0.034375
6 0.10078125 0.43984375 0.0390625 0.0359375
