6 0.07578125 0.2 0.0359375 0.028125
6 0.25546875 0.1328125 0.0171875 0.034375
6 0.22421875 0.34765625 0.0140625 0.0328125
6 0.1140625 0.3296875 0.034375 0.015625
6 0.03046875 0.2609375 0.0296875 0.03125
6 0.071875 0.15703125 0.03125 0.0265625
6 0.075 0.115625 0.03125 0.03125
6 0.071875 0.178125 0.034375 0.03125
6 0.07578125 0.13515625 0.0296875 0.0328125
6 0.071875 0.26875 0.03125 0.034375
6 0.075 0.090625 0.034375 0.028125
6 0.07578125 0.0734375 0.0359375 0.028125
6 0.078125 0.04921875 0.028125 0.0265625
6 0.07890625 0.03046875 0.0296875 0.0296875
6 0.07109375 0.221875 0.0296875 0.028125
6 0.16328125 0.41953125 0.0359375 0.0359375
6 0.1703125 0.7 0.015625 0.034375
6 0.2265625 0.59609375 0.015625 0.0421875
