6 0.075 0.87734375 0.04375 0.0421875
6 0.34140625 0.65546875 0.0390625 0.0234375
6 0.0765625 0.6828125 0.03125 0.03125
6 0.2 0.66171875 0.0375 0.0421875
6 0.18671875 0.471875 0.0328125 0.040625
6 0.121875 0.53515625 0.021875 0.0453125
6 0.0890625 0.55703125 0.0375 0.0328125
6 0.30078125 0.484375 0.0328125 0.028125
6 0.52890625 0.25625 0.0359375 0.040625
6 0.67265625 0.25625 0.0234375 0.046875
6 0.4625 0.31953125 0.028125 0.0328125
6 0.9671875 0.5453125 0.04375 0.046875
6 0.90390625 0.49140625 0.0359375 0.0421875
6 0.3953125 0.38671875 0.040625 0.0359375
