6 0.17109375 0.5296875 0.0234375 0.0375
6 0.26796875 0.65 0.0390625 0.0375
6 0.253125 0.66484375 0.0375 0.0328125
6 0.19609375 0.621875 0.0359375 0.0375
6 0.1765625 0.65078125 0.040625 0.0328125
6 0.05390625 0.60390625 0.0359375 0.0203125
6 0.0640625 0.5859375 0.046875 0.021875
6 0.11328125 0.58046875 0.0296875 0.0421875
6 0.13046875 0.5671875 0.0296875 0.040625
6 0.11015625 0.4359375 0.0234375 0.0375
6 0.28046875 0.3390625 0.0390625 0.015625
6 0.0953125 0.4515625 0.028125 0.0375
6 0.0484375 0.4453125 0.028125 0.0375
6 0.04453125 0.49765625 0.0265625 0.0359375
6 0.3203125 0.6765625 0.034375 0.034375
6 0.37734375 0.72890625 0.0390625 0.0359375
6 0.11328125 0.715625 0.0359375 0.0375
6 0.25234375 0.48671875 0.0328125 0.0390625
6 0.27265625 0.29765625 0.0421875 0.0203125
6 0.2734375 0.278125 0.0375 0.015625
6 0.27734375 0.259375 0.0328125 0.015625
6 0.3171875 0.23515625 0.03125 0.0171875
6 0.31875 0.2203125 0.034375 0.015625
6 0.3203125 0.20234375 0.028125 0.0140625
6 0.27578125 0.1671875 0.0328125 0.01875
6 0.31796875 0.1671875 0.0328125 0.015625
6 0.31796875 0.14765625 0.0328125 0.0171875
6 0.27109375 0.5734375 0.0421875 0.040625
6 0.21484375 0.44453125 0.0421875 0.0515625
6 0.228125 0.45703125 0.040625 0.0453125
6 0.2421875 0.47109375 0.040625 0.0453125
6 0.2671875 0.50078125 0.0375 0.0421875
6 0.28359375 0.51484375 0.0359375 0.0390625
6 0.296875 0.52578125 0.0375 0.0328125
6 0.04375 0.34453125 0.040625 0.0140625
6 0.28046875 0.3171875 0.0359375 0.01875
6 0.315625 0.26875 0.0375 0.021875
6 0.87265625 0.625 0.0171875 0.053125
6 0.41953125 0.88203125 0.0203125 0.0546875
6 0.471875 0.69296875 0.025 0.0359375
6 0.41875 0.7265625 0.034375 0.03125
6 0.60234375 0.321875 0.0484375 0.021875
6 0.31875 0.29765625 0.034375 0.0203125
6 0.61796875 0.4859375 0.0421875 0.021875
6 0.47578125 0.48203125 0.0390625 0.0171875
6 0.47578125 0.503125 0.0421875 0.021875
6 0.47421875 0.5265625 0.0421875 0.01875
6 0.47734375 0.54375 0.0390625 0.015625
6 0.37421875 0.4234375 0.0328125 0.01875
6 0.4140625 0.484375 0.0375 0.01875
6 0.40859375 0.4625 0.0484375 0.01875
6 0.4078125 0.44453125 0.0375 0.0203125
6 0.4125 0.425 0.034375 0.015625
6 0.41484375 0.390625 0.0390625 0.021875
6 0.48125 0.3484375 0.046875 0.021875
6 0.4921875 0.2703125 0.0375 0.01875
6 0.4921875 0.23984375 0.04375 0.0171875
6 0.4953125 0.15078125 0.065625 0.0296875
6 0.49453125 0.21796875 0.0453125 0.0203125
6 0.41640625 0.17578125 0.0484375 0.0140625
6 0.2828125 0.240625 0.034375 0.01875
6 0.27890625 0.221875 0.0359375 0.015625
6 0.278125 0.2015625 0.0375 0.021875
6 0.2796875 0.1828125 0.034375 0.01875
6 0.321875 0.18359375 0.034375 0.0140625
6 0.315625 0.12578125 0.0375 0.0203125
6 0.32265625 0.3875 0.0328125 0.01875
6 0.3234375 0.40703125 0.034375 0.0140625
6 0.31484375 0.37421875 0.0390625 0.0171875
6 0.315625 0.35859375 0.0375 0.0203125
6 0.3203125 0.33671875 0.034375 0.0171875
6 0.31875 0.3171875 0.040625 0.021875
6 0.49296875 0.290625 0.0390625 0.01875
6 0.48359375 0.38515625 0.0421875 0.0171875
6 0.3796875 0.38359375 0.03125 0.0140625
6 0.48203125 0.40625 0.0421875 0.021875
6 0.378125 0.365625 0.0375 0.015625
6 0.4109375 0.32421875 0.0375 0.0203125
6 0.41015625 0.3078125 0.0359375 0.01875
6 0.41328125 0.2921875 0.0328125 0.01875
6 0.41015625 0.25390625 0.0359375 0.0140625
6 0.415625 0.23671875 0.040625 0.0171875
6 0.41875 0.21875 0.04375 0.01875
6 0.41953125 0.19765625 0.0453125 0.0171875
6 0.2453125 0.22734375 0.01875 0.0453125
6 0.60390625 0.4125 0.0578125 0.034375
6 0.60390625 0.37265625 0.0578125 0.0234375
6 0.41796875 0.3703125 0.0421875 0.021875
6 0.4109375 0.34765625 0.04375 0.0203125
6 0.371875 0.3484375 0.0375 0.01875
6 0.4140625 0.27421875 0.034375 0.0171875
6 0.6234375 0.5421875 0.04375 0.025
6 0.484375 0.42578125 0.04375 0.0171875
6 0.13046875 0.51640625 0.0421875 0.0359375
6 0.14296875 0.4984375 0.0421875 0.0375
