6 0.35703125 0.64765625 0.0359375 0.0390625
6 0.30625 0.66484375 0.034375 0.0390625
6 0.26171875 0.61640625 0.0390625 0.0453125
6 0.328125 0.61328125 0.040625 0.0421875
6 0.3703125 0.66015625 0.040625 0.0421875
6 0.36015625 0.52109375 0.0421875 0.0421875
6 0.70078125 0.10234375 0.0296875 0.0359375
6 0.18125 0.1984375 0.053125 0.059375
6 0.08125 0.29921875 0.053125 0.0546875
6 0.57109375 0.50390625 0.0421875 0.0421875
6 0.675 0.4078125 0.0375 0.0375
6 0.61015625 0.34296875 0.0421875 0.0421875
6 0.50078125 0.41796875 0.0390625 0.0390625
6 0.4796875 0.39921875 0.04375 0.0421875
6 0.440625 0.43359375 0.0375 0.0359375
6 0.4125 0.51171875 0.0375 0.0390625
6 0.4234375 0.525 0.0375 0.034375
6 0.43671875 0.5390625 0.0421875 0.034375
6 0.46640625 0.571875 0.0359375 0.040625
6 0.42109375 0.58203125 0.0328125 0.0421875
6 0.40546875 0.565625 0.0328125 0.040625
6 0.3875 0.55234375 0.0375 0.0390625
6 0.371875 0.5390625 0.0375 0.046875
6 0.65078125 0.11171875 0.0328125 0.0359375
6 0.69140625 0.0875 0.0359375 0.040625
6 0.68125 0.078125 0.0375 0.040625
6 0.6359375 0.0953125 0.04375 0.040625
6 0.621875 0.07734375 0.0375 0.0359375
6 0.6046875 0.0640625 0.040625 0.0375
6 0.58828125 0.0453125 0.0421875 0.04375
6 0.571875 0.03046875 0.034375 0.0359375
6 0.61875 0.02421875 0.040625 0.0390625
6 0.6421875 0.0421875 0.034375 0.034375
6 0.6546875 0.05546875 0.034375 0.0359375
6 0.66875 0.06953125 0.034375 0.0390625
