6 0.76640625 0.8828125 0.0453125 0.025
6 0.84609375 0.96328125 0.0421875 0.0328125
6 0.8296875 0.9484375 0.046875 0.0375
6 0.80703125 0.93203125 0.0390625 0.0328125
6 0.79453125 0.9125 0.0359375 0.028125
6 0.7578125 0.86953125 0.04375 0.0265625
6 0.05703125 0.31484375 0.0359375 0.0390625
6 0.03984375 0.334375 0.0359375 0.0375
6 0.7328125 0.85234375 0.040625 0.0296875
6 0.6359375 0.7859375 0.0375 0.0375
6 0.6265625 0.8359375 0.0375 0.0375
6 0.5953125 0.80390625 0.03125 0.0296875
6 0.55625 0.80234375 0.03125 0.0359375
6 0.5234375 0.75 0.0375 0.034375
6 0.59765625 0.74609375 0.0359375 0.0390625
6 0.56640625 0.71875 0.0359375 0.034375
6 0.525 0.6828125 0.03125 0.034375
6 0.73046875 0.66015625 0.0359375 0.0421875
6 0.51015625 0.66640625 0.0359375 0.0359375
6 0.06328125 0.13828125 0.0390625 0.0421875
6 0.0390625 0.109375 0.034375 0.046875
6 0.02890625 0.09296875 0.0328125 0.0390625
6 0.4671875 0.3328125 0.034375 0.05625
6 0.38203125 0.18828125 0.0265625 0.0453125
6 0.36015625 0.1375 0.0359375 0.04375
6 0.21640625 0.228125 0.0421875 0.04375
6 0.0546875 0.1203125 0.0375 0.04375
6 0.10078125 0.93984375 0.0390625 0.0359375
