6 0.6859375 0.584375 0.01875 0.0375
6 0.59296875 0.58359375 0.0140625 0.0328125
6 0.57734375 0.5875 0.0203125 0.034375
6 0.5609375 0.59140625 0.01875 0.0359375
6 0.53359375 0.6015625 0.0234375 0.03125
6 0.4015625 0.60546875 0.03125 0.0328125
6 0.415625 0.59609375 0.028125 0.0296875
6 0.4453125 0.5625 0.025 0.03125
6 0.49140625 0.53359375 0.0265625 0.0390625
6 0.5109375 0.52421875 0.01875 0.0328125
6 0.55 0.51015625 0.015625 0.0296875
6 0.56640625 0.50859375 0.0203125 0.0328125
6 0.58125 0.5078125 0.015625 0.034375
6 0.7390625 0.51015625 0.0125 0.0328125
6 0.7078125 0.5078125 0.0125 0.028125
6 0.6171875 0.50390625 0.0125 0.0265625
6 0.6328125 0.50234375 0.0125 0.0296875
6 0.7046875 0.58671875 0.0125 0.0328125
6 0.71640625 0.5859375 0.0109375 0.03125
6 0.7328125 0.59140625 0.015625 0.0328125
6 0.434375 0.5734375 0.025 0.028125
6 0.4921875 0.62890625 0.03125 0.0328125
6 0.4796875 0.63984375 0.028125 0.0328125
6 0.46875 0.6546875 0.034375 0.03125
6 0.35625 0.6484375 0.025 0.028125
6 0.36953125 0.634375 0.0296875 0.03125
6 0.38125 0.621875 0.028125 0.03125
6 0.42265625 0.5828125 0.0296875 0.028125
6 0.4609375 0.553125 0.028125 0.03125
6 0.76328125 0.58828125 0.0140625 0.0328125
6 0.47421875 0.54375 0.0234375 0.034375
6 0.534375 0.515625 0.025 0.034375
6 0.5984375 0.50859375 0.015625 0.0328125
6 0.65 0.5046875 0.015625 0.0375
6 0.94453125 0.5484375 0.0140625 0.034375
6 0.75703125 0.51796875 0.0140625 0.0359375
6 0.36015625 0.9734375 0.0109375 0.028125
6 0.503125 0.62265625 0.028125 0.0328125
6 0.51875 0.61328125 0.028125 0.0328125
6 0.54375 0.596875 0.028125 0.034375
6 0.609375 0.58671875 0.021875 0.0359375
6 0.44140625 0.975 0.0140625 0.03125
6 0.42265625 0.97734375 0.0171875 0.0296875
6 0.40703125 0.978125 0.0171875 0.040625
6 0.39140625 0.97578125 0.0140625 0.0359375
6 0.3765625 0.97421875 0.0125 0.0328125
6 0.34609375 0.97421875 0.0171875 0.0328125
6 0.74765625 0.590625 0.0140625 0.034375
6 0.64375 0.584375 0.025 0.040625
6 0.625 0.5828125 0.015625 0.0375
