6 0.26640625 0.8828125 0.0453125 0.025
6 0.34609375 0.96328125 0.0421875 0.0328125
6 0.82421875 0.96875 0.0265625 0.046875
6 0.3296875 0.9484375 0.046875 0.0375
6 0.30703125 0.93203125 0.0390625 0.0328125
6 0.29453125 0.9125 0.0359375 0.028125
6 0.2578125 0.86953125 0.04375 0.0265625
6 0.2328125 0.85234375 0.040625 0.0296875
6 0.1359375 0.7859375 0.0375 0.0375
6 0.1265625 0.8359375 0.0375 0.0375
6 0.0953125 0.80390625 0.03125 0.0296875
6 0.05625 0.80234375 0.03125 0.0359375
6 0.0234375 0.75 0.0375 0.034375
6 0.09765625 0.74609375 0.0359375 0.0390625
6 0.06640625 0.71875 0.0359375 0.034375
6 0.025 0.6828125 0.03125 0.034375
6 0.23046875 0.66015625 0.0359375 0.0421875
