6 0.421875 0.040625 0.021875 0.040625
6 0.44140625 0.04296875 0.0203125 0.0359375
6 0.61953125 0.3375 0.0140625 0.034375
6 0.58984375 0.946875 0.0109375 0.034375
6 0.2859375 0.88046875 0.0125 0.0265625
6 0.64609375 0.9484375 0.0140625 0.028125
6 0.6171875 0.95 0.0125 0.03125
6 0.6046875 0.94296875 0.0125 0.0296875
6 0.5765625 0.94140625 0.009375 0.0296875
6 0.2109375 0.8765625 0.0125 0.034375
6 0.559375 0.94765625 0.0125 0.0328125
6 0.54453125 0.946875 0.0140625 0.034375
6 0.621875 0.846875 0.034375 0.015625
6 0.6265625 0.73203125 0.040625 0.0109375
6 0.43203125 0.55234375 0.0296875 0.0171875
6 0.39609375 0.60625 0.0171875 0.0375
6 0.39296875 0.48984375 0.0328125 0.0140625
6 0.26953125 0.88359375 0.0109375 0.0328125
6 0.25546875 0.87578125 0.0109375 0.0265625
6 0.25546875 0.846875 0.0109375 0.03125
6 0.18203125 0.88359375 0.0109375 0.0328125
6 0.2140625 0.8421875 0.0125 0.03125
6 0.2296875 0.84609375 0.0125 0.0296875
