6 0.05 0.26953125 0.06875 0.0546875
6 0.04765625 0.30625 0.0609375 0.05625
6 0.04296875 0.4078125 0.0578125 0.05
6 0.04375 0.378125 0.05 0.040625
6 0.15390625 0.02734375 0.0796875 0.0328125
6 0.153125 0.07109375 0.075 0.0328125
6 0.15546875 0.10234375 0.0609375 0.0265625
6 0.15390625 0.1265625 0.0671875 0.03125
6 0.15546875 0.159375 0.0640625 0.040625
6 0.15390625 0.19375 0.0640625 0.04375
6 0.03359375 0.55546875 0.0578125 0.0484375
6 0.1515625 0.24921875 0.071875 0.0421875
6 0.1546875 0.2859375 0.071875 0.04375
6 0.146875 0.60703125 0.0625 0.0328125
6 0.1578125 0.3203125 0.0625 0.0375
6 0.1578125 0.35234375 0.06875 0.0328125
6 0.1578125 0.390625 0.05625 0.028125
6 0.15 0.44453125 0.0625 0.0234375
6 0.15234375 0.475 0.0671875 0.03125
6 0.15 0.5125 0.0625 0.03125
6 0.1515625 0.54609375 0.075 0.0390625
6 0.1515625 0.58125 0.0625 0.034375
6 0.13828125 0.6625 0.0765625 0.04375
6 0.0625 0.8828125 0.0625 0.028125
6 0.075 0.91640625 0.059375 0.0359375
