6 0.67421875 0.88046875 0.0609375 0.0578125
6 0.74921875 0.95625 0.0578125 0.059375
6 0.54296875 0.7375 0.0515625 0.05
6 0.26484375 0.59375 0.0546875 0.05
6 0.2484375 0.6171875 0.059375 0.053125
6 0.228125 0.6421875 0.05 0.053125
6 0.3984375 0.571875 0.059375 0.05625
6 0.4703125 0.66484375 0.059375 0.0515625
6 0.26484375 0.69609375 0.0734375 0.0609375
6 0.309375 0.74140625 0.0625 0.0609375
6 0.33828125 0.7625 0.0609375 0.0625
6 0.4859375 0.6890625 0.059375 0.05625
6 0.5640625 0.77265625 0.065625 0.0640625
6 0.5921875 0.79296875 0.053125 0.0515625
6 0.3625 0.78046875 0.0625 0.0578125
6 0.40546875 0.8265625 0.0578125 0.053125
6 0.37890625 0.80234375 0.0578125 0.0515625
6 0.4421875 0.878125 0.065625 0.065625
6 0.284375 0.940625 0.0625 0.059375
6 0.71953125 0.92109375 0.0609375 0.0609375
6 0.14453125 0.5546875 0.0546875 0.053125
6 0.21640625 0.87265625 0.0671875 0.0609375
6 0.24609375 0.4578125 0.0546875 0.05625
6 0.26796875 0.48125 0.0578125 0.05625
