6 0.43203125 0.02578125 0.0578125 0.0265625
6 0.484375 0.0609375 0.06875 0.034375
6 0.503125 0.08984375 0.05625 0.0203125
6 0.7578125 0.47890625 0.078125 0.0359375
6 0.7828125 0.11484375 0.0625 0.0421875
6 0.59609375 0.034375 0.0453125 0.04375
6 0.62265625 0.0546875 0.0546875 0.05
6 0.63359375 0.0828125 0.0671875 0.05
6 0.7703125 0.03515625 0.0625 0.0484375
6 0.78671875 0.078125 0.0671875 0.040625
6 0.796875 0.1390625 0.06875 0.04375
6 0.81328125 0.16875 0.0609375 0.040625
6 0.73046875 0.24296875 0.0328125 0.0578125
6 0.765625 0.25078125 0.028125 0.0546875
6 0.68359375 0.234375 0.0421875 0.059375
6 0.64921875 0.22734375 0.0546875 0.0609375
6 0.6 0.20078125 0.05 0.0578125
6 0.565625 0.175 0.05625 0.05625
