6 0.05 0.76953125 0.06875 0.0546875
6 0.04765625 0.80625 0.0609375 0.05625
6 0.04296875 0.9078125 0.0578125 0.05
6 0.04375 0.878125 0.05 0.040625
6 0.15390625 0.52734375 0.0796875 0.0328125
6 0.153125 0.57109375 0.075 0.0328125
6 0.15546875 0.60234375 0.0609375 0.0265625
6 0.15390625 0.6265625 0.0671875 0.03125
6 0.15546875 0.659375 0.0640625 0.040625
6 0.15390625 0.69375 0.0640625 0.04375
6 0.1515625 0.74921875 0.071875 0.0421875
6 0.1546875 0.7859375 0.071875 0.04375
6 0.1578125 0.8203125 0.0625 0.0375
6 0.1578125 0.85234375 0.06875 0.0328125
6 0.1578125 0.890625 0.05625 0.028125
6 0.15 0.94453125 0.0625 0.0234375
6 0.15234375 0.975 0.0671875 0.03125
