6 0.846875 0.54609375 0.059375 0.0515625
6 0.8703125 0.57421875 0.05625 0.0515625
6 0.8171875 0.52578125 0.053125 0.0484375
6 0.9 0.2625 0.059375 0.059375
6 0.3578125 0.0515625 0.04375 0.040625
6 0.38203125 0.0734375 0.0515625 0.053125
6 0.4 0.1015625 0.053125 0.05625
6 0.8546875 0.21171875 0.0625 0.0578125
6 0.8796875 0.234375 0.046875 0.053125
6 0.925 0.2796875 0.046875 0.04375
6 0.9515625 0.30703125 0.04375 0.0421875
6 0.79453125 0.50390625 0.0515625 0.0515625
6 0.7921875 0.26875 0.0625 0.053125
6 0.8140625 0.296875 0.05625 0.053125
6 0.83984375 0.3203125 0.0578125 0.05625
6 0.86875 0.34375 0.053125 0.053125
6 0.88984375 0.3671875 0.0515625 0.05625
6 0.91484375 0.39375 0.0578125 0.059375
6 0.69921875 0.39921875 0.0484375 0.0515625
6 0.7234375 0.4296875 0.0625 0.0625
6 0.746875 0.45 0.065625 0.059375
6 0.775 0.4734375 0.059375 0.05
