6 0.17421875 0.38046875 0.0609375 0.0578125
4 0.39453125 0.66640625 0.1484375 0.1171875
4 0.659375 0.578125 0.178125 0.171875
4 0.7 0.18359375 0.146875 0.1296875
4 0.26953125 0.86171875 0.2421875 0.2578125
4 0.55234375 0.6890625 0.1640625 0.15625
4 0.759375 0.4578125 0.1625 0.165625
6 0.24921875 0.45625 0.0578125 0.059375
6 0.04296875 0.2375 0.0515625 0.05
6 0.0640625 0.27265625 0.065625 0.0640625
6 0.0921875 0.29296875 0.053125 0.0515625
6 0.21953125 0.42109375 0.0609375 0.0609375
6 0.303125 0.50859375 0.05625 0.0546875
