4 0.0828125 0.18671875 0.125 0.1203125
4 0.6359375 0.6359375 0.4125 0.403125
4 0.4015625 0.77265625 0.2375 0.2140625
4 0.140625 0.8390625 0.23125 0.196875
6 0.909375 0.096875 0.0375 0.065625
6 0.8328125 0.1296875 0.0375 0.065625
6 0.8328125 0.396875 0.0625 0.040625
6 0.8421875 0.42734375 0.0625 0.0390625
6 0.846875 0.4609375 0.059375 0.0375
6 0.85703125 0.4875 0.0703125 0.046875
6 0.87578125 0.54453125 0.0890625 0.0515625
6 0.88046875 0.5765625 0.0640625 0.034375
6 0.803125 0.28828125 0.071875 0.0515625
6 0.8078125 0.32265625 0.059375 0.0421875
