4 0.45 0.12109375 0.1625 0.1515625
4 0.3734375 0.30546875 0.184375 0.1734375
4 0.1890625 0.26328125 0.140625 0.1328125
4 0.2546875 0.28046875 0.15 0.1421875
4 0.12265625 0.36640625 0.1734375 0.1703125
4 0.39765625 0.81484375 0.1671875 0.1671875
4 0.29140625 0.8625 0.1671875 0.159375
4 0.2375 0.76171875 0.29375 0.2703125
4 0.44375 0.63046875 0.328125 0.3109375
4 0.890625 0.70390625 0.159375 0.1578125
4 0.34609375 0.1859375 0.1609375 0.153125
4 0.56796875 0.4625 0.1578125 0.171875
4 0.69140625 0.3875 0.1609375 0.146875
4 0.803125 0.19453125 0.175 0.1828125
4 0.85 0.31484375 0.153125 0.1296875
