6 0.34921875 0.5640625 0.0703125 0.04375
6 0.353125 0.6296875 0.053125 0.05625
6 0.50703125 0.228125 0.0671875 0.0625
6 0.46328125 0.278125 0.0703125 0.04375
6 0.55 0.26953125 0.06875 0.0546875
6 0.54765625 0.30625 0.0609375 0.05625
6 0.4796875 0.38671875 0.065625 0.0296875
6 0.54296875 0.4078125 0.0578125 0.05
6 0.51796875 0.440625 0.0609375 0.053125
6 0.49140625 0.465625 0.0515625 0.028125
6 0.54375 0.378125 0.05 0.040625
6 0.46328125 0.4890625 0.0796875 0.05625
6 0.52734375 0.5140625 0.0640625 0.053125
6 0.4671875 0.54921875 0.06875 0.0515625
6 0.47265625 0.584375 0.0578125 0.05
6 0.4625 0.61796875 0.053125 0.0453125
6 0.453125 0.64609375 0.071875 0.0609375
6 0.51484375 0.65078125 0.0640625 0.0515625
6 0.5234375 0.61953125 0.059375 0.0515625
6 0.5265625 0.5859375 0.0625 0.046875
6 0.33984375 0.60078125 0.0421875 0.0484375
6 0.35234375 0.53203125 0.0671875 0.0421875
6 0.36171875 0.43984375 0.0609375 0.0484375
6 0.4640625 0.0390625 0.071875 0.05
6 0.49140625 0.14453125 0.0828125 0.0515625
6 0.4765625 0.19140625 0.05625 0.0359375
6 0.65390625 0.02734375 0.0796875 0.0328125
6 0.653125 0.07109375 0.075 0.0328125
6 0.65546875 0.10234375 0.0609375 0.0265625
6 0.65390625 0.1265625 0.0671875 0.03125
6 0.65546875 0.159375 0.0640625 0.040625
6 0.65390625 0.19375 0.0640625 0.04375
6 0.3421875 0.29296875 0.06875 0.0640625
6 0.3515625 0.37109375 0.05625 0.0484375
6 0.35 0.41875 0.05625 0.04375
6 0.53359375 0.55546875 0.0578125 0.0484375
6 0.471875 0.42109375 0.065625 0.0265625
6 0.6515625 0.24921875 0.071875 0.0421875
6 0.6546875 0.2859375 0.071875 0.04375
6 0.646875 0.60703125 0.0625 0.0328125
6 0.6578125 0.3203125 0.0625 0.0375
6 0.6578125 0.35234375 0.06875 0.0328125
6 0.6578125 0.390625 0.05625 0.028125
6 0.65 0.44453125 0.0625 0.0234375
6 0.65234375 0.475 0.0671875 0.03125
6 0.65 0.5125 0.0625 0.03125
6 0.6515625 0.54609375 0.075 0.0390625
6 0.6515625 0.58125 0.0625 0.034375
6 0.63828125 0.6625 0.0765625 0.04375
6 0.40234375 0.76484375 0.0328125 0.0640625
6 0.515625 0.70625 0.059375 0.0375
6 0.5625 0.8828125 0.0625 0.028125
6 0.575 0.91640625 0.059375 0.0359375
