6 0.665625 0.26171875 0.0625 0.0453125
6 0.67421875 0.29296875 0.0640625 0.0453125
6 0.68828125 0.3234375 0.0703125 0.04375
6 0.4125 0.19765625 0.059375 0.0421875
6 0.4671875 0.190625 0.059375 0.046875
6 0.4953125 0.2140625 0.059375 0.05
6 0.5 0.25390625 0.065625 0.0484375
6 0.51953125 0.28203125 0.0671875 0.0515625
6 0.5328125 0.30859375 0.053125 0.0453125
6 0.5453125 0.3390625 0.059375 0.05
6 0.5671875 0.36640625 0.065625 0.0484375
6 0.575 0.39375 0.059375 0.046875
6 0.59140625 0.4296875 0.0578125 0.0375
6 0.60703125 0.459375 0.0546875 0.0375
6 0.63359375 0.48046875 0.0640625 0.0515625
6 0.43046875 0.2265625 0.0546875 0.04375
6 0.43828125 0.2515625 0.0609375 0.046875
6 0.45 0.2890625 0.06875 0.05625
6 0.46796875 0.31796875 0.0640625 0.0609375
6 0.65546875 0.2265625 0.0671875 0.05
6 0.6453125 0.19609375 0.065625 0.0515625
6 0.63359375 0.159375 0.0671875 0.046875
6 0.2984375 0.12265625 0.04375 0.0609375
6 0.27109375 0.0796875 0.0421875 0.059375
6 0.27578125 0.1328125 0.0421875 0.059375
6 0.2375 0.153125 0.05625 0.06875
6 0.32890625 0.115625 0.0453125 0.06875
6 0.62734375 0.121875 0.0734375 0.05
6 0.35625 0.10234375 0.04375 0.0640625
6 0.378125 0.09453125 0.0375 0.0609375
6 0.40625 0.08515625 0.04375 0.0703125
6 0.4765625 0.05234375 0.040625 0.0640625
6 0.51015625 0.04375 0.0390625 0.065625
6 0.54140625 0.028125 0.0234375 0.05625
6 0.6171875 0.09296875 0.059375 0.0390625
6 0.4890625 0.34296875 0.053125 0.0515625
6 0.496875 0.3734375 0.06875 0.05625
6 0.509375 0.40390625 0.0625 0.0515625
6 0.5296875 0.42578125 0.059375 0.0578125
6 0.15546875 0.0953125 0.0484375 0.065625
6 0.09921875 0.0671875 0.0640625 0.071875
6 0.3625 0.40546875 0.05 0.0265625
6 0.36875 0.434375 0.053125 0.025
6 0.3921875 0.4640625 0.0625 0.03125
6 0.4171875 0.49921875 0.059375 0.0265625
6 0.43203125 0.52578125 0.0578125 0.0265625
6 0.484375 0.5609375 0.06875 0.034375
6 0.503125 0.58984375 0.05625 0.0203125
6 0.1203125 0.4046875 0.059375 0.065625
6 0.71796875 0.22109375 0.0421875 0.0515625
6 0.7140625 0.15546875 0.065625 0.0640625
6 0.825 0.20625 0.034375 0.059375
6 0.7578125 0.97890625 0.078125 0.0359375
6 0.91953125 0.0484375 0.0640625 0.065625
6 0.33984375 0.38125 0.0578125 0.028125
6 0.33046875 0.35 0.0640625 0.034375
6 0.2859375 0.32734375 0.053125 0.0328125
6 0.7828125 0.61484375 0.0625 0.0421875
6 0.54140625 0.45078125 0.0578125 0.0484375
6 0.56015625 0.4796875 0.0578125 0.053125
6 0.5796875 0.50703125 0.053125 0.0453125
6 0.59609375 0.534375 0.0453125 0.04375
6 0.62265625 0.5546875 0.0546875 0.05
6 0.63359375 0.5828125 0.0671875 0.05
6 0.7703125 0.53515625 0.0625 0.0484375
6 0.78671875 0.578125 0.0671875 0.040625
6 0.796875 0.6390625 0.06875 0.04375
6 0.27578125 0.29609375 0.0765625 0.0390625
6 0.81328125 0.66875 0.0609375 0.040625
6 0.73046875 0.74296875 0.0328125 0.0578125
6 0.765625 0.75078125 0.028125 0.0546875
6 0.68359375 0.734375 0.0421875 0.059375
6 0.64921875 0.72734375 0.0546875 0.0609375
6 0.6 0.70078125 0.05 0.0578125
6 0.565625 0.675 0.05625 0.05625
6 0.24453125 0.2484375 0.0671875 0.05
6 0.971875 0.1453125 0.028125 0.065625
6 0.9171875 0.21484375 0.025 0.0546875
6 0.9265625 0.4921875 0.06875 0.040625
