6 0.76484375 0.59375 0.0546875 0.05
6 0.7484375 0.6171875 0.059375 0.053125
6 0.728125 0.6421875 0.05 0.053125
6 0.8984375 0.571875 0.059375 0.05625
6 0.76484375 0.69609375 0.0734375 0.0609375
6 0.809375 0.74140625 0.0625 0.0609375
6 0.83828125 0.7625 0.0609375 0.0625
6 0.346875 0.54609375 0.059375 0.0515625
6 0.8625 0.78046875 0.0625 0.0578125
6 0.90546875 0.8265625 0.0578125 0.053125
6 0.87890625 0.80234375 0.0578125 0.0515625
6 0.9421875 0.878125 0.065625 0.065625
6 0.784375 0.940625 0.0625 0.059375
6 0.64453125 0.5546875 0.0546875 0.053125
6 0.71640625 0.87265625 0.0671875 0.0609375
6 0.3703125 0.57421875 0.05625 0.0515625
6 0.3171875 0.52578125 0.053125 0.0484375
6 0.4 0.2625 0.059375 0.059375
6 0.3546875 0.21171875 0.0625 0.0578125
6 0.3796875 0.234375 0.046875 0.053125
6 0.425 0.2796875 0.046875 0.04375
6 0.4515625 0.30703125 0.04375 0.0421875
6 0.29453125 0.50390625 0.0515625 0.0515625
6 0.2921875 0.26875 0.0625 0.053125
6 0.3140625 0.296875 0.05625 0.053125
6 0.33984375 0.3203125 0.0578125 0.05625
6 0.36875 0.34375 0.053125 0.053125
6 0.38984375 0.3671875 0.0515625 0.05625
6 0.41484375 0.39375 0.0578125 0.059375
6 0.74609375 0.4578125 0.0546875 0.05625
6 0.76796875 0.48125 0.0578125 0.05625
6 0.19921875 0.39921875 0.0484375 0.0515625
6 0.2234375 0.4296875 0.0625 0.0625
6 0.246875 0.45 0.065625 0.059375
6 0.275 0.4734375 0.059375 0.05
