6 0.54296875 0.17109375 0.0578125 0.0578125
6 0.70234375 0.1359375 0.0703125 0.0625
6 0.72421875 0.16015625 0.0640625 0.0578125
6 0.57734375 0.21875 0.0546875 0.053125
6 0.59765625 0.24609375 0.0609375 0.0609375
6 0.615625 0.271875 0.0625 0.053125
6 0.63515625 0.29765625 0.0671875 0.0609375
6 0.52578125 0.26328125 0.0734375 0.0703125
6 0.54609375 0.290625 0.0703125 0.065625
6 0.56796875 0.31796875 0.0609375 0.0546875
6 0.5875 0.3390625 0.0625 0.05625
6 0.60234375 0.3625 0.0671875 0.059375
6 0.6578125 0.1765625 0.046875 0.059375
6 0.69921875 0.22421875 0.0515625 0.0546875
6 0.7375 0.28125 0.059375 0.065625
6 0.55859375 0.19765625 0.0578125 0.0515625
6 0.44609375 0.14765625 0.0796875 0.0859375
6 0.38671875 0.0828125 0.0578125 0.04375
6 0.35703125 0.03125 0.0578125 0.04375
6 0.37578125 0.05078125 0.0578125 0.0484375
6 0.43828125 0.0375 0.0421875 0.046875
6 0.57578125 0.46875 0.0546875 0.065625
