6 0.4296875 0.396875 0.05 0.05
6 0.46640625 0.43671875 0.0453125 0.0515625
6 0.490625 0.46015625 0.046875 0.0515625
6 0.9 0.7625 0.059375 0.059375
6 0.33125 0.521875 0.053125 0.05625
6 0.3578125 0.5515625 0.04375 0.040625
6 0.38203125 0.5734375 0.0515625 0.053125
6 0.53359375 0.51015625 0.0515625 0.0609375
6 0.4 0.6015625 0.053125 0.05625
6 0.8546875 0.71171875 0.0625 0.0578125
6 0.8796875 0.734375 0.046875 0.053125
6 0.925 0.7796875 0.046875 0.04375
6 0.9515625 0.80703125 0.04375 0.0421875
6 0.7921875 0.76875 0.0625 0.053125
6 0.8140625 0.796875 0.05625 0.053125
6 0.83984375 0.8203125 0.0578125 0.05625
6 0.86875 0.84375 0.053125 0.053125
6 0.88984375 0.8671875 0.0515625 0.05625
6 0.91484375 0.89375 0.0578125 0.059375
6 0.69921875 0.89921875 0.0484375 0.0515625
6 0.7234375 0.9296875 0.0625 0.0625
6 0.746875 0.95 0.065625 0.059375
6 0.775 0.9734375 0.059375 0.05
