6 0.61015625 0.38359375 0.0453125 0.0421875
6 0.49609375 0.5078125 0.0515625 0.053125
6 0.53984375 0.47890625 0.0609375 0.0609375
6 0.44921875 0.5390625 0.0515625 0.059375
6 0.4140625 0.565625 0.053125 0.053125
6 0.375 0.5890625 0.06875 0.065625
6 0.36875 0.65234375 0.059375 0.0546875
6 0.35 0.67734375 0.059375 0.0515625
6 0.51015625 0.9171875 0.0640625 0.059375
6 0.696875 0.921875 0.053125 0.06875
6 0.7265625 0.915625 0.046875 0.0625
6 0.7640625 0.8953125 0.059375 0.0625
6 0.83671875 0.89453125 0.0484375 0.0640625
6 0.83984375 0.80625 0.0578125 0.053125
