6 0.04296875 0.17109375 0.0578125 0.0578125
6 0.20234375 0.1359375 0.0703125 0.0625
6 0.22421875 0.16015625 0.0640625 0.0578125
6 0.07734375 0.21875 0.0546875 0.053125
6 0.09765625 0.24609375 0.0609375 0.0609375
6 0.115625 0.271875 0.0625 0.053125
6 0.13515625 0.29765625 0.0671875 0.0609375
6 0.04609375 0.290625 0.0703125 0.065625
6 0.06796875 0.31796875 0.0609375 0.0546875
6 0.0875 0.3390625 0.0625 0.05625
6 0.10234375 0.3625 0.0671875 0.059375
6 0.1578125 0.1765625 0.046875 0.059375
6 0.19921875 0.22421875 0.0515625 0.0546875
6 0.2375 0.28125 0.059375 0.065625
6 0.05859375 0.19765625 0.0578125 0.0515625
6 0.9125 0.19765625 0.059375 0.0421875
6 0.9671875 0.190625 0.059375 0.046875
6 0.93046875 0.2265625 0.0546875 0.04375
6 0.93828125 0.2515625 0.0609375 0.046875
6 0.95 0.2890625 0.06875 0.05625
6 0.7984375 0.12265625 0.04375 0.0609375
6 0.77109375 0.0796875 0.0421875 0.059375
6 0.77578125 0.1328125 0.0421875 0.059375
6 0.7375 0.153125 0.05625 0.06875
6 0.82890625 0.115625 0.0453125 0.06875
6 0.85625 0.10234375 0.04375 0.0640625
6 0.878125 0.09453125 0.0375 0.0609375
6 0.90625 0.08515625 0.04375 0.0703125
6 0.9765625 0.05234375 0.040625 0.0640625
6 0.65546875 0.0953125 0.0484375 0.065625
6 0.59921875 0.0671875 0.0640625 0.071875
6 0.8625 0.40546875 0.05 0.0265625
6 0.86875 0.434375 0.053125 0.025
6 0.8921875 0.4640625 0.0625 0.03125
6 0.9171875 0.49921875 0.059375 0.0265625
6 0.93203125 0.52578125 0.0578125 0.0265625
6 0.6203125 0.4046875 0.059375 0.065625
6 0.07578125 0.46875 0.0546875 0.065625
6 0.83984375 0.38125 0.0578125 0.028125
6 0.83046875 0.35 0.0640625 0.034375
6 0.7859375 0.32734375 0.053125 0.0328125
6 0.77578125 0.29609375 0.0765625 0.0390625
6 0.74453125 0.2484375 0.0671875 0.05
