4 0.3 0.82734375 0.13125 0.1203125
4 0.19296875 0.715625 0.1390625 0.146875
4 0.48984375 0.571875 0.1640625 0.171875
4 0.44765625 0.796875 0.1765625 0.159375
4 0.609375 0.828125 0.15625 0.125
4 0.64453125 0.7015625 0.1765625 0.175
4 0.7 0.5578125 0.1375 0.153125
4 0.728125 0.409375 0.159375 0.184375
4 0.7171875 0.28046875 0.1 0.1046875
6 0.10234375 0.79375 0.0796875 0.046875
6 0.1609375 0.928125 0.06875 0.046875
6 0.784375 0.96875 0.0375 0.059375
6 0.83203125 0.959375 0.0203125 0.0625
6 0.8734375 0.953125 0.028125 0.059375
6 0.89609375 0.9421875 0.0390625 0.06875
6 0.92890625 0.9296875 0.0265625 0.05
6 0.17578125 0.95625 0.0765625 0.05
