6 0.2578125 0.47890625 0.078125 0.0359375
6 0.2828125 0.11484375 0.0625 0.0421875
6 0.09609375 0.034375 0.0453125 0.04375
6 0.12265625 0.0546875 0.0546875 0.05
6 0.13359375 0.0828125 0.0671875 0.05
6 0.2703125 0.03515625 0.0625 0.0484375
6 0.28671875 0.078125 0.0671875 0.040625
6 0.296875 0.1390625 0.06875 0.04375
6 0.31328125 0.16875 0.0609375 0.040625
6 0.23046875 0.24296875 0.0328125 0.0578125
6 0.265625 0.25078125 0.028125 0.0546875
6 0.18359375 0.234375 0.0421875 0.059375
6 0.14921875 0.22734375 0.0546875 0.0609375
6 0.1 0.20078125 0.05 0.0578125
6 0.065625 0.175 0.05625 0.05625
6 0.6015625 0.25234375 0.046875 0.0609375
6 0.5390625 0.2765625 0.053125 0.01875
6 0.5 0.90546875 0.0625 0.0421875
