6 0.50703125 0.728125 0.0671875 0.0625
6 0.46328125 0.778125 0.0703125 0.04375
6 0.55 0.76953125 0.06875 0.0546875
6 0.54765625 0.80625 0.0609375 0.05625
6 0.4796875 0.88671875 0.065625 0.0296875
6 0.54296875 0.9078125 0.0578125 0.05
6 0.51796875 0.940625 0.0609375 0.053125
6 0.49140625 0.965625 0.0515625 0.028125
6 0.54375 0.878125 0.05 0.040625
6 0.36171875 0.93984375 0.0609375 0.0484375
6 0.5140625 0.4203125 0.06875 0.046875
6 0.5078125 0.4640625 0.06875 0.028125
6 0.4640625 0.5390625 0.071875 0.05
6 0.49140625 0.64453125 0.0828125 0.0515625
6 0.4765625 0.69140625 0.05625 0.0359375
6 0.65390625 0.52734375 0.0796875 0.0328125
6 0.653125 0.57109375 0.075 0.0328125
6 0.65546875 0.60234375 0.0609375 0.0265625
6 0.65390625 0.6265625 0.0671875 0.03125
6 0.65546875 0.659375 0.0640625 0.040625
6 0.65390625 0.69375 0.0640625 0.04375
6 0.3421875 0.79296875 0.06875 0.0640625
6 0.3515625 0.87109375 0.05625 0.0484375
6 0.35 0.91875 0.05625 0.04375
6 0.471875 0.92109375 0.065625 0.0265625
6 0.6515625 0.74921875 0.071875 0.0421875
6 0.6546875 0.7859375 0.071875 0.04375
6 0.6578125 0.8203125 0.0625 0.0375
6 0.6578125 0.85234375 0.06875 0.0328125
6 0.6578125 0.890625 0.05625 0.028125
6 0.65 0.94453125 0.0625 0.0234375
6 0.65234375 0.975 0.0671875 0.03125
