4 0.3046875 0.878125 0.15625 0.14375
4 0.57265625 0.79765625 0.1515625 0.1328125
4 0.4359375 0.83984375 0.15625 0.1453125
4 0.4703125 0.06953125 0.15 0.1203125
4 0.24609375 0.553125 0.1453125 0.1375
4 0.3796875 0.49921875 0.1625 0.1515625
4 0.52421875 0.45546875 0.1640625 0.1359375
6 0.84921875 0.0640625 0.0703125 0.04375
6 0.853125 0.1296875 0.053125 0.05625
6 0.9625 0.11796875 0.053125 0.0453125
6 0.953125 0.14609375 0.071875 0.0609375
6 0.83984375 0.10078125 0.0421875 0.0484375
6 0.85234375 0.03203125 0.0671875 0.0421875
6 0.90234375 0.26484375 0.0328125 0.0640625
6 0.76953125 0.7421875 0.0765625 0.053125
