4 0.8 0.32734375 0.13125 0.1203125
4 0.69296875 0.215625 0.1390625 0.146875
6 0.8921875 0.58515625 0.04375 0.0671875
6 0.409375 0.096875 0.0375 0.065625
6 0.3328125 0.1296875 0.0375 0.065625
6 0.60234375 0.29375 0.0796875 0.046875
6 0.6609375 0.428125 0.06875 0.046875
6 0.3328125 0.396875 0.0625 0.040625
6 0.3421875 0.42734375 0.0625 0.0390625
6 0.346875 0.4609375 0.059375 0.0375
6 0.35703125 0.4875 0.0703125 0.046875
6 0.37578125 0.54453125 0.0890625 0.0515625
6 0.38046875 0.5765625 0.0640625 0.034375
6 0.303125 0.28828125 0.071875 0.0515625
6 0.3078125 0.32265625 0.059375 0.0421875
6 0.95 0.80390625 0.05 0.0578125
6 0.92109375 0.85546875 0.0578125 0.0421875
6 0.97421875 0.56015625 0.0265625 0.0609375
6 0.67578125 0.45625 0.0765625 0.05
