6 0.54296875 0.67109375 0.0578125 0.0578125
6 0.70234375 0.6359375 0.0703125 0.0625
6 0.72421875 0.66015625 0.0640625 0.0578125
6 0.57734375 0.71875 0.0546875 0.053125
6 0.59765625 0.74609375 0.0609375 0.0609375
6 0.615625 0.771875 0.0625 0.053125
6 0.63515625 0.79765625 0.0671875 0.0609375
6 0.52578125 0.76328125 0.0734375 0.0703125
6 0.54609375 0.790625 0.0703125 0.065625
6 0.56796875 0.81796875 0.0609375 0.0546875
6 0.5875 0.8390625 0.0625 0.05625
6 0.60234375 0.8625 0.0671875 0.059375
6 0.6578125 0.6765625 0.046875 0.059375
6 0.69921875 0.72421875 0.0515625 0.0546875
6 0.7375 0.78125 0.059375 0.065625
6 0.94921875 0.0390625 0.0515625 0.059375
6 0.9140625 0.065625 0.053125 0.053125
6 0.55859375 0.69765625 0.0578125 0.0515625
6 0.44609375 0.64765625 0.0796875 0.0859375
6 0.38671875 0.5828125 0.0578125 0.04375
6 0.875 0.0890625 0.06875 0.065625
6 0.86875 0.15234375 0.059375 0.0546875
6 0.85 0.17734375 0.059375 0.0515625
6 0.35703125 0.53125 0.0578125 0.04375
6 0.37578125 0.55078125 0.0578125 0.0484375
6 0.43828125 0.5375 0.0421875 0.046875
6 0.32578125 0.48125 0.0640625 0.0375
6 0.33671875 0.51015625 0.0671875 0.0484375
