4 0.19140625 0.8875 0.1609375 0.146875
4 0.2375 0.2828125 0.1375 0.15
4 0.24921875 0.3859375 0.1421875 0.15
4 0.4390625 0.30625 0.15625 0.140625
4 0.2484375 0.53828125 0.159375 0.1578125
4 0.13125 0.46015625 0.171875 0.1703125
4 0.6 0.50546875 0.1875 0.1890625
4 0.303125 0.69453125 0.175 0.1828125
4 0.35 0.81484375 0.153125 0.1296875
4 0.4484375 0.6328125 0.14375 0.153125
6 0.94921875 0.59296875 0.0546875 0.0453125
6 0.96171875 0.0359375 0.0578125 0.053125
6 0.25625 0.03203125 0.053125 0.0609375
6 0.88828125 0.0265625 0.0484375 0.05
6 0.93828125 0.1234375 0.0609375 0.046875
6 0.9046875 0.06796875 0.05 0.0484375
6 0.93125 0.5671875 0.0625 0.053125
