4 0.1 0.50546875 0.1875 0.1890625
6 0.7078125 0.76953125 0.053125 0.0390625
6 0.56796875 0.78984375 0.0640625 0.0546875
6 0.44921875 0.59296875 0.0546875 0.0453125
6 0.48046875 0.2 0.0546875 0.059375
6 0.46171875 0.0359375 0.0578125 0.053125
6 0.38828125 0.0265625 0.0484375 0.05
6 0.43828125 0.1234375 0.0609375 0.046875
6 0.62578125 0.9015625 0.0734375 0.05
6 0.4046875 0.06796875 0.05 0.0484375
6 0.51015625 0.2359375 0.0578125 0.05
6 0.540625 0.27109375 0.059375 0.0515625
6 0.62265625 0.36796875 0.0671875 0.0484375
6 0.43125 0.5671875 0.0625 0.053125
6 0.47578125 0.63828125 0.0515625 0.0453125
6 0.5453125 0.7703125 0.071875 0.05625
