6 0.165625 0.76171875 0.0625 0.0453125
6 0.17421875 0.79296875 0.0640625 0.0453125
6 0.18828125 0.8234375 0.0703125 0.04375
6 0.0328125 0.80859375 0.053125 0.0453125
6 0.0453125 0.8390625 0.059375 0.05
6 0.0671875 0.86640625 0.065625 0.0484375
6 0.075 0.89375 0.059375 0.046875
6 0.09140625 0.9296875 0.0578125 0.0375
6 0.10703125 0.959375 0.0546875 0.0375
6 0.15546875 0.7265625 0.0671875 0.05
6 0.1453125 0.69609375 0.065625 0.0515625
6 0.13359375 0.659375 0.0671875 0.046875
6 0.12734375 0.621875 0.0734375 0.05
6 0.04140625 0.528125 0.0234375 0.05625
6 0.08828125 0.515625 0.0453125 0.053125
6 0.1171875 0.59296875 0.059375 0.0390625
6 0.0296875 0.92578125 0.059375 0.0578125
6 0.43359375 0.478125 0.0484375 0.05
6 0.21796875 0.72109375 0.0421875 0.0515625
6 0.2140625 0.65546875 0.065625 0.0640625
6 0.325 0.70625 0.034375 0.059375
6 0.321875 0.52890625 0.065625 0.0640625
6 0.41953125 0.5484375 0.0640625 0.065625
6 0.49296875 0.52265625 0.0546875 0.0453125
6 0.04140625 0.95078125 0.0578125 0.0484375
6 0.48828125 0.46015625 0.0546875 0.0546875
6 0.471875 0.6453125 0.028125 0.065625
6 0.4171875 0.71484375 0.025 0.0546875
6 0.49375 0.6984375 0.025 0.05
6 0.59765625 0.678125 0.0328125 0.078125
6 0.65625 0.79296875 0.078125 0.0640625
6 0.69375 0.9171875 0.0625 0.034375
