4 0.3 0.32734375 0.13125 0.1203125
4 0.19296875 0.215625 0.1390625 0.146875
4 0.44765625 0.296875 0.1765625 0.159375
4 0.609375 0.328125 0.15625 0.125
4 0.64453125 0.2015625 0.1765625 0.175
6 0.3921875 0.58515625 0.04375 0.0671875
6 0.10234375 0.29375 0.0796875 0.046875
6 0.1609375 0.428125 0.06875 0.046875
6 0.7859375 0.64453125 0.053125 0.0640625
6 0.86875 0.62421875 0.115625 0.0609375
6 0.95078125 0.60625 0.0453125 0.071875
6 0.50625 0.55703125 0.040625 0.0703125
6 0.53359375 0.54609375 0.0328125 0.0578125
6 0.56171875 0.5359375 0.0453125 0.06875
6 0.5921875 0.52421875 0.0375 0.0578125
6 0.61796875 0.51953125 0.0359375 0.0515625
6 0.71640625 0.47890625 0.0265625 0.0546875
6 0.7546875 0.4828125 0.034375 0.065625
6 0.784375 0.46875 0.0375 0.059375
6 0.83203125 0.459375 0.0203125 0.0625
6 0.8734375 0.453125 0.028125 0.059375
6 0.89609375 0.4421875 0.0390625 0.06875
6 0.92890625 0.4296875 0.0265625 0.05
6 0.45 0.80390625 0.05 0.0578125
6 0.42109375 0.85546875 0.0578125 0.0421875
6 0.54296875 0.871875 0.0609375 0.05625
6 0.69453125 0.73515625 0.0609375 0.0359375
6 0.70625 0.7875 0.065625 0.034375
6 0.65234375 0.70859375 0.0609375 0.0515625
6 0.47421875 0.56015625 0.0265625 0.0609375
6 0.17578125 0.45625 0.0765625 0.05
