4 0.16015625 0.13671875 0.0890625 0.0953125
4 0.08828125 0.1796875 0.0921875 0.103125
4 0.0984375 0.34140625 0.103125 0.1015625
4 0.1140625 0.5625 0.184375 0.190625
4 0.2296875 0.4890625 0.175 0.175
4 0.353125 0.41875 0.16875 0.175
4 0.47109375 0.34453125 0.1671875 0.1796875
4 0.25703125 0.834375 0.1578125 0.16875
4 0.1296875 0.91015625 0.165625 0.1765625
4 0.565625 0.26875 0.103125 0.109375
4 0.86640625 0.59375 0.1515625 0.159375
4 0.6671875 0.58359375 0.190625 0.2015625
4 0.6109375 0.8453125 0.096875 0.1
