6 0.70546875 0.0234375 0.0296875 0.01875
6 0.71328125 0.0453125 0.0265625 0.01875
6 0.721875 0.06640625 0.021875 0.0171875
6 0.7234375 0.0828125 0.025 0.01875
6 0.73046875 0.1 0.0203125 0.01875
6 0.73515625 0.11640625 0.0296875 0.0234375
6 0.73984375 0.13203125 0.0203125 0.0171875
6 0.8578125 0.2046875 0.03125 0.01875
6 0.7734375 0.01640625 0.021875 0.0171875
6 0.8078125 0.03828125 0.025 0.0203125
6 0.77578125 0.03125 0.0265625 0.01875
6 0.77890625 0.0484375 0.0265625 0.01875
6 0.88828125 0.08828125 0.0265625 0.0203125
6 0.8921875 0.103125 0.025 0.015625
6 0.896875 0.11640625 0.025 0.0171875
6 0.903125 0.13125 0.025 0.01875
6 0.85234375 0.19140625 0.0265625 0.0203125
6 0.84609375 0.17734375 0.0265625 0.0171875
6 0.83984375 0.1484375 0.0265625 0.01875
6 0.8234375 0.09375 0.025 0.021875
6 0.79609375 0.103125 0.0265625 0.01875
6 0.8265625 0.10703125 0.021875 0.0203125
6 0.8015625 0.11640625 0.025 0.0203125
6 0.80546875 0.13125 0.0265625 0.01875
6 0.8296875 0.12109375 0.021875 0.0203125
6 0.7453125 0.146875 0.025 0.01875
6 0.83515625 0.13671875 0.0234375 0.0203125
6 0.81484375 0.1734375 0.0265625 0.01875
6 0.815625 0.15859375 0.025 0.0171875
6 0.81953125 0.18515625 0.0234375 0.0171875
6 0.8296875 0.21484375 0.021875 0.0203125
6 0.83671875 0.22578125 0.0234375 0.0171875
6 0.25625 0.08203125 0.028125 0.0203125
