6 0.16640625 0.0609375 0.0265625 0.01875
6 0.15 0.121875 0.025 0.015625
6 0.1359375 0.27421875 0.03125 0.0234375
6 0.20234375 0.18125 0.0296875 0.01875
6 0.1546875 0.3359375 0.025 0.021875
6 0.22734375 0.065625 0.0390625 0.025
6 0.22890625 0.37890625 0.0234375 0.0171875
6 0.2578125 0.38671875 0.028125 0.0203125
6 0.23359375 0.39375 0.0234375 0.015625
6 0.2671875 0.39765625 0.025 0.0171875
6 0.24296875 0.4046875 0.0265625 0.01875
6 0.3078125 0.31796875 0.028125 0.0203125
6 0.2703125 0.42890625 0.025 0.0140625
6 0.2734375 0.4421875 0.028125 0.015625
6 0.24609375 0.43359375 0.0265625 0.0203125
6 0.246875 0.45 0.028125 0.021875
6 0.02890625 0.06796875 0.0234375 0.0171875
6 0.19921875 0.16171875 0.0265625 0.0171875
6 0.25546875 0.46328125 0.0234375 0.0171875
6 0.27109375 0.20625 0.0265625 0.01875
6 0.22265625 0.0296875 0.0265625 0.01875
6 0.2484375 0.1203125 0.028125 0.01875
6 0.2515625 0.146875 0.025 0.01875
6 0.26484375 0.18046875 0.0234375 0.0140625
6 0.2703125 0.19296875 0.021875 0.0140625
6 0.278125 0.45703125 0.025 0.0171875
6 0.2625 0.4765625 0.028125 0.021875
6 0.13359375 0.4171875 0.0234375 0.01875
6 0.075 0.4 0.025 0.01875
6 0.06796875 0.38515625 0.0265625 0.0140625
6 0.0625 0.36640625 0.025 0.0171875
6 0.234375 0.08125 0.025 0.01875
6 0.090625 0.46171875 0.01875 0.0171875
6 0.08671875 0.44375 0.0203125 0.01875
6 0.0828125 0.42734375 0.025 0.0171875
6 0.05 0.41328125 0.025 0.0203125
6 0.20546875 0.5234375 0.0296875 0.01875
6 0.21328125 0.5453125 0.0265625 0.01875
6 0.221875 0.56640625 0.021875 0.0171875
6 0.2234375 0.5828125 0.025 0.01875
6 0.23046875 0.6 0.0203125 0.01875
6 0.23515625 0.61640625 0.0296875 0.0234375
6 0.23984375 0.63203125 0.0203125 0.0171875
6 0.17578125 0.41328125 0.0171875 0.0171875
6 0.14375 0.4453125 0.025 0.01875
6 0.2734375 0.09609375 0.025 0.0234375
6 0.29296875 0.46875 0.0265625 0.01875
6 0.3578125 0.7046875 0.03125 0.01875
6 0.2921875 0.484375 0.021875 0.01875
6 0.26875 0.4890625 0.021875 0.015625
6 0.2984375 0.50859375 0.028125 0.0203125
6 0.2703125 0.50234375 0.021875 0.0171875
6 0.2734375 0.51640625 0.021875 0.0171875
6 0.3078125 0.53828125 0.025 0.0203125
6 0.27578125 0.53125 0.0265625 0.01875
6 0.27890625 0.5484375 0.0265625 0.01875
6 0.38828125 0.58828125 0.0265625 0.0203125
6 0.3921875 0.603125 0.025 0.015625
6 0.396875 0.61640625 0.025 0.0171875
6 0.403125 0.63125 0.025 0.01875
6 0.35234375 0.69140625 0.0265625 0.0203125
6 0.34609375 0.67734375 0.0265625 0.0171875
6 0.33984375 0.6484375 0.0265625 0.01875
6 0.3234375 0.59375 0.025 0.021875
6 0.29609375 0.603125 0.0265625 0.01875
6 0.3265625 0.60703125 0.021875 0.0203125
6 0.3015625 0.61640625 0.025 0.0203125
6 0.79921875 0.98046875 0.0328125 0.0265625
6 0.71328125 0.32578125 0.0265625 0.0203125
6 0.2875 0.13671875 0.028125 0.0265625
6 0.71328125 0.33984375 0.0265625 0.0140625
6 0.7265625 0.396875 0.034375 0.025
6 0.30546875 0.63125 0.0265625 0.01875
6 0.3296875 0.62109375 0.021875 0.0203125
6 0.2453125 0.646875 0.025 0.01875
6 0.33515625 0.63671875 0.0234375 0.0203125
6 0.31484375 0.6734375 0.0265625 0.01875
6 0.315625 0.65859375 0.025 0.0171875
6 0.31953125 0.68515625 0.0234375 0.0171875
6 0.3296875 0.71484375 0.021875 0.0203125
6 0.33671875 0.72578125 0.0234375 0.0171875
6 0.0625 0.46875 0.028125 0.021875
6 0.26953125 0.41171875 0.0265625 0.0171875
6 0.25625 0.36875 0.028125 0.01875
6 0.76796875 0.43671875 0.0359375 0.0265625
