6 0.23125 0.52109375 0.0375 0.0296875
6 0.0984375 0.2375 0.03125 0.028125
6 0.059375 0.28203125 0.028125 0.0234375
6 0.121875 0.31484375 0.028125 0.0265625
6 0.14296875 0.33203125 0.0234375 0.0234375
6 0.1578125 0.32578125 0.028125 0.0265625
6 0.1578125 0.26875 0.03125 0.025
6 0.1890625 0.275 0.034375 0.034375
6 0.22109375 0.24296875 0.0359375 0.0328125
6 0.309375 0.3015625 0.028125 0.0375
6 0.2609375 0.296875 0.028125 0.021875
6 0.25390625 0.30546875 0.0296875 0.0265625
6 0.21796875 0.340625 0.0296875 0.028125
6 0.24375 0.31796875 0.03125 0.0265625
6 0.2828125 0.31875 0.025 0.025
6 0.24765625 0.3625 0.0296875 0.028125
6 0.41015625 0.4796875 0.0296875 0.034375
6 0.23671875 0.371875 0.0328125 0.025
6 0.30703125 0.39921875 0.0296875 0.0265625
6 0.32109375 0.3859375 0.0296875 0.025
6 0.32734375 0.3703125 0.0296875 0.025
6 0.33671875 0.36015625 0.0296875 0.0265625
6 0.31640625 0.43828125 0.0328125 0.0265625
6 0.33984375 0.40546875 0.0265625 0.0234375
6 0.35234375 0.39453125 0.0265625 0.0234375
6 0.3671875 0.3703125 0.028125 0.021875
6 0.3765625 0.3625 0.028125 0.025
6 0.3890625 0.34921875 0.028125 0.0265625
6 0.37421875 0.46953125 0.0265625 0.0234375
6 0.38515625 0.46171875 0.0328125 0.0203125
6 0.396875 0.44921875 0.028125 0.0203125
6 0.409375 0.4421875 0.025 0.021875
6 0.42109375 0.43046875 0.0296875 0.0234375
6 0.4265625 0.41640625 0.03125 0.0203125
6 0.43359375 0.40234375 0.0421875 0.0296875
6 0.421875 0.46796875 0.028125 0.0234375
6 0.43125 0.45859375 0.028125 0.0265625
6 0.44921875 0.434375 0.0234375 0.01875
6 0.45703125 0.42265625 0.0296875 0.0234375
6 0.0359375 0.11015625 0.034375 0.0328125
6 0.06171875 0.12890625 0.0296875 0.0296875
6 0.040625 0.153125 0.0375 0.03125
6 0.6859375 0.24921875 0.034375 0.0296875
5 0.6671875 0.64296875 0.0875 0.0421875
6 0.36640625 0.68125 0.0296875 0.01875
6 0.4453125 0.6546875 0.03125 0.028125
6 0.74140625 0.34765625 0.0296875 0.0296875
6 0.2265625 0.38515625 0.0375 0.0296875
6 0.4734375 0.51171875 0.034375 0.0296875
6 0.4828125 0.50078125 0.03125 0.0296875
6 0.48984375 0.48828125 0.0328125 0.0265625
6 0.4984375 0.4765625 0.03125 0.028125
6 0.51953125 0.45390625 0.0328125 0.0265625
6 0.5109375 0.4671875 0.034375 0.03125
6 0.528125 0.440625 0.03125 0.025
6 0.7296875 0.35859375 0.0375 0.0265625
6 0.70078125 0.39296875 0.0296875 0.0203125
6 0.67578125 0.48203125 0.0328125 0.0296875
6 0.690625 0.4703125 0.028125 0.028125
6 0.7 0.4515625 0.034375 0.034375
6 0.71953125 0.4375 0.0328125 0.028125
6 0.7296875 0.4203125 0.028125 0.025
6 0.74140625 0.403125 0.0296875 0.028125
6 0.75703125 0.38671875 0.0296875 0.0296875
6 0.77109375 0.36875 0.0328125 0.028125
6 0.2546875 0.35 0.034375 0.03125
6 0.6609375 0.43984375 0.03125 0.0234375
6 0.66796875 0.42890625 0.0296875 0.0234375
6 0.68125 0.415625 0.03125 0.025
6 0.6046875 0.35546875 0.028125 0.0296875
6 0.58515625 0.37265625 0.0296875 0.0265625
6 0.6109375 0.34296875 0.03125 0.0328125
6 0.64453125 0.30859375 0.0359375 0.0296875
6 0.65234375 0.2921875 0.0296875 0.021875
6 0.69609375 0.29296875 0.0328125 0.0203125
6 0.7046875 0.28046875 0.03125 0.0234375
6 0.71484375 0.26953125 0.0328125 0.0203125
6 0.69921875 0.23984375 0.0328125 0.0265625
6 0.609375 0.3953125 0.03125 0.01875
6 0.61328125 0.38046875 0.0265625 0.0203125
6 0.653125 0.3390625 0.03125 0.025
6 0.70390625 0.37890625 0.0296875 0.0203125
6 0.72109375 0.36953125 0.0296875 0.0265625
6 0.59453125 0.3625 0.0296875 0.025
6 0.57421875 0.38359375 0.0296875 0.0234375
6 0.5390625 0.43203125 0.028125 0.0234375
6 0.64375 0.4625 0.034375 0.03125
6 0.5625 0.4515625 0.03125 0.03125
6 0.54296875 0.47578125 0.0296875 0.0296875
6 0.525 0.49453125 0.021875 0.0265625
6 0.515625 0.5046875 0.028125 0.028125
6 0.50234375 0.52109375 0.0265625 0.0265625
6 0.5796875 0.540625 0.034375 0.028125
6 0.58671875 0.53203125 0.0328125 0.0296875
6 0.596875 0.51953125 0.034375 0.0296875
6 0.60625 0.50703125 0.034375 0.0265625
6 0.61484375 0.49609375 0.0296875 0.0265625
6 0.63125 0.4890625 0.03125 0.021875
6 0.63203125 0.475 0.0296875 0.025
6 0.46875 0.4109375 0.028125 0.028125
6 0.56640625 0.39609375 0.0328125 0.0234375
6 0.475 0.4 0.025 0.028125
6 0.45390625 0.38125 0.0328125 0.03125
6 0.44609375 0.39140625 0.0359375 0.0265625
6 0.51015625 0.2890625 0.0265625 0.021875
6 0.59375 0.25234375 0.028125 0.0265625
6 0.621875 0.2203125 0.03125 0.028125
6 0.49765625 0.37734375 0.0328125 0.0296875
6 0.46171875 0.36953125 0.0296875 0.0296875
6 0.33828125 0.23828125 0.0234375 0.0359375
6 0.353125 0.24296875 0.01875 0.0296875
6 0.37265625 0.24609375 0.0234375 0.0359375
6 0.57265625 0.4390625 0.0265625 0.025
