5 0.053125 0.43984375 0.06875 0.0296875
5 0.55234375 0.478125 0.0546875 0.028125
6 0.571875 0.4296875 0.034375 0.021875
6 0.68828125 0.421875 0.0171875 0.028125
6 0.5796875 0.38671875 0.025 0.0171875
6 0.58046875 0.353125 0.0234375 0.01875
6 0.609375 0.2703125 0.021875 0.01875
6 0.58828125 0.334375 0.0234375 0.021875
6 0.84296875 0.4125 0.0203125 0.03125
6 0.88515625 0.453125 0.0265625 0.015625
6 0.9078125 0.78828125 0.025 0.0171875
6 0.88515625 0.4375 0.0265625 0.0125
6 0.8875 0.42265625 0.025 0.0140625
6 0.88203125 0.48203125 0.0234375 0.0140625
6 0.87734375 0.49765625 0.0234375 0.0140625
6 0.87578125 0.51328125 0.0234375 0.0140625
6 0.87578125 0.52734375 0.0265625 0.0140625
6 0.87421875 0.54140625 0.0234375 0.0109375
6 0.875 0.55625 0.025 0.015625
6 0.89140625 0.73125 0.0265625 0.021875
6 0.89296875 0.74921875 0.0265625 0.0171875
6 0.8984375 0.76328125 0.028125 0.0203125
6 0.90234375 0.7765625 0.0265625 0.021875
6 0.91171875 0.80234375 0.0265625 0.0234375
6 0.9171875 0.8171875 0.028125 0.021875
6 0.93359375 0.86015625 0.0265625 0.0203125
6 0.94609375 0.890625 0.0296875 0.025
6 0.9609375 0.70234375 0.025 0.0140625
6 0.96328125 0.68671875 0.0296875 0.0140625
6 0.965625 0.67265625 0.025 0.0171875
