6 0.56328125 0.11796875 0.0234375 0.0296875
6 0.6125 0.259375 0.025 0.03125
6 0.83515625 0.2953125 0.0203125 0.028125
6 0.51015625 0.40546875 0.0140625 0.0296875
6 0.921875 0.45859375 0.028125 0.0234375
6 0.93515625 0.39921875 0.0421875 0.0421875
6 0.53203125 0.0421875 0.0265625 0.03125
6 0.5484375 0.0875 0.021875 0.025
6 0.56875 0.05546875 0.01875 0.0296875
6 0.87890625 0.77890625 0.0203125 0.0296875
6 0.753125 0.0609375 0.01875 0.028125
6 0.74765625 0.14296875 0.0234375 0.0328125
6 0.73984375 0.10859375 0.0234375 0.0296875
6 0.72109375 0.075 0.0234375 0.028125
6 0.71328125 0.04140625 0.0265625 0.0296875
6 0.6765625 0.01953125 0.025 0.0296875
6 0.6859375 0.0515625 0.021875 0.03125
6 0.69765625 0.090625 0.0234375 0.03125
6 0.71328125 0.12578125 0.0203125 0.0328125
6 0.65 0.03203125 0.025 0.0328125
6 0.5578125 0.02265625 0.025 0.0359375
6 0.8296875 0.78203125 0.015625 0.0296875
6 0.83203125 0.6890625 0.0234375 0.03125
6 0.7328125 0.60234375 0.025 0.0140625
6 0.75078125 0.903125 0.0296875 0.025
6 0.77421875 0.128125 0.0171875 0.03125
6 0.78515625 0.1140625 0.0265625 0.0375
6 0.8390625 0.20078125 0.028125 0.0296875
6 0.43203125 0.6421875 0.0265625 0.028125
6 0.75 0.5765625 0.03125 0.0125
6 0.48046875 0.82734375 0.0265625 0.0234375
6 0.490625 0.81640625 0.028125 0.0171875
6 0.50078125 0.80390625 0.0265625 0.0203125
6 0.534375 0.815625 0.025 0.025
6 0.54609375 0.803125 0.0328125 0.034375
6 0.51953125 0.78046875 0.0265625 0.0296875
6 0.7140625 0.7 0.028125 0.021875
