6 0.05625 0.88671875 0.03125 0.0203125
6 0.0546875 0.7625 0.034375 0.021875
6 0.08359375 0.76875 0.0296875 0.021875
6 0.1140625 0.778125 0.028125 0.021875
6 0.0515625 0.78046875 0.0375 0.0234375
6 0.08828125 0.8828125 0.0328125 0.015625
6 0.140625 0.8234375 0.028125 0.01875
6 0.11953125 0.88203125 0.0296875 0.0171875
6 0.15234375 0.878125 0.0359375 0.01875
6 0.17578125 0.890625 0.0328125 0.015625
6 0.203125 0.88984375 0.025 0.0140625
6 0.1890625 0.875 0.028125 0.015625
6 0.2203125 0.87265625 0.028125 0.0171875
6 0.25 0.86875 0.025 0.0125
6 0.28359375 0.86796875 0.0328125 0.0203125
6 0.31171875 0.8671875 0.0265625 0.015625
6 0.02890625 0.75625 0.0234375 0.01875
6 0.3953125 0.93125 0.01875 0.028125
6 0.059375 0.68515625 0.03125 0.0171875
5 0.25234375 0.153125 0.0890625 0.046875
5 0.1578125 0.26328125 0.084375 0.0390625
5 0.34296875 0.46875 0.0421875 0.065625
5 0.2390625 0.63125 0.071875 0.046875
5 0.109375 0.7203125 0.05625 0.075
6 0.3640625 0.91640625 0.028125 0.0328125
6 0.27890625 0.82890625 0.0296875 0.0171875
6 0.328125 0.84609375 0.03125 0.0171875
6 0.075 0.94375 0.025 0.015625
6 0.26484375 0.8 0.0265625 0.01875
6 0.046875 0.9484375 0.025 0.01875
6 0.13046875 0.93984375 0.0265625 0.0109375
6 0.16171875 0.9375 0.0296875 0.01875
6 0.19296875 0.93359375 0.0234375 0.0140625
6 0.22265625 0.93046875 0.0296875 0.0140625
6 0.26640625 0.884375 0.0265625 0.0125
6 0.32578125 0.91953125 0.0296875 0.0140625
6 0.29765625 0.925 0.0265625 0.015625
6 0.24453125 0.96484375 0.0234375 0.0296875
6 0.08203125 0.98046875 0.0171875 0.0296875
6 0.0984375 0.978125 0.015625 0.0375
6 0.11171875 0.97578125 0.0171875 0.0328125
6 0.12890625 0.97734375 0.0109375 0.0328125
6 0.1421875 0.9734375 0.015625 0.034375
6 0.15546875 0.97265625 0.0171875 0.0296875
6 0.17109375 0.97109375 0.0203125 0.0296875
6 0.18828125 0.971875 0.0203125 0.03125
6 0.20078125 0.96875 0.0140625 0.028125
6 0.21640625 0.9640625 0.0203125 0.028125
6 0.259375 0.9625 0.025 0.028125
6 0.2765625 0.9625 0.015625 0.028125
6 0.29375 0.9671875 0.0125 0.034375
6 0.403125 0.9546875 0.01875 0.028125
5 0.06328125 0.31875 0.0421875 0.03125
