6 0.9234375 0.7203125 0.03125 0.01875
6 0.60859375 0.34140625 0.0234375 0.0171875
6 0.58046875 0.34765625 0.0328125 0.0171875
6 0.87578125 0.553125 0.0203125 0.0125
6 0.875 0.565625 0.025 0.015625
6 0.5171875 0.83828125 0.03125 0.0234375
6 0.53203125 0.72421875 0.0234375 0.0171875
6 0.653125 0.52578125 0.028125 0.0140625
6 0.68046875 0.53828125 0.0203125 0.0140625
6 0.68046875 0.5515625 0.0234375 0.0125
6 0.79609375 0.4234375 0.0234375 0.0125
6 0.76328125 0.4359375 0.0203125 0.0125
6 0.88984375 0.4375 0.0203125 0.015625
5 0.05234375 0.478125 0.0546875 0.028125
6 0.88828125 0.42265625 0.0234375 0.0140625
6 0.071875 0.4296875 0.034375 0.021875
6 0.7 0.13515625 0.034375 0.0234375
6 0.59140625 0.228125 0.0265625 0.028125
6 0.90625 0.240625 0.028125 0.01875
5 0.49375 0.4546875 0.025 0.01875
6 0.70234375 0.98125 0.0328125 0.0125
6 0.8203125 0.74921875 0.03125 0.0171875
6 0.71640625 0.834375 0.0265625 0.015625
6 0.71328125 0.86484375 0.0265625 0.0140625
6 0.7125 0.87890625 0.025 0.0140625
6 0.7078125 0.89375 0.028125 0.0125
6 0.7375 0.8953125 0.028125 0.0125
6 0.73828125 0.9109375 0.0296875 0.0125
6 0.703125 0.95078125 0.025 0.0171875
6 0.73203125 0.95234375 0.0296875 0.0140625
6 0.73359375 0.9703125 0.0265625 0.0125
6 0.70234375 0.9671875 0.0265625 0.015625
6 0.73046875 0.9859375 0.0234375 0.015625
6 0.63125 0.9703125 0.028125 0.0125
6 0.80859375 0.9078125 0.0296875 0.015625
6 0.84140625 0.89765625 0.0265625 0.0140625
6 0.83515625 0.953125 0.0265625 0.0125
6 0.8046875 0.9625 0.028125 0.015625
6 0.62734375 0.98359375 0.0265625 0.0140625
6 0.63515625 0.95625 0.0203125 0.0125
6 0.625 0.79453125 0.025 0.0140625
6 0.58046875 0.33828125 0.0265625 0.0109375
6 0.671875 0.37734375 0.021875 0.0109375
6 0.6984375 0.38125 0.025 0.015625
6 0.76640625 0.40546875 0.0234375 0.0109375
6 0.7625 0.41953125 0.025 0.0171875
6 0.7890625 0.4078125 0.021875 0.0125
6 0.79296875 0.43671875 0.0234375 0.0109375
6 0.78984375 0.44921875 0.0234375 0.0140625
6 0.7875 0.4640625 0.021875 0.0125
6 0.7859375 0.4828125 0.028125 0.01875
6 0.74375 0.57734375 0.03125 0.0171875
6 0.7296875 0.69453125 0.028125 0.0140625
6 0.646875 0.8265625 0.021875 0.0125
6 0.60390625 0.9671875 0.0265625 0.0125
6 0.62109375 0.85078125 0.0265625 0.0140625
6 0.5875 0.8671875 0.015625 0.028125
6 0.540625 0.85703125 0.03125 0.0171875
6 0.53984375 0.871875 0.0296875 0.015625
6 0.53984375 0.8859375 0.0265625 0.0125
6 0.63984375 0.88359375 0.0265625 0.0171875
6 0.61484375 0.8921875 0.0234375 0.015625
6 0.64375 0.9 0.025 0.0125
6 0.61328125 0.9078125 0.0265625 0.015625
6 0.6109375 0.9234375 0.021875 0.015625
6 0.60703125 0.93828125 0.0265625 0.0140625
6 0.60625 0.953125 0.03125 0.0125
6 0.80390625 0.9796875 0.0296875 0.015625
6 0.96171875 0.62109375 0.0234375 0.0140625
6 0.9828125 0.45 0.028125 0.0125
6 0.98203125 0.465625 0.0265625 0.0125
6 0.98125 0.47890625 0.021875 0.0109375
6 0.978125 0.49296875 0.021875 0.0140625
6 0.97734375 0.50625 0.0234375 0.0125
6 0.9765625 0.521875 0.021875 0.015625
6 0.975 0.5359375 0.025 0.015625
6 0.971875 0.55234375 0.021875 0.0109375
6 0.9703125 0.56640625 0.028125 0.0109375
6 0.96875 0.58046875 0.021875 0.0109375
6 0.96484375 0.59453125 0.0234375 0.0140625
6 0.965625 0.609375 0.025 0.015625
6 0.9625 0.6359375 0.025 0.0125
6 0.884375 0.46484375 0.028125 0.0140625
6 0.96015625 0.64921875 0.0265625 0.0140625
6 0.96171875 0.66484375 0.0265625 0.0140625
6 0.9609375 0.6796875 0.028125 0.015625
6 0.96015625 0.6953125 0.0265625 0.015625
6 0.95703125 0.70859375 0.0265625 0.0171875
6 0.9578125 0.43046875 0.021875 0.0171875
6 0.9515625 0.44765625 0.025 0.0140625
6 0.95703125 0.4609375 0.0234375 0.015625
6 0.95390625 0.475 0.0265625 0.0125
6 0.9515625 0.48828125 0.028125 0.0140625
6 0.94921875 0.50546875 0.0234375 0.0140625
6 0.94765625 0.5203125 0.0265625 0.01875
6 0.98515625 0.43515625 0.0265625 0.0140625
6 0.884375 0.48125 0.025 0.015625
6 0.88125 0.5078125 0.025 0.015625
6 0.8328125 0.98359375 0.021875 0.0171875
6 0.83359375 0.96875 0.0203125 0.015625
6 0.8625 0.596875 0.025 0.015625
6 0.871875 0.58046875 0.025 0.0140625
6 0.84609375 0.54921875 0.0234375 0.0140625
6 0.84921875 0.53359375 0.0265625 0.0140625
6 0.85625 0.4921875 0.025 0.0125
6 0.85859375 0.4609375 0.0265625 0.0125
6 0.85859375 0.45 0.0296875 0.015625
6 0.8609375 0.4234375 0.034375 0.0125
6 0.57421875 0.3640625 0.0234375 0.015625
6 0.98359375 0.35078125 0.0171875 0.0234375
6 0.18828125 0.421875 0.0171875 0.028125
6 0.0796875 0.38671875 0.025 0.0171875
6 0.08046875 0.353125 0.0234375 0.01875
6 0.109375 0.2703125 0.021875 0.01875
6 0.08828125 0.334375 0.0234375 0.021875
6 0.34296875 0.4125 0.0203125 0.03125
6 0.97265625 0.35078125 0.0109375 0.0265625
6 0.678125 0.59921875 0.028125 0.0171875
6 0.67890625 0.57109375 0.0296875 0.0171875
6 0.67421875 0.6140625 0.0265625 0.0125
6 0.68671875 0.29296875 0.0234375 0.0265625
6 0.7296875 0.31171875 0.025 0.0296875
6 0.76640625 0.32734375 0.0234375 0.0328125
6 0.796875 0.3359375 0.01875 0.03125
6 0.82734375 0.340625 0.0171875 0.028125
6 0.840625 0.34453125 0.01875 0.0296875
6 0.85703125 0.346875 0.0171875 0.025
6 0.8734375 0.3453125 0.015625 0.03125
6 0.884375 0.3484375 0.015625 0.028125
6 0.91328125 0.34921875 0.0140625 0.0265625
6 0.9296875 0.35234375 0.01875 0.0328125
6 0.94453125 0.35234375 0.0109375 0.0265625
6 0.959375 0.34921875 0.01875 0.0296875
6 0.38515625 0.453125 0.0265625 0.015625
6 0.4078125 0.78828125 0.025 0.0171875
6 0.38515625 0.4375 0.0265625 0.0125
6 0.3875 0.42265625 0.025 0.0140625
6 0.38203125 0.48203125 0.0234375 0.0140625
6 0.37734375 0.49765625 0.0234375 0.0140625
6 0.37578125 0.51328125 0.0234375 0.0140625
6 0.37578125 0.52734375 0.0265625 0.0140625
6 0.37421875 0.54140625 0.0234375 0.0109375
6 0.375 0.55625 0.025 0.015625
6 0.39140625 0.73125 0.0265625 0.021875
6 0.39296875 0.74921875 0.0265625 0.0171875
6 0.3984375 0.76328125 0.028125 0.0203125
6 0.40234375 0.7765625 0.0265625 0.021875
6 0.41171875 0.80234375 0.0265625 0.0234375
6 0.4171875 0.8171875 0.028125 0.021875
6 0.43359375 0.86015625 0.0265625 0.0203125
6 0.44609375 0.890625 0.0296875 0.025
6 0.4609375 0.70234375 0.025 0.0140625
6 0.46328125 0.68671875 0.0296875 0.0140625
6 0.465625 0.67265625 0.025 0.0171875
6 0.49453125 0.9640625 0.0296875 0.028125
6 0.50390625 0.97734375 0.0234375 0.0234375
6 0.94609375 0.5359375 0.0234375 0.0125
6 0.94609375 0.55 0.0234375 0.0125
6 0.940625 0.5609375 0.03125 0.015625
6 0.94140625 0.57578125 0.0234375 0.0171875
6 0.92734375 0.98125 0.0296875 0.0125
6 0.93125 0.96640625 0.025 0.0140625
6 0.9328125 0.95234375 0.021875 0.0171875
6 0.9390625 0.88125 0.025 0.01875
6 0.93828125 0.59140625 0.0234375 0.0140625
6 0.93515625 0.60625 0.0234375 0.0125
6 0.93671875 0.6203125 0.0265625 0.0125
6 0.9515625 0.73515625 0.0375 0.0171875
6 0.9515625 0.75078125 0.021875 0.0140625
6 0.95078125 0.765625 0.0234375 0.0125
6 0.95 0.7796875 0.025 0.01875
6 0.9484375 0.79453125 0.025 0.0140625
6 0.94765625 0.81015625 0.0265625 0.0140625
6 0.92890625 0.64765625 0.0296875 0.0140625
6 0.9328125 0.66328125 0.03125 0.0171875
6 0.94296875 0.83828125 0.0296875 0.0140625
6 0.9375 0.90859375 0.025 0.0140625
6 0.91171875 0.90625 0.0265625 0.015625
6 0.9078125 0.9328125 0.025 0.015625
6 0.90703125 0.94765625 0.0234375 0.0140625
6 0.90390625 0.9609375 0.0265625 0.015625
6 0.90234375 0.9890625 0.0265625 0.0125
6 0.90625 0.87421875 0.03125 0.0109375
6 0.9109375 0.8890625 0.028125 0.015625
6 0.64296875 0.915625 0.0234375 0.01875
6 0.57265625 0.60078125 0.0296875 0.0171875
6 0.646875 0.59140625 0.03125 0.0203125
