6 0.18984375 0.86328125 0.0234375 0.0328125
6 0.21796875 0.88125 0.0265625 0.03125
6 0.22890625 0.89375 0.0265625 0.028125
6 0.23671875 0.9046875 0.0265625 0.025
6 0.2453125 0.92109375 0.028125 0.0171875
6 0.24765625 0.93984375 0.0265625 0.0171875
6 0.25078125 0.95625 0.0265625 0.015625
6 0.2484375 0.96953125 0.028125 0.0140625
6 0.2453125 0.98671875 0.025 0.0203125
6 0.84921875 0.44609375 0.0453125 0.0421875
6 0.83984375 0.46484375 0.0265625 0.0203125
6 0.75078125 0.30234375 0.0296875 0.0328125
6 0.79375 0.2609375 0.040625 0.034375
6 0.66796875 0.490625 0.0328125 0.025
6 0.69140625 0.2984375 0.0359375 0.03125
6 0.81171875 0.175 0.0234375 0.025
6 0.69375 0.37421875 0.034375 0.0328125
6 0.70234375 0.3578125 0.0328125 0.03125
6 0.65078125 0.428125 0.0421875 0.04375
6 0.65234375 0.5640625 0.0265625 0.025
6 0.43046875 0.59296875 0.0265625 0.0234375
6 0.51328125 0.67421875 0.0265625 0.0265625
6 0.45078125 0.6328125 0.0265625 0.025
6 0.5296875 0.64921875 0.025 0.0234375
6 0.42890625 0.4125 0.0359375 0.028125
6 0.57421875 0.496875 0.0296875 0.028125
6 0.55078125 0.6234375 0.0328125 0.028125
6 0.5625 0.6125 0.028125 0.01875
6 0.571875 0.5984375 0.03125 0.028125
6 0.5828125 0.5859375 0.03125 0.03125
6 0.59453125 0.57734375 0.0234375 0.0265625
6 0.6109375 0.5625 0.028125 0.025
6 0.709375 0.48046875 0.028125 0.0265625
6 0.73359375 0.4671875 0.0265625 0.028125
6 0.72109375 0.59296875 0.0234375 0.0296875
6 0.70625 0.61875 0.03125 0.028125
6 0.71484375 0.64609375 0.0296875 0.0296875
6 0.66484375 0.6578125 0.0296875 0.028125
6 0.63359375 0.69140625 0.0328125 0.0328125
6 0.59765625 0.72734375 0.0296875 0.0265625
6 0.646875 0.72578125 0.021875 0.0265625
6 0.65625 0.7125 0.021875 0.01875
5 0.590625 0.86328125 0.034375 0.0328125
5 0.6359375 0.91953125 0.028125 0.0265625
6 0.08359375 0.17421875 0.0171875 0.0265625
6 0.09375 0.29765625 0.01875 0.0265625
6 0.26953125 0.4703125 0.0296875 0.03125
6 0.14765625 0.41484375 0.0203125 0.0265625
6 0.090625 0.6390625 0.028125 0.025
5 0.16171875 0.78359375 0.0265625 0.0171875
6 0.16875 0.51953125 0.025 0.0296875
6 0.20859375 0.5765625 0.0234375 0.03125
6 0.140625 0.50390625 0.025 0.0265625
5 0.13515625 0.446875 0.0265625 0.034375
6 0.2046875 0.871875 0.021875 0.03125
6 0.17890625 0.85703125 0.0203125 0.0265625
6 0.0140625 0.8515625 0.0125 0.028125
6 0.1640625 0.85234375 0.021875 0.0296875
6 0.15390625 0.94375 0.0234375 0.0125
6 0.15703125 0.95703125 0.0265625 0.0171875
6 0.08203125 0.95078125 0.0265625 0.0140625
6 0.14921875 0.85 0.0171875 0.03125
6 0.17734375 0.9765625 0.0265625 0.0125
6 0.17734375 0.990625 0.0265625 0.0125
6 0.1515625 0.9734375 0.028125 0.01875
6 0.14765625 0.9890625 0.0265625 0.0125
6 0.05234375 0.93125 0.0296875 0.015625
6 0.07890625 0.934375 0.0234375 0.0125
6 0.05234375 0.9453125 0.0265625 0.0125
6 0.053125 0.95859375 0.021875 0.0140625
6 0.04921875 0.97109375 0.0265625 0.0140625
6 0.04765625 0.98671875 0.0234375 0.0140625
6 0.68359375 0.675 0.0265625 0.028125
6 0.8640625 0.63515625 0.021875 0.0328125
6 0.9734375 0.55625 0.025 0.034375
6 0.8875 0.603125 0.021875 0.03125
6 0.93828125 0.64765625 0.0234375 0.0328125
6 0.97890625 0.6546875 0.0171875 0.03125
6 0.80234375 0.871875 0.0203125 0.03125
6 0.79921875 0.90703125 0.0203125 0.0359375
6 0.84375 0.88125 0.015625 0.028125
6 0.859375 0.88515625 0.015625 0.0296875
6 0.87421875 0.88828125 0.0171875 0.0296875
6 0.90234375 0.89921875 0.0171875 0.0328125
6 0.91875 0.9 0.01875 0.03125
6 0.94453125 0.90390625 0.0171875 0.0265625
6 0.95859375 0.90703125 0.0171875 0.0265625
6 0.97265625 0.909375 0.0203125 0.028125
6 0.98828125 0.9125 0.0203125 0.03125
6 0.80859375 0.84765625 0.0265625 0.0171875
6 0.78125 0.90390625 0.021875 0.0359375
6 0.79765625 0.9703125 0.0234375 0.034375
6 0.84140625 0.9796875 0.0171875 0.034375
6 0.92578125 0.93203125 0.0203125 0.0359375
6 0.86953125 0.91875 0.0203125 0.034375
6 0.884375 0.92421875 0.01875 0.0359375
6 0.91015625 0.928125 0.0203125 0.03125
6 0.94140625 0.9328125 0.0171875 0.034375
6 0.97734375 0.75 0.0234375 0.0375
6 0.853125 0.6953125 0.015625 0.03125
6 0.86171875 0.72265625 0.0203125 0.0265625
6 0.9046875 0.7359375 0.01875 0.028125
6 0.98515625 0.84921875 0.0203125 0.0328125
6 0.96171875 0.81484375 0.0171875 0.0296875
6 0.8 0.80703125 0.01875 0.0328125
6 0.81796875 0.81171875 0.0171875 0.0328125
6 0.83203125 0.815625 0.0171875 0.03125
6 0.8578125 0.81953125 0.021875 0.0296875
6 0.8875 0.82890625 0.015625 0.0328125
6 0.90234375 0.83203125 0.0203125 0.0359375
6 0.925 0.83984375 0.015625 0.0296875
6 0.94140625 0.840625 0.0171875 0.028125
6 0.95625 0.8453125 0.01875 0.03125
