6 0.1859375 0.74921875 0.034375 0.0296875
6 0.3671875 0.0203125 0.034375 0.015625
6 0.24140625 0.84765625 0.0296875 0.0296875
6 0.059375 0.28515625 0.040625 0.0265625
6 0.01953125 0.95390625 0.0328125 0.0265625
6 0.70234375 0.259375 0.0421875 0.040625
6 0.6734375 0.28671875 0.034375 0.0390625
6 0.028125 0.940625 0.03125 0.025
6 0.2296875 0.85859375 0.0375 0.0265625
6 0.20078125 0.89296875 0.0296875 0.0203125
6 0.17578125 0.98203125 0.0328125 0.0296875
6 0.190625 0.9703125 0.028125 0.028125
6 0.2 0.9515625 0.034375 0.034375
6 0.21953125 0.9375 0.0328125 0.028125
6 0.2296875 0.9203125 0.028125 0.025
6 0.24140625 0.903125 0.0296875 0.028125
6 0.25703125 0.88671875 0.0296875 0.0296875
6 0.27109375 0.86875 0.0328125 0.028125
6 0.1609375 0.93984375 0.03125 0.0234375
6 0.16796875 0.92890625 0.0296875 0.0234375
6 0.18125 0.915625 0.03125 0.025
6 0.1046875 0.85546875 0.028125 0.0296875
6 0.08515625 0.87265625 0.0296875 0.0265625
6 0.1109375 0.84296875 0.03125 0.0328125
6 0.14453125 0.80859375 0.0359375 0.0296875
6 0.15234375 0.7921875 0.0296875 0.021875
6 0.19609375 0.79296875 0.0328125 0.0203125
6 0.2046875 0.78046875 0.03125 0.0234375
6 0.21484375 0.76953125 0.0328125 0.0203125
6 0.19921875 0.73984375 0.0328125 0.0265625
6 0.109375 0.8953125 0.03125 0.01875
6 0.11328125 0.88046875 0.0265625 0.0203125
6 0.153125 0.8390625 0.03125 0.025
6 0.20390625 0.87890625 0.0296875 0.0203125
6 0.22109375 0.86953125 0.0296875 0.0265625
6 0.09453125 0.8625 0.0296875 0.025
6 0.07421875 0.88359375 0.0296875 0.0234375
6 0.0390625 0.93203125 0.028125 0.0234375
6 0.14375 0.9625 0.034375 0.03125
6 0.0625 0.9515625 0.03125 0.03125
6 0.04296875 0.97578125 0.0296875 0.0296875
6 0.13203125 0.975 0.0296875 0.025
6 0.06640625 0.89609375 0.0328125 0.0234375
6 0.09375 0.75234375 0.028125 0.0265625
6 0.121875 0.7203125 0.03125 0.028125
6 0.07265625 0.9390625 0.0265625 0.025
