6 0.16640625 0.5609375 0.0265625 0.01875
6 0.15 0.621875 0.025 0.015625
6 0.0546875 0.50390625 0.025 0.0203125
6 0.1359375 0.77421875 0.03125 0.0234375
6 0.20234375 0.68125 0.0296875 0.01875
6 0.1546875 0.8359375 0.025 0.021875
6 0.22734375 0.565625 0.0390625 0.025
6 0.22890625 0.87890625 0.0234375 0.0171875
6 0.2578125 0.88671875 0.028125 0.0203125
6 0.23359375 0.89375 0.0234375 0.015625
6 0.2671875 0.89765625 0.025 0.0171875
6 0.24296875 0.9046875 0.0265625 0.01875
6 0.3078125 0.81796875 0.028125 0.0203125
6 0.2703125 0.92890625 0.025 0.0140625
6 0.2734375 0.9421875 0.028125 0.015625
6 0.24609375 0.93359375 0.0265625 0.0203125
6 0.246875 0.95 0.028125 0.021875
6 0.02890625 0.56796875 0.0234375 0.0171875
6 0.19921875 0.66171875 0.0265625 0.0171875
6 0.25546875 0.96328125 0.0234375 0.0171875
6 0.27109375 0.70625 0.0265625 0.01875
6 0.16875 0.34765625 0.025 0.0171875
6 0.2015625 0.46171875 0.021875 0.0171875
6 0.20625 0.48828125 0.01875 0.0140625
6 0.2109375 0.50546875 0.021875 0.0171875
6 0.22265625 0.5296875 0.0265625 0.01875
6 0.2484375 0.6203125 0.028125 0.01875
6 0.2515625 0.646875 0.025 0.01875
6 0.26484375 0.68046875 0.0234375 0.0140625
6 0.2703125 0.69296875 0.021875 0.0140625
6 0.278125 0.95703125 0.025 0.0171875
6 0.2625 0.9765625 0.028125 0.021875
6 0.13359375 0.9171875 0.0234375 0.01875
6 0.075 0.9 0.025 0.01875
6 0.06796875 0.88515625 0.0265625 0.0140625
6 0.0625 0.86640625 0.025 0.0171875
6 0.234375 0.58125 0.025 0.01875
6 0.090625 0.96171875 0.01875 0.0171875
6 0.08671875 0.94375 0.0203125 0.01875
6 0.0828125 0.92734375 0.025 0.0171875
6 0.05 0.91328125 0.025 0.0203125
6 0.17578125 0.91328125 0.0171875 0.0171875
6 0.14375 0.9453125 0.025 0.01875
6 0.2734375 0.59609375 0.025 0.0234375
6 0.29296875 0.96875 0.0265625 0.01875
6 0.2921875 0.984375 0.021875 0.01875
6 0.26875 0.9890625 0.021875 0.015625
6 0.71328125 0.82578125 0.0265625 0.0203125
6 0.2875 0.63671875 0.028125 0.0265625
6 0.71328125 0.83984375 0.0265625 0.0140625
6 0.7265625 0.896875 0.034375 0.025
6 0.0625 0.96875 0.028125 0.021875
6 0.26953125 0.91171875 0.0265625 0.0171875
6 0.25625 0.86875 0.028125 0.01875
6 0.76796875 0.93671875 0.0359375 0.0265625
