6 0.87578125 0.096875 0.0234375 0.01875
6 0.925 0.03828125 0.025 0.0171875
6 0.9265625 0.0546875 0.03125 0.021875
6 0.93828125 0.078125 0.0234375 0.01875
6 0.94375 0.0921875 0.021875 0.01875
6 0.878125 0.1140625 0.028125 0.01875
6 0.94765625 0.1234375 0.0234375 0.01875
6 0.88515625 0.128125 0.0234375 0.01875
6 0.85234375 0.13671875 0.0265625 0.0203125
6 0.865625 0.084375 0.025 0.021875
6 0.96484375 0.45390625 0.0296875 0.0234375
6 0.96875 0.38828125 0.03125 0.0234375
6 0.98125 0.4171875 0.028125 0.015625
6 0.9546875 0.42421875 0.025 0.0140625
6 0.959375 0.43984375 0.028125 0.0203125
6 0.97890625 0.49921875 0.0234375 0.0171875
6 0.85390625 0.1203125 0.0296875 0.021875
6 0.0265625 0.98515625 0.021875 0.0265625
6 0.884375 0.4109375 0.025 0.021875
6 0.75625 0.58203125 0.028125 0.0203125
6 0.5515625 0.3140625 0.04375 0.028125
