6 0.1703125 0.62109375 0.028125 0.0140625
6 0.1984375 0.4328125 0.021875 0.0125
6 0.1984375 0.44609375 0.028125 0.0140625
6 0.19609375 0.46171875 0.0265625 0.0140625
6 0.19140625 0.48828125 0.0265625 0.0140625
6 0.1875 0.5046875 0.025 0.015625
6 0.1859375 0.5203125 0.025 0.015625
6 0.1859375 0.53203125 0.028125 0.0140625
6 0.1859375 0.54765625 0.03125 0.0171875
6 0.18359375 0.56328125 0.0265625 0.0140625
6 0.1796875 0.5765625 0.028125 0.0125
6 0.17890625 0.5890625 0.0265625 0.015625
6 0.175 0.603125 0.021875 0.015625
6 0.16796875 0.6359375 0.0296875 0.015625
6 0.20390625 0.371875 0.0234375 0.015625
6 0.16484375 0.65 0.0265625 0.015625
6 0.16015625 0.6625 0.0234375 0.01875
6 0.153125 0.6765625 0.028125 0.01875
6 0.1484375 0.69140625 0.025 0.0171875
6 0.14296875 0.7046875 0.0265625 0.021875
6 0.1359375 0.7171875 0.028125 0.021875
6 0.128125 0.7328125 0.025 0.021875
6 0.1203125 0.74609375 0.01875 0.0171875
6 0.1078125 0.75546875 0.025 0.0234375
6 0.09609375 0.76640625 0.0265625 0.0265625
6 0.0828125 0.7765625 0.025 0.028125
6 0.07265625 0.7859375 0.0234375 0.025
6 0.20078125 0.3875 0.0265625 0.0125
6 0.2046875 0.35859375 0.021875 0.0140625
6 0.0421875 0.7984375 0.01875 0.021875
6 0.2359375 0.05859375 0.021875 0.0140625
6 0.24296875 0.015625 0.0296875 0.015625
6 0.240625 0.03125 0.028125 0.015625
6 0.2390625 0.04296875 0.025 0.0140625
6 0.22578125 0.14453125 0.0234375 0.0140625
6 0.20859375 0.3453125 0.0234375 0.015625
6 0.2234375 0.15859375 0.025 0.0140625
6 0.22421875 0.1875 0.0265625 0.015625
6 0.22109375 0.2015625 0.0234375 0.0125
6 0.22109375 0.2171875 0.0328125 0.015625
6 0.21796875 0.23046875 0.0265625 0.0140625
6 0.21640625 0.24453125 0.0296875 0.0171875
6 0.21640625 0.25859375 0.0234375 0.0140625
6 0.2140625 0.27265625 0.028125 0.0171875
6 0.2109375 0.28671875 0.025 0.0140625
6 0.21015625 0.3015625 0.0265625 0.0125
6 0.21015625 0.31640625 0.0265625 0.0109375
6 0.2078125 0.33046875 0.025 0.0140625
6 0.06015625 0.79296875 0.0234375 0.0265625
6 0.02890625 0.80234375 0.0203125 0.0265625
6 0.01640625 0.80703125 0.0234375 0.0328125
5 0.71640625 0.1109375 0.0203125 0.028125
6 0.50859375 0.7109375 0.0234375 0.025
6 0.46875 0.7203125 0.03125 0.025
6 0.47421875 0.7015625 0.0453125 0.040625
6 0.7203125 0.73125 0.03125 0.025
6 0.63203125 0.72109375 0.0359375 0.0265625
6 0.61015625 0.69921875 0.0359375 0.0296875
6 0.22265625 0.9328125 0.0171875 0.03125
6 0.446875 0.9078125 0.034375 0.028125
6 0.4546875 0.89375 0.03125 0.03125
6 0.49609375 0.89296875 0.0296875 0.0296875
6 0.5375 0.94375 0.0375 0.03125
6 0.51171875 0.978125 0.0296875 0.025
6 0.36171875 0.8515625 0.0296875 0.025
6 0.38046875 0.83046875 0.0265625 0.0265625
6 0.4234375 0.82734375 0.025 0.0234375
6 0.41875 0.784375 0.028125 0.025
6 0.559375 0.81171875 0.03125 0.0234375
6 0.5671875 0.79921875 0.034375 0.0265625
6 0.565625 0.759375 0.03125 0.021875
6 0.575 0.7484375 0.028125 0.01875
6 0.58125 0.73828125 0.03125 0.0234375
6 0.5890625 0.72421875 0.03125 0.0265625
6 0.021875 0.53671875 0.028125 0.0171875
6 0.01796875 0.55234375 0.0265625 0.0140625
6 0.0171875 0.565625 0.025 0.015625
6 0.01484375 0.58046875 0.0234375 0.0140625
6 0.01328125 0.59765625 0.0265625 0.0171875
6 0.009375 0.6109375 0.01875 0.0125
6 0.0125 0.62265625 0.021875 0.0171875
6 0.0234375 0.50625 0.025 0.025
6 0.14296875 0.01640625 0.0203125 0.0140625
6 0.14140625 0.03125 0.0234375 0.0125
6 0.1328125 0.0453125 0.021875 0.015625
6 0.13828125 0.071875 0.0265625 0.0125
6 0.134375 0.08828125 0.025 0.0140625
6 0.13125 0.103125 0.025 0.0125
6 0.13046875 0.1171875 0.0234375 0.0125
6 0.12734375 0.14609375 0.0234375 0.0140625
6 0.12890625 0.1625 0.0234375 0.0125
6 0.02421875 0.52265625 0.0265625 0.0140625
6 0.025 0.484375 0.01875 0.0125
6 0.1265625 0.1890625 0.025 0.0125
6 0.059375 0.14921875 0.025 0.0171875
6 0.1578125 0.13671875 0.021875 0.0140625
6 0.121875 0.21640625 0.021875 0.0140625
6 0.1484375 0.221875 0.028125 0.015625
6 0.11484375 0.31640625 0.0234375 0.0140625
6 0.11484375 0.33125 0.0234375 0.015625
6 0.1078125 0.38984375 0.025 0.0203125
6 0.08828125 0.503125 0.0265625 0.01875
6 0.0953125 0.475 0.028125 0.015625
6 0.06875 0.06328125 0.028125 0.0140625
6 0.0640625 0.109375 0.021875 0.0125
6 0.0578125 0.1640625 0.025 0.015625
6 0.028125 0.46953125 0.021875 0.0171875
6 0.05703125 0.1796875 0.0203125 0.015625
6 0.0546875 0.1921875 0.021875 0.015625
6 0.05078125 0.20546875 0.0234375 0.0171875
6 0.0515625 0.23671875 0.025 0.0140625
6 0.04921875 0.25078125 0.0203125 0.0140625
6 0.046875 0.26484375 0.021875 0.0140625
6 0.040625 0.2921875 0.025 0.0125
6 0.04453125 0.33671875 0.0265625 0.0171875
6 0.03359375 0.3828125 0.0265625 0.015625
6 0.034375 0.39609375 0.025 0.0140625
6 0.03359375 0.4203125 0.0265625 0.0125
6 0.03359375 0.4375 0.0234375 0.015625
6 0.12734375 0.1765625 0.0234375 0.0125
6 0.125 0.20390625 0.025 0.0140625
6 0.13828125 0.3484375 0.0234375 0.015625
6 0.16484375 0.09453125 0.0265625 0.0109375
6 0.15390625 0.15 0.0203125 0.015625
6 0.1546875 0.16328125 0.021875 0.0140625
6 0.15390625 0.17578125 0.0234375 0.0140625
6 0.1515625 0.19296875 0.021875 0.0171875
6 0.1515625 0.20859375 0.021875 0.0140625
6 0.146875 0.23671875 0.028125 0.0171875
6 0.14453125 0.24921875 0.0234375 0.0140625
6 0.1421875 0.2640625 0.021875 0.015625
6 0.140625 0.29453125 0.021875 0.0171875
6 0.1421875 0.31953125 0.028125 0.0171875
6 0.13984375 0.33515625 0.0203125 0.0171875
6 0.13828125 0.3625 0.0265625 0.015625
6 0.165625 0.04765625 0.028125 0.0140625
6 0.13671875 0.3765625 0.0234375 0.015625
6 0.134375 0.39375 0.025 0.015625
6 0.13203125 0.40859375 0.0265625 0.0140625
6 0.13125 0.421875 0.021875 0.0125
6 0.128125 0.43671875 0.021875 0.0140625
6 0.12578125 0.4515625 0.0203125 0.0125
6 0.12578125 0.46640625 0.0265625 0.0171875
6 0.12421875 0.48046875 0.0234375 0.0140625
6 0.121875 0.49296875 0.025 0.0140625
6 0.11953125 0.50859375 0.0203125 0.0171875
6 0.11953125 0.52265625 0.0203125 0.0140625
6 0.16484375 0.0796875 0.0265625 0.015625
6 0.1671875 0.03359375 0.025 0.0140625
6 0.11796875 0.23125 0.0234375 0.015625
6 0.08671875 0.51640625 0.0296875 0.0171875
6 0.11875 0.246875 0.025 0.015625
6 0.1171875 0.2609375 0.025 0.015625
6 0.115625 0.3015625 0.021875 0.01875
6 0.1109375 0.3453125 0.028125 0.015625
6 0.109375 0.3609375 0.021875 0.015625
6 0.109375 0.37578125 0.021875 0.0171875
6 0.10390625 0.4046875 0.0203125 0.015625
6 0.1046875 0.415625 0.021875 0.0125
6 0.10234375 0.43046875 0.0265625 0.0140625
6 0.09921875 0.44765625 0.0265625 0.0140625
6 0.09609375 0.4609375 0.0296875 0.0125
6 0.09375 0.4890625 0.025 0.015625
6 0.09296875 0.53203125 0.0265625 0.0140625
6 0.0890625 0.5515625 0.025 0.015625
6 0.08828125 0.56484375 0.0203125 0.0140625
6 0.08828125 0.578125 0.0234375 0.0125
6 0.08515625 0.59140625 0.0203125 0.0171875
6 0.08203125 0.60546875 0.0234375 0.0140625
6 0.0828125 0.61796875 0.025 0.0140625
6 0.08046875 0.63203125 0.0265625 0.0171875
6 0.078125 0.6484375 0.021875 0.01875
6 0.07578125 0.6640625 0.0265625 0.015625
6 0.07109375 0.67890625 0.0203125 0.0171875
6 0.16015625 0.1203125 0.0265625 0.01875
6 0.13671875 0.06015625 0.0296875 0.0140625
6 0.04609375 0.01796875 0.0203125 0.0140625
6 0.0453125 0.0328125 0.025 0.015625
6 0.071875 0.0359375 0.034375 0.01875
6 0.0734375 0.05 0.03125 0.015625
6 0.06484375 0.0796875 0.0234375 0.0125
6 0.0609375 0.121875 0.025 0.0125
6 0.059375 0.13359375 0.028125 0.0140625
6 0.04453125 0.32265625 0.0265625 0.0140625
6 0.04140625 0.30625 0.0265625 0.01875
6 0.040625 0.35234375 0.025 0.0171875
6 0.040625 0.0484375 0.025 0.0125
6 0.03984375 0.0609375 0.0265625 0.0125
6 0.0390625 0.07734375 0.021875 0.0171875
6 0.0359375 0.08984375 0.025 0.0140625
6 0.034375 0.10625 0.021875 0.0125
6 0.03203125 0.1203125 0.0203125 0.0125
6 0.034375 0.1328125 0.021875 0.0125
6 0.0296875 0.14921875 0.021875 0.0171875
6 0.028125 0.16328125 0.021875 0.0140625
6 0.02734375 0.17734375 0.0234375 0.0140625
6 0.02734375 0.18984375 0.0296875 0.0171875
6 0.021875 0.203125 0.021875 0.015625
6 0.021875 0.22109375 0.025 0.0171875
6 0.021875 0.23671875 0.021875 0.0140625
6 0.02265625 0.24765625 0.0203125 0.0109375
6 0.0171875 0.2609375 0.025 0.0125
6 0.01640625 0.2765625 0.0234375 0.0125
6 0.015625 0.290625 0.021875 0.0125
6 0.0140625 0.31875 0.025 0.015625
6 0.0125 0.33125 0.025 0.015625
6 0.0140625 0.3484375 0.025 0.015625
6 0.009375 0.36328125 0.01875 0.0140625
6 0.903125 0.2171875 0.015625 0.03125
6 0.91875 0.21640625 0.015625 0.0296875
6 0.93515625 0.21875 0.0203125 0.03125
6 0.9484375 0.22265625 0.01875 0.0359375
6 0.9609375 0.2234375 0.021875 0.034375
6 0.97578125 0.22578125 0.0203125 0.0328125
6 0.9890625 0.228125 0.01875 0.034375
6 0.834375 0.103125 0.021875 0.03125
6 0.86171875 0.11015625 0.0203125 0.0328125
6 0.8765625 0.11171875 0.025 0.0359375
6 0.765625 0.23359375 0.0375 0.0328125
6 0.9421875 0.4109375 0.03125 0.015625
6 0.75234375 0.4171875 0.0328125 0.025
6 0.89375 0.2640625 0.03125 0.03125
6 0.9046875 0.275 0.025 0.03125
6 0.91875 0.2796875 0.025 0.0375
6 0.9296875 0.29140625 0.028125 0.0328125
6 0.95390625 0.31171875 0.0296875 0.0171875
6 0.97734375 0.13046875 0.0171875 0.0359375
6 0.96328125 0.12734375 0.0203125 0.0296875
6 0.94921875 0.1265625 0.0171875 0.03125
6 0.86875 0.175 0.0125 0.028125
6 0.88125 0.175 0.015625 0.028125
6 0.89609375 0.1734375 0.0171875 0.028125
6 0.92265625 0.1828125 0.0140625 0.028125
6 0.9671875 0.190625 0.025 0.034375
6 0.9828125 0.19375 0.021875 0.03125
6 0.90625 0.1171875 0.015625 0.028125
6 0.9203125 0.1203125 0.01875 0.034375
6 0.93515625 0.12421875 0.0203125 0.0296875
6 0.2015625 0.4171875 0.028125 0.01875
6 0.20234375 0.4015625 0.0265625 0.015625
6 0.1140625 0.27578125 0.028125 0.0140625
6 0.14375 0.278125 0.034375 0.015625
