6 0.1859375 0.24921875 0.034375 0.0296875
5 0.1671875 0.64296875 0.0875 0.0421875
6 0.24140625 0.34765625 0.0296875 0.0296875
6 0.01953125 0.45390625 0.0328125 0.0265625
6 0.909375 0.940625 0.028125 0.025
6 0.028125 0.440625 0.03125 0.025
6 0.2296875 0.35859375 0.0375 0.0265625
6 0.20078125 0.39296875 0.0296875 0.0203125
6 0.17578125 0.48203125 0.0328125 0.0296875
6 0.190625 0.4703125 0.028125 0.028125
6 0.2 0.4515625 0.034375 0.034375
6 0.21953125 0.4375 0.0328125 0.028125
6 0.2296875 0.4203125 0.028125 0.025
6 0.24140625 0.403125 0.0296875 0.028125
6 0.25703125 0.38671875 0.0296875 0.0296875
6 0.27109375 0.36875 0.0328125 0.028125
6 0.1609375 0.43984375 0.03125 0.0234375
6 0.16796875 0.42890625 0.0296875 0.0234375
6 0.18125 0.415625 0.03125 0.025
6 0.1046875 0.35546875 0.028125 0.0296875
6 0.08515625 0.37265625 0.0296875 0.0265625
6 0.1109375 0.34296875 0.03125 0.0328125
6 0.14453125 0.30859375 0.0359375 0.0296875
6 0.15234375 0.2921875 0.0296875 0.021875
6 0.19609375 0.29296875 0.0328125 0.0203125
6 0.2046875 0.28046875 0.03125 0.0234375
6 0.21484375 0.26953125 0.0328125 0.0203125
6 0.19921875 0.23984375 0.0328125 0.0265625
6 0.109375 0.3953125 0.03125 0.01875
6 0.11328125 0.38046875 0.0265625 0.0203125
6 0.153125 0.3390625 0.03125 0.025
6 0.20390625 0.37890625 0.0296875 0.0203125
6 0.22109375 0.36953125 0.0296875 0.0265625
6 0.09453125 0.3625 0.0296875 0.025
6 0.07421875 0.38359375 0.0296875 0.0234375
6 0.0390625 0.43203125 0.028125 0.0234375
6 0.14375 0.4625 0.034375 0.03125
6 0.0625 0.4515625 0.03125 0.03125
6 0.04296875 0.47578125 0.0296875 0.0296875
6 0.025 0.49453125 0.021875 0.0265625
6 0.015625 0.5046875 0.028125 0.028125
6 0.0796875 0.540625 0.034375 0.028125
6 0.08671875 0.53203125 0.0328125 0.0296875
6 0.096875 0.51953125 0.034375 0.0296875
6 0.10625 0.50703125 0.034375 0.0265625
6 0.11484375 0.49609375 0.0296875 0.0265625
6 0.13125 0.4890625 0.03125 0.021875
6 0.13203125 0.475 0.0296875 0.025
6 0.06640625 0.39609375 0.0328125 0.0234375
6 0.09375 0.25234375 0.028125 0.0265625
6 0.121875 0.2203125 0.03125 0.028125
6 0.07265625 0.4390625 0.0265625 0.025
