6 0.73125 0.52109375 0.0375 0.0296875
6 0.5984375 0.2375 0.03125 0.028125
6 0.559375 0.28203125 0.028125 0.0234375
6 0.621875 0.31484375 0.028125 0.0265625
6 0.64296875 0.33203125 0.0234375 0.0234375
6 0.6578125 0.32578125 0.028125 0.0265625
6 0.6578125 0.26875 0.03125 0.025
6 0.6890625 0.275 0.034375 0.034375
6 0.72109375 0.24296875 0.0359375 0.0328125
6 0.809375 0.3015625 0.028125 0.0375
6 0.7609375 0.296875 0.028125 0.021875
6 0.75390625 0.30546875 0.0296875 0.0265625
6 0.71796875 0.340625 0.0296875 0.028125
6 0.74375 0.31796875 0.03125 0.0265625
6 0.7828125 0.31875 0.025 0.025
6 0.74765625 0.3625 0.0296875 0.028125
6 0.91015625 0.4796875 0.0296875 0.034375
6 0.73671875 0.371875 0.0328125 0.025
6 0.80703125 0.39921875 0.0296875 0.0265625
6 0.82109375 0.3859375 0.0296875 0.025
6 0.82734375 0.3703125 0.0296875 0.025
6 0.83671875 0.36015625 0.0296875 0.0265625
6 0.81640625 0.43828125 0.0328125 0.0265625
6 0.83984375 0.40546875 0.0265625 0.0234375
6 0.85234375 0.39453125 0.0265625 0.0234375
6 0.8671875 0.3703125 0.028125 0.021875
6 0.8765625 0.3625 0.028125 0.025
6 0.8890625 0.34921875 0.028125 0.0265625
6 0.87421875 0.46953125 0.0265625 0.0234375
6 0.88515625 0.46171875 0.0328125 0.0203125
6 0.896875 0.44921875 0.028125 0.0203125
6 0.909375 0.4421875 0.025 0.021875
6 0.92109375 0.43046875 0.0296875 0.0234375
6 0.9265625 0.41640625 0.03125 0.0203125
6 0.93359375 0.40234375 0.0421875 0.0296875
6 0.921875 0.46796875 0.028125 0.0234375
6 0.93125 0.45859375 0.028125 0.0265625
6 0.94921875 0.434375 0.0234375 0.01875
6 0.95703125 0.42265625 0.0296875 0.0234375
6 0.2421875 0.0875 0.025 0.03125
6 0.4671875 0.03359375 0.03125 0.0265625
6 0.36875 0.04609375 0.028125 0.0296875
6 0.5359375 0.11015625 0.034375 0.0328125
6 0.56171875 0.12890625 0.0296875 0.0296875
6 0.540625 0.153125 0.0375 0.03125
6 0.47265625 0.22890625 0.0296875 0.0234375
6 0.86640625 0.68125 0.0296875 0.01875
6 0.9453125 0.6546875 0.03125 0.028125
6 0.7265625 0.38515625 0.0375 0.0296875
6 0.9734375 0.51171875 0.034375 0.0296875
6 0.9828125 0.50078125 0.03125 0.0296875
6 0.7546875 0.35 0.034375 0.03125
6 0.96875 0.4109375 0.028125 0.028125
6 0.975 0.4 0.025 0.028125
6 0.95390625 0.38125 0.0328125 0.03125
6 0.94609375 0.39140625 0.0359375 0.0265625
6 0.96171875 0.36953125 0.0296875 0.0296875
6 0.83828125 0.23828125 0.0234375 0.0359375
6 0.853125 0.24296875 0.01875 0.0296875
6 0.87265625 0.24609375 0.0234375 0.0359375
