6 0.30078125 0.559375 0.0171875 0.034375
6 0.50546875 0.6078125 0.0203125 0.034375
6 0.49296875 0.60078125 0.0140625 0.0359375
6 0.46484375 0.5984375 0.0109375 0.028125
6 0.446875 0.59609375 0.01875 0.0328125
6 0.43125 0.590625 0.015625 0.028125
6 0.28515625 0.559375 0.0171875 0.025
6 0.2140625 0.54453125 0.0125 0.0265625
6 0.234375 0.59765625 0.0125 0.0265625
6 0.38125 0.628125 0.01875 0.034375
5 0.69765625 0.6421875 0.0234375 0.03125
5 0.7390625 0.275 0.03125 0.05
5 0.89375 0.4 0.0375 0.028125
5 0.4640625 0.12734375 0.034375 0.0328125
5 0.63984375 0.5 0.0140625 0.034375
5 0.67265625 0.5875 0.0171875 0.028125
5 0.7203125 0.59921875 0.0125 0.0265625
6 0.17734375 0.41015625 0.0171875 0.0265625
6 0.49765625 0.5203125 0.0171875 0.028125
6 0.4796875 0.5171875 0.021875 0.03125
6 0.45390625 0.5109375 0.0109375 0.03125
6 0.43984375 0.51015625 0.0203125 0.0265625
6 0.27265625 0.19609375 0.0171875 0.0265625
6 0.32578125 0.44296875 0.0140625 0.0265625
6 0.30078125 0.43515625 0.0171875 0.0296875
6 0.35703125 0.446875 0.0203125 0.025
6 0.33046875 0.3609375 0.0140625 0.025
6 0.46640625 0.38984375 0.0171875 0.0265625
6 0.44609375 0.38828125 0.0171875 0.0234375
6 0.43203125 0.38125 0.0140625 0.021875
6 0.41796875 0.378125 0.0203125 0.03125
6 0.3984375 0.375 0.01875 0.028125
6 0.38046875 0.378125 0.0171875 0.034375
6 0.365625 0.3703125 0.015625 0.025
6 0.34921875 0.36640625 0.0171875 0.0265625
6 0.30078125 0.359375 0.0234375 0.03125
6 0.36796875 0.45078125 0.0171875 0.0234375
6 0.27734375 0.35390625 0.0171875 0.0265625
6 0.24765625 0.34453125 0.0171875 0.0296875
6 0.225 0.3375 0.015625 0.03125
6 0.20390625 0.3390625 0.0203125 0.03125
6 0.50390625 0.48125 0.0140625 0.025
6 0.47421875 0.46875 0.0171875 0.025
6 0.459375 0.4640625 0.01875 0.03125
6 0.05234375 0.3125 0.0234375 0.0375
6 0.1890625 0.38671875 0.025 0.0140625
6 0.42890625 0.459375 0.0171875 0.028125
6 0.409375 0.4546875 0.01875 0.03125
6 0.39296875 0.45546875 0.0203125 0.0265625
6 0.015625 0.3796875 0.01875 0.03125
6 0.828125 0.75703125 0.028125 0.0203125
6 0.77109375 0.79375 0.0265625 0.0125
6 0.8078125 0.7984375 0.028125 0.015625
6 0.84609375 0.80859375 0.0296875 0.0203125
6 0.871875 0.8140625 0.025 0.021875
6 0.9078125 0.821875 0.03125 0.021875
6 0.98046875 0.8375 0.0296875 0.01875
6 0.778125 0.83359375 0.034375 0.0203125
6 0.8140625 0.84296875 0.028125 0.0203125
6 0.9265625 0.73203125 0.034375 0.0234375
6 0.89609375 0.725 0.0296875 0.025
6 0.765625 0.74453125 0.028125 0.0234375
6 0.79453125 0.7046875 0.0265625 0.021875
6 0.82890625 0.709375 0.0265625 0.01875
6 0.8640625 0.71796875 0.028125 0.0203125
6 0.71171875 0.91640625 0.0359375 0.0265625
6 0.81640625 0.9328125 0.0359375 0.01875
6 0.81875 0.946875 0.028125 0.025
6 0.8265625 0.959375 0.03125 0.028125
6 0.87109375 0.9671875 0.0203125 0.034375
6 0.9765625 0.88125 0.03125 0.021875
6 0.92890625 0.925 0.0265625 0.028125
6 0.95234375 0.89921875 0.0296875 0.0296875
6 0.44765625 0.83671875 0.0171875 0.0296875
6 0.08984375 0.78359375 0.0265625 0.0171875
6 0.16875 0.77890625 0.01875 0.0265625
6 0.19140625 0.803125 0.0234375 0.015625
6 0.1984375 0.78203125 0.01875 0.0328125
6 0.2546875 0.79765625 0.01875 0.0296875
6 0.3109375 0.80703125 0.021875 0.0359375
6 0.340625 0.81640625 0.015625 0.0296875
6 0.36953125 0.81953125 0.0140625 0.0265625
6 0.3828125 0.82421875 0.015625 0.0296875
6 0.396875 0.82578125 0.01875 0.0296875
6 0.41171875 0.8328125 0.0171875 0.028125
6 0.4234375 0.8375 0.01875 0.03125
6 0.446875 0.86328125 0.0125 0.0234375
6 0.165625 0.715625 0.021875 0.034375
6 0.434375 0.86484375 0.015625 0.0265625
6 0.40703125 0.8578125 0.0203125 0.028125
6 0.378125 0.8546875 0.015625 0.03125
6 0.30546875 0.840625 0.0203125 0.028125
6 0.28828125 0.83359375 0.0171875 0.0296875
6 0.26328125 0.82890625 0.0140625 0.0265625
6 0.40703125 0.921875 0.0171875 0.028125
6 0.39296875 0.92109375 0.0171875 0.0265625
6 0.3796875 0.91875 0.01875 0.028125
6 0.36328125 0.91328125 0.0203125 0.0328125
6 0.30625 0.90078125 0.01875 0.0296875
6 0.2921875 0.8984375 0.01875 0.034375
6 0.096875 0.75859375 0.01875 0.0328125
6 0.39921875 0.73671875 0.0328125 0.0203125
6 0.26015625 0.921875 0.0203125 0.03125
6 0.38359375 0.70625 0.0203125 0.03125
6 0.6140625 0.2015625 0.040625 0.053125
6 0.453125 0.425 0.034375 0.03125
6 0.31171875 0.61015625 0.0203125 0.0328125
6 0.34140625 0.6203125 0.0234375 0.03125
6 0.41328125 0.6296875 0.0203125 0.03125
6 0.46015625 0.63984375 0.0171875 0.0328125
6 0.478125 0.6453125 0.021875 0.034375
6 0.50078125 0.65234375 0.0203125 0.0328125
6 0.46640625 0.71796875 0.0203125 0.0359375
6 0.43359375 0.71484375 0.0203125 0.0328125
6 0.353125 0.69765625 0.01875 0.0296875
6 0.37578125 0.7609375 0.0203125 0.034375
6 0.26015625 0.54921875 0.0203125 0.0296875
6 0.26484375 0.67578125 0.0171875 0.0296875
6 0.28359375 0.678125 0.0171875 0.03125
6 0.334375 0.6953125 0.01875 0.025
6 0.13359375 0.65 0.0203125 0.028125
6 0.65703125 0.62265625 0.0171875 0.0328125
6 0.421875 0.50234375 0.01875 0.0328125
6 0.41328125 0.71171875 0.0203125 0.0234375
6 0.4546875 0.77109375 0.01875 0.0359375
6 0.4390625 0.7671875 0.01875 0.034375
6 0.42421875 0.765625 0.0171875 0.0375
6 0.40390625 0.76484375 0.0140625 0.0296875
6 0.265625 0.89375 0.01875 0.028125
6 0.2890625 0.9265625 0.021875 0.03125
6 0.31328125 0.9390625 0.0203125 0.03125
6 0.36015625 0.9453125 0.0234375 0.034375
6 0.4015625 0.95078125 0.01875 0.0359375
6 0.43515625 0.95546875 0.0203125 0.0265625
6 0.06953125 0.95078125 0.0140625 0.0265625
6 0.084375 0.9546875 0.021875 0.034375
6 0.12890625 0.9609375 0.0203125 0.034375
6 0.821875 0.4640625 0.0375 0.025
6 0.85625 0.4828125 0.021875 0.021875
6 0.871875 0.48203125 0.015625 0.0265625
6 0.88515625 0.47890625 0.0203125 0.0328125
6 0.88359375 0.51015625 0.0234375 0.0296875
6 0.909375 0.50703125 0.021875 0.0296875
6 0.86484375 0.51953125 0.0328125 0.0484375
6 0.88203125 0.334375 0.0203125 0.028125
6 0.86015625 0.3375 0.0234375 0.03125
6 0.80546875 0.43671875 0.0328125 0.0265625
6 0.8125 0.45 0.028125 0.021875
6 0.80234375 0.41953125 0.0296875 0.0203125
6 0.37734375 0.0734375 0.0234375 0.021875
6 0.5375 0.22265625 0.021875 0.0296875
6 0.6453125 0.41875 0.015625 0.028125
6 0.6765625 0.4734375 0.01875 0.025
6 0.684375 0.2234375 0.028125 0.03125
6 0.9015625 0.3296875 0.01875 0.028125
5 0.94140625 0.36328125 0.0453125 0.0296875
