6 0.87578125 0.596875 0.0234375 0.01875
6 0.925 0.53828125 0.025 0.0171875
6 0.9265625 0.5546875 0.03125 0.021875
6 0.93828125 0.578125 0.0234375 0.01875
6 0.94375 0.5921875 0.021875 0.01875
6 0.878125 0.6140625 0.028125 0.01875
6 0.94765625 0.6234375 0.0234375 0.01875
6 0.88515625 0.628125 0.0234375 0.01875
6 0.85234375 0.63671875 0.0265625 0.0203125
6 0.865625 0.584375 0.025 0.021875
5 0.1421875 0.10234375 0.053125 0.0890625
6 0.96484375 0.95390625 0.0296875 0.0234375
6 0.96875 0.88828125 0.03125 0.0234375
6 0.98125 0.9171875 0.028125 0.015625
6 0.9546875 0.92421875 0.025 0.0140625
6 0.959375 0.93984375 0.028125 0.0203125
6 0.85390625 0.6203125 0.0296875 0.021875
6 0.06640625 0.3671875 0.0203125 0.028125
6 0.11875 0.06796875 0.01875 0.0265625
6 0.884375 0.9109375 0.025 0.021875
6 0.5515625 0.8140625 0.04375 0.028125
