6 0.60859375 0.84140625 0.0234375 0.0171875
6 0.58046875 0.84765625 0.0328125 0.0171875
6 0.64296875 0.42421875 0.0234375 0.0296875
6 0.79609375 0.9234375 0.0234375 0.0125
6 0.76328125 0.9359375 0.0203125 0.0125
6 0.88984375 0.9375 0.0203125 0.015625
5 0.05234375 0.978125 0.0546875 0.028125
6 0.88828125 0.92265625 0.0234375 0.0140625
6 0.071875 0.9296875 0.034375 0.021875
6 0.50703125 0.490625 0.0296875 0.028125
6 0.4328125 0.446875 0.01875 0.025
6 0.7 0.63515625 0.034375 0.0234375
6 0.59140625 0.728125 0.0265625 0.028125
6 0.90625 0.740625 0.028125 0.01875
6 0.96796875 0.12734375 0.0265625 0.0359375
6 0.91875 0.503125 0.03125 0.025
5 0.54375 0.08046875 0.0375 0.0578125
5 0.846875 0.03359375 0.075 0.0328125
5 0.853125 0.1453125 0.03125 0.05625
5 0.49375 0.9546875 0.025 0.01875
6 0.58046875 0.83828125 0.0265625 0.0109375
6 0.671875 0.87734375 0.021875 0.0109375
6 0.6984375 0.88125 0.025 0.015625
6 0.76640625 0.90546875 0.0234375 0.0109375
6 0.7625 0.91953125 0.025 0.0171875
6 0.7890625 0.9078125 0.021875 0.0125
6 0.79296875 0.93671875 0.0234375 0.0109375
6 0.78984375 0.94921875 0.0234375 0.0140625
6 0.7875 0.9640625 0.021875 0.0125
6 0.7859375 0.9828125 0.028125 0.01875
6 0.9828125 0.95 0.028125 0.0125
6 0.98203125 0.965625 0.0265625 0.0125
6 0.98125 0.97890625 0.021875 0.0109375
6 0.884375 0.96484375 0.028125 0.0140625
6 0.9578125 0.93046875 0.021875 0.0171875
6 0.9515625 0.94765625 0.025 0.0140625
6 0.95703125 0.9609375 0.0234375 0.015625
6 0.95390625 0.975 0.0265625 0.0125
6 0.9515625 0.98828125 0.028125 0.0140625
6 0.98515625 0.93515625 0.0265625 0.0140625
6 0.884375 0.98125 0.025 0.015625
6 0.85625 0.9921875 0.025 0.0125
6 0.85859375 0.9609375 0.0265625 0.0125
6 0.85859375 0.95 0.0296875 0.015625
6 0.8609375 0.9234375 0.034375 0.0125
6 0.57421875 0.8640625 0.0234375 0.015625
6 0.98359375 0.85078125 0.0171875 0.0234375
6 0.13671875 0.0421875 0.0234375 0.015625
6 0.13125 0.0703125 0.021875 0.0125
6 0.1125 0.1546875 0.025 0.015625
6 0.175 0.153125 0.015625 0.028125
6 0.17578125 0.0921875 0.0265625 0.01875
6 0.1421875 0.01796875 0.021875 0.0140625
6 0.13984375 0.03046875 0.0234375 0.0171875
6 0.1328125 0.0578125 0.021875 0.0125
6 0.1265625 0.084375 0.025 0.0125
6 0.125 0.0984375 0.03125 0.01875
6 0.12265625 0.1125 0.0234375 0.015625
6 0.1171875 0.12890625 0.025 0.0140625
6 0.20859375 0.15234375 0.0140625 0.0265625
6 0.19375 0.15390625 0.0125 0.0203125
6 0.19375 0.03203125 0.028125 0.0203125
6 0.18984375 0.0171875 0.0265625 0.015625
6 0.18828125 0.921875 0.0171875 0.028125
6 0.0796875 0.88671875 0.025 0.0171875
6 0.08046875 0.853125 0.0234375 0.01875
6 0.109375 0.7703125 0.021875 0.01875
6 0.08828125 0.834375 0.0234375 0.021875
6 0.34296875 0.9125 0.0203125 0.03125
6 0.97265625 0.85078125 0.0109375 0.0265625
6 0.68671875 0.79296875 0.0234375 0.0265625
6 0.7296875 0.81171875 0.025 0.0296875
6 0.76640625 0.82734375 0.0234375 0.0328125
6 0.796875 0.8359375 0.01875 0.03125
6 0.82734375 0.840625 0.0171875 0.028125
6 0.840625 0.84453125 0.01875 0.0296875
6 0.85703125 0.846875 0.0171875 0.025
6 0.8734375 0.8453125 0.015625 0.03125
6 0.884375 0.8484375 0.015625 0.028125
6 0.91328125 0.84921875 0.0140625 0.0265625
6 0.9296875 0.85234375 0.01875 0.0328125
6 0.94453125 0.85234375 0.0109375 0.0265625
6 0.959375 0.84921875 0.01875 0.0296875
6 0.38515625 0.953125 0.0265625 0.015625
6 0.38515625 0.9375 0.0265625 0.0125
6 0.3875 0.92265625 0.025 0.0140625
6 0.38203125 0.98203125 0.0234375 0.0140625
