6 0.6359375 0.20703125 0.01875 0.0359375
6 0.62265625 0.21015625 0.0140625 0.0296875
6 0.65390625 0.20546875 0.0203125 0.0328125
6 0.6390625 0.2578125 0.015625 0.028125
6 0.61640625 0.29296875 0.0140625 0.0265625
6 0.6015625 0.296875 0.015625 0.028125
6 0.58515625 0.2984375 0.0171875 0.028125
6 0.578125 0.38671875 0.03125 0.0203125
6 0.58125 0.4015625 0.028125 0.015625
6 0.58515625 0.41640625 0.0296875 0.0140625
6 0.62890625 0.6890625 0.0265625 0.0375
6 0.69375 0.85703125 0.03125 0.0234375
6 0.77890625 0.85859375 0.0171875 0.0265625
4 0.80078125 0.65625 0.2796875 0.284375
