5 0.19765625 0.6421875 0.0234375 0.03125
5 0.2390625 0.275 0.03125 0.05
5 0.39375 0.4 0.0375 0.028125
5 0.13984375 0.5 0.0140625 0.034375
5 0.17265625 0.5875 0.0171875 0.028125
5 0.2203125 0.59921875 0.0125 0.0265625
6 0.55625 0.88671875 0.03125 0.0203125
6 0.5546875 0.7625 0.034375 0.021875
6 0.58359375 0.76875 0.0296875 0.021875
6 0.6140625 0.778125 0.028125 0.021875
6 0.5515625 0.78046875 0.0375 0.0234375
6 0.5078125 0.7671875 0.028125 0.021875
6 0.328125 0.75703125 0.028125 0.0203125
6 0.27109375 0.79375 0.0265625 0.0125
6 0.3078125 0.7984375 0.028125 0.015625
6 0.34609375 0.80859375 0.0296875 0.0203125
6 0.371875 0.8140625 0.025 0.021875
6 0.4078125 0.821875 0.03125 0.021875
6 0.48046875 0.8375 0.0296875 0.01875
6 0.58828125 0.8828125 0.0328125 0.015625
6 0.49609375 0.75078125 0.0359375 0.0203125
6 0.278125 0.83359375 0.034375 0.0203125
6 0.3140625 0.84296875 0.028125 0.0203125
6 0.640625 0.8234375 0.028125 0.01875
6 0.61953125 0.88203125 0.0296875 0.0171875
6 0.65234375 0.878125 0.0359375 0.01875
6 0.67578125 0.890625 0.0328125 0.015625
6 0.703125 0.88984375 0.025 0.0140625
6 0.6890625 0.875 0.028125 0.015625
6 0.7203125 0.87265625 0.028125 0.0171875
6 0.75 0.86875 0.025 0.0125
6 0.78359375 0.86796875 0.0328125 0.0203125
6 0.81171875 0.8671875 0.0265625 0.015625
6 0.52890625 0.75625 0.0234375 0.01875
6 0.4265625 0.73203125 0.034375 0.0234375
6 0.8953125 0.93125 0.01875 0.028125
6 0.559375 0.68515625 0.03125 0.0171875
6 0.39609375 0.725 0.0296875 0.025
5 0.75234375 0.153125 0.0890625 0.046875
5 0.6578125 0.26328125 0.084375 0.0390625
5 0.84296875 0.46875 0.0421875 0.065625
5 0.7390625 0.63125 0.071875 0.046875
5 0.609375 0.7203125 0.05625 0.075
6 0.265625 0.74453125 0.028125 0.0234375
6 0.29453125 0.7046875 0.0265625 0.021875
6 0.32890625 0.709375 0.0265625 0.01875
6 0.3640625 0.71796875 0.028125 0.0203125
6 0.8640625 0.91640625 0.028125 0.0328125
6 0.77890625 0.82890625 0.0296875 0.0171875
6 0.828125 0.84609375 0.03125 0.0171875
6 0.575 0.94375 0.025 0.015625
6 0.76484375 0.8 0.0265625 0.01875
6 0.21171875 0.91640625 0.0359375 0.0265625
6 0.31640625 0.9328125 0.0359375 0.01875
6 0.31875 0.946875 0.028125 0.025
6 0.3265625 0.959375 0.03125 0.028125
6 0.37109375 0.9671875 0.0203125 0.034375
6 0.4765625 0.88125 0.03125 0.021875
6 0.42890625 0.925 0.0265625 0.028125
6 0.45234375 0.89921875 0.0296875 0.0296875
6 0.546875 0.9484375 0.025 0.01875
6 0.63046875 0.93984375 0.0265625 0.0109375
6 0.66171875 0.9375 0.0296875 0.01875
6 0.69296875 0.93359375 0.0234375 0.0140625
6 0.72265625 0.93046875 0.0296875 0.0140625
6 0.76640625 0.884375 0.0265625 0.0125
6 0.82578125 0.91953125 0.0296875 0.0140625
6 0.79765625 0.925 0.0265625 0.015625
6 0.74453125 0.96484375 0.0234375 0.0296875
6 0.58203125 0.98046875 0.0171875 0.0296875
6 0.5984375 0.978125 0.015625 0.0375
6 0.61171875 0.97578125 0.0171875 0.0328125
6 0.62890625 0.97734375 0.0109375 0.0328125
6 0.6421875 0.9734375 0.015625 0.034375
6 0.65546875 0.97265625 0.0171875 0.0296875
6 0.67109375 0.97109375 0.0203125 0.0296875
6 0.68828125 0.971875 0.0203125 0.03125
6 0.70078125 0.96875 0.0140625 0.028125
6 0.71640625 0.9640625 0.0203125 0.028125
6 0.759375 0.9625 0.025 0.028125
6 0.7765625 0.9625 0.015625 0.028125
6 0.79375 0.9671875 0.0125 0.034375
6 0.903125 0.9546875 0.01875 0.028125
6 0.1140625 0.2015625 0.040625 0.053125
6 0.15703125 0.62265625 0.0171875 0.0328125
6 0.321875 0.4640625 0.0375 0.025
6 0.35625 0.4828125 0.021875 0.021875
6 0.371875 0.48203125 0.015625 0.0265625
6 0.38515625 0.47890625 0.0203125 0.0328125
6 0.38359375 0.51015625 0.0234375 0.0296875
6 0.409375 0.50703125 0.021875 0.0296875
6 0.36484375 0.51953125 0.0328125 0.0484375
6 0.38203125 0.334375 0.0203125 0.028125
6 0.36015625 0.3375 0.0234375 0.03125
6 0.30546875 0.43671875 0.0328125 0.0265625
6 0.3125 0.45 0.028125 0.021875
6 0.30234375 0.41953125 0.0296875 0.0203125
5 0.56328125 0.31875 0.0421875 0.03125
6 0.0375 0.22265625 0.021875 0.0296875
6 0.1453125 0.41875 0.015625 0.028125
6 0.1765625 0.4734375 0.01875 0.025
6 0.184375 0.2234375 0.028125 0.03125
6 0.4015625 0.3296875 0.01875 0.028125
5 0.44140625 0.36328125 0.0453125 0.0296875
