6 0.37578125 0.096875 0.0234375 0.01875
6 0.66640625 0.0609375 0.0265625 0.01875
6 0.65 0.121875 0.025 0.015625
6 0.425 0.03828125 0.025 0.0171875
6 0.4265625 0.0546875 0.03125 0.021875
6 0.43828125 0.078125 0.0234375 0.01875
6 0.44375 0.0921875 0.021875 0.01875
6 0.378125 0.1140625 0.028125 0.01875
6 0.44765625 0.1234375 0.0234375 0.01875
6 0.38515625 0.128125 0.0234375 0.01875
6 0.35234375 0.13671875 0.0265625 0.0203125
6 0.6359375 0.27421875 0.03125 0.0234375
6 0.365625 0.084375 0.025 0.021875
6 0.70234375 0.18125 0.0296875 0.01875
6 0.6546875 0.3359375 0.025 0.021875
6 0.72734375 0.065625 0.0390625 0.025
6 0.72890625 0.37890625 0.0234375 0.0171875
6 0.7578125 0.38671875 0.028125 0.0203125
6 0.73359375 0.39375 0.0234375 0.015625
6 0.7671875 0.39765625 0.025 0.0171875
6 0.74296875 0.4046875 0.0265625 0.01875
6 0.8078125 0.31796875 0.028125 0.0203125
6 0.7703125 0.42890625 0.025 0.0140625
6 0.7734375 0.4421875 0.028125 0.015625
6 0.74609375 0.43359375 0.0265625 0.0203125
6 0.746875 0.45 0.028125 0.021875
6 0.52890625 0.06796875 0.0234375 0.0171875
6 0.69921875 0.16171875 0.0265625 0.0171875
6 0.75546875 0.46328125 0.0234375 0.0171875
6 0.77109375 0.20625 0.0265625 0.01875
6 0.72265625 0.0296875 0.0265625 0.01875
6 0.7484375 0.1203125 0.028125 0.01875
6 0.7515625 0.146875 0.025 0.01875
6 0.76484375 0.18046875 0.0234375 0.0140625
6 0.7703125 0.19296875 0.021875 0.0140625
6 0.778125 0.45703125 0.025 0.0171875
6 0.7625 0.4765625 0.028125 0.021875
6 0.46484375 0.45390625 0.0296875 0.0234375
6 0.63359375 0.4171875 0.0234375 0.01875
6 0.575 0.4 0.025 0.01875
6 0.56796875 0.38515625 0.0265625 0.0140625
6 0.5625 0.36640625 0.025 0.0171875
6 0.46875 0.38828125 0.03125 0.0234375
6 0.48125 0.4171875 0.028125 0.015625
6 0.4546875 0.42421875 0.025 0.0140625
6 0.48984375 0.4296875 0.0265625 0.01875
6 0.49375 0.44375 0.025 0.01875
6 0.49609375 0.4578125 0.0265625 0.01875
6 0.50078125 0.47109375 0.0234375 0.0203125
6 0.459375 0.43984375 0.028125 0.0203125
6 0.47890625 0.49921875 0.0234375 0.0171875
6 0.734375 0.08125 0.025 0.01875
6 0.590625 0.46171875 0.01875 0.0171875
6 0.58671875 0.44375 0.0203125 0.01875
6 0.5828125 0.42734375 0.025 0.0171875
6 0.55 0.41328125 0.025 0.0203125
6 0.70546875 0.5234375 0.0296875 0.01875
6 0.71328125 0.5453125 0.0265625 0.01875
6 0.721875 0.56640625 0.021875 0.0171875
6 0.7234375 0.5828125 0.025 0.01875
6 0.73046875 0.6 0.0203125 0.01875
6 0.73515625 0.61640625 0.0296875 0.0234375
6 0.73984375 0.63203125 0.0203125 0.0171875
6 0.67578125 0.41328125 0.0171875 0.0171875
6 0.64375 0.4453125 0.025 0.01875
6 0.7734375 0.09609375 0.025 0.0234375
6 0.79296875 0.46875 0.0265625 0.01875
6 0.8578125 0.7046875 0.03125 0.01875
6 0.7921875 0.484375 0.021875 0.01875
6 0.76875 0.4890625 0.021875 0.015625
6 0.7984375 0.50859375 0.028125 0.0203125
6 0.7703125 0.50234375 0.021875 0.0171875
6 0.7734375 0.51640625 0.021875 0.0171875
6 0.8078125 0.53828125 0.025 0.0203125
6 0.77578125 0.53125 0.0265625 0.01875
6 0.77890625 0.5484375 0.0265625 0.01875
6 0.88828125 0.58828125 0.0265625 0.0203125
6 0.8921875 0.603125 0.025 0.015625
6 0.896875 0.61640625 0.025 0.0171875
6 0.903125 0.63125 0.025 0.01875
6 0.85234375 0.69140625 0.0265625 0.0203125
6 0.84609375 0.67734375 0.0265625 0.0171875
6 0.83984375 0.6484375 0.0265625 0.01875
6 0.8234375 0.59375 0.025 0.021875
6 0.79609375 0.603125 0.0265625 0.01875
6 0.8265625 0.60703125 0.021875 0.0203125
6 0.8015625 0.61640625 0.025 0.0203125
6 0.35390625 0.1203125 0.0296875 0.021875
6 0.7875 0.13671875 0.028125 0.0265625
6 0.80546875 0.63125 0.0265625 0.01875
6 0.8296875 0.62109375 0.021875 0.0203125
6 0.7453125 0.646875 0.025 0.01875
6 0.83515625 0.63671875 0.0234375 0.0203125
6 0.81484375 0.6734375 0.0265625 0.01875
6 0.815625 0.65859375 0.025 0.0171875
6 0.81953125 0.68515625 0.0234375 0.0171875
6 0.8296875 0.71484375 0.021875 0.0203125
6 0.83671875 0.72578125 0.0234375 0.0171875
6 0.384375 0.4109375 0.025 0.021875
6 0.25625 0.58203125 0.028125 0.0203125
6 0.5625 0.46875 0.028125 0.021875
6 0.50703125 0.490625 0.0265625 0.01875
6 0.76953125 0.41171875 0.0265625 0.0171875
6 0.75625 0.36875 0.028125 0.01875
6 0.0515625 0.3140625 0.04375 0.028125
