6 0.64296875 0.92421875 0.0234375 0.0296875
6 0.4328125 0.946875 0.01875 0.025
6 0.984375 0.3015625 0.025 0.015625
6 0.96796875 0.62734375 0.0265625 0.0359375
6 0.71796875 0.278125 0.0265625 0.01875
5 0.54375 0.58046875 0.0375 0.0578125
5 0.73828125 0.4265625 0.0828125 0.03125
5 0.846875 0.53359375 0.075 0.0328125
5 0.853125 0.6453125 0.03125 0.05625
6 0.13671875 0.5421875 0.0234375 0.015625
6 0.16015625 0.4484375 0.0203125 0.0125
6 0.1578125 0.4609375 0.025 0.0125
6 0.153125 0.4734375 0.028125 0.021875
6 0.13125 0.5703125 0.021875 0.0125
6 0.1125 0.6546875 0.025 0.015625
6 0.175 0.653125 0.015625 0.028125
6 0.17578125 0.5921875 0.0265625 0.01875
6 0.14921875 0.4875 0.0234375 0.0125
6 0.16875 0.49609375 0.0125 0.0234375
6 0.14609375 0.50390625 0.0234375 0.0140625
6 0.1421875 0.51796875 0.021875 0.0140625
6 0.13984375 0.53046875 0.0234375 0.0171875
6 0.1328125 0.5578125 0.021875 0.0125
6 0.16328125 0.415625 0.0265625 0.015625
6 0.1265625 0.584375 0.025 0.0125
6 0.125 0.5984375 0.03125 0.01875
6 0.12265625 0.6125 0.0234375 0.015625
6 0.1171875 0.62890625 0.025 0.0140625
6 0.20859375 0.65234375 0.0140625 0.0265625
6 0.19375 0.65390625 0.0125 0.0203125
6 0.19375 0.53203125 0.028125 0.0203125
6 0.18984375 0.5171875 0.0265625 0.015625
6 0.16328125 0.43046875 0.0265625 0.0171875
6 0.16484375 0.403125 0.0234375 0.015625
6 0.16953125 0.390625 0.0203125 0.015625
6 0.18203125 0.34375 0.0203125 0.0125
6 0.18359375 0.32890625 0.0203125 0.0109375
6 0.17734375 0.359375 0.0234375 0.01875
6 0.17578125 0.37734375 0.0265625 0.0171875
