6 0.02109375 0.43203125 0.0265625 0.0328125
6 0.03046875 0.63515625 0.0328125 0.0296875
6 0.040625 0.646875 0.03125 0.028125
6 0.05234375 0.65703125 0.0296875 0.0328125
6 0.0703125 0.6671875 0.025 0.03125
6 0.084375 0.67578125 0.021875 0.0265625
6 0.09921875 0.67890625 0.0234375 0.0234375
6 0.11484375 0.6859375 0.0203125 0.025
6 0.26015625 0.4015625 0.0265625 0.015625
6 0.20625 0.209375 0.01875 0.03125
6 0.221875 0.34453125 0.01875 0.0328125
6 0.23984375 0.196875 0.0265625 0.015625
6 0.240625 0.20859375 0.028125 0.0140625
6 0.2421875 0.221875 0.028125 0.015625
6 0.2421875 0.23828125 0.025 0.0140625
6 0.24609375 0.25546875 0.0296875 0.0171875
6 0.24765625 0.2703125 0.0265625 0.015625
6 0.26640625 0.47578125 0.0296875 0.0171875
6 0.26171875 0.4625 0.0328125 0.015625
6 0.2578125 0.43203125 0.034375 0.0171875
6 0.2578125 0.4171875 0.03125 0.01875
6 0.25703125 0.38359375 0.0265625 0.0171875
6 0.23671875 0.16640625 0.0328125 0.0171875
6 0.25703125 0.3671875 0.0265625 0.015625
6 0.2546875 0.353125 0.03125 0.015625
6 0.2546875 0.33828125 0.03125 0.0171875
6 0.253125 0.32421875 0.028125 0.0140625
6 0.2515625 0.31015625 0.028125 0.0140625
6 0.25 0.29765625 0.03125 0.0140625
6 0.25 0.28203125 0.03125 0.0140625
6 0.39296875 0.1015625 0.0171875 0.028125
6 0.41484375 0.1015625 0.0171875 0.034375
6 0.4171875 0.13828125 0.01875 0.0328125
6 0.41875 0.16953125 0.015625 0.0359375
6 0.421875 0.20546875 0.015625 0.0296875
6 0.23671875 0.18203125 0.0328125 0.0203125
6 0.2390625 0.1546875 0.03125 0.01875
6 0.428125 0.26796875 0.015625 0.0328125
6 0.196875 0.39375 0.0375 0.01875
6 0.17734375 0.221875 0.0265625 0.021875
6 0.18203125 0.23359375 0.0296875 0.0109375
6 0.184375 0.24765625 0.034375 0.0203125
6 0.18515625 0.2625 0.0296875 0.015625
6 0.1875 0.27734375 0.034375 0.0171875
6 0.1875 0.2921875 0.03125 0.015625
6 0.1875 0.30546875 0.034375 0.0234375
6 0.1921875 0.32109375 0.03125 0.0203125
6 0.19296875 0.33515625 0.0328125 0.0171875
6 0.19296875 0.35 0.0296875 0.015625
6 0.190625 0.36328125 0.028125 0.0140625
6 0.19765625 0.378125 0.0390625 0.01875
6 0.19375 0.4265625 0.028125 0.01875
6 0.2296875 0.14140625 0.03125 0.0203125
6 0.203125 0.409375 0.0375 0.021875
6 0.19765625 0.4375 0.0265625 0.021875
6 0.2015625 0.45390625 0.03125 0.0203125
6 0.20390625 0.46796875 0.0265625 0.0203125
6 0.20703125 0.48359375 0.0296875 0.0203125
6 0.2234375 0.0375 0.034375 0.015625
6 0.228125 0.0546875 0.034375 0.021875
6 0.22890625 0.0671875 0.0296875 0.015625
6 0.22734375 0.0796875 0.0328125 0.015625
6 0.23203125 0.09296875 0.0359375 0.0171875
6 0.23203125 0.10859375 0.0296875 0.0171875
6 0.23203125 0.12421875 0.0359375 0.0171875
6 0.42734375 0.23515625 0.0140625 0.0296875
6 0.43203125 0.3328125 0.0171875 0.025
6 0.1296875 0.69140625 0.025 0.0296875
6 0.2640625 0.12109375 0.034375 0.0171875
6 0.2625 0.10703125 0.034375 0.0234375
6 0.26484375 0.08828125 0.0390625 0.0203125
6 0.25859375 0.06328125 0.0328125 0.0171875
6 0.25859375 0.0484375 0.0328125 0.01875
6 0.2890625 0.05625 0.015625 0.034375
6 0.33125 0.1625 0.0375 0.025
6 0.33828125 0.19609375 0.0359375 0.0140625
6 0.3390625 0.22109375 0.034375 0.0234375
6 0.33984375 0.17890625 0.0390625 0.0203125
6 0.39765625 0.2015625 0.0296875 0.040625
6 0.3984375 0.14765625 0.015625 0.0296875
6 0.26640625 0.16015625 0.0359375 0.0234375
6 0.26328125 0.1390625 0.0359375 0.01875
6 0.296875 0.1796875 0.01875 0.028125
6 0.4328125 0.30390625 0.015625 0.0296875
6 0.28671875 0.3515625 0.0328125 0.01875
6 0.42578125 0.45234375 0.0171875 0.0296875
6 0.44375 0.43046875 0.015625 0.0359375
6 0.35703125 0.47265625 0.0359375 0.0203125
6 0.359375 0.4453125 0.03125 0.015625
6 0.2953125 0.47265625 0.03125 0.0234375
6 0.29609375 0.45859375 0.0296875 0.0140625
6 0.2921875 0.44296875 0.03125 0.0203125
6 0.28984375 0.42890625 0.0328125 0.0140625
6 0.28984375 0.41328125 0.0359375 0.0171875
6 0.2890625 0.3984375 0.03125 0.01875
6 0.28515625 0.38046875 0.0359375 0.0171875
6 0.28515625 0.36953125 0.0359375 0.0234375
6 0.31171875 0.3171875 0.0171875 0.025
6 0.265625 0.17578125 0.0375 0.0203125
6 0.3453125 0.30546875 0.028125 0.0171875
6 0.2828125 0.3359375 0.03125 0.015625
6 0.28046875 0.3234375 0.0265625 0.009375
6 0.28203125 0.3078125 0.0296875 0.015625
6 0.28125 0.29375 0.028125 0.015625
6 0.28046875 0.27890625 0.0328125 0.0203125
6 0.2796875 0.265625 0.040625 0.01875
6 0.2765625 0.2515625 0.0375 0.01875
6 0.27109375 0.2359375 0.0421875 0.01875
6 0.27265625 0.221875 0.0390625 0.01875
6 0.2703125 0.2078125 0.034375 0.01875
6 0.271875 0.190625 0.0375 0.01875
6 0.175 0.20078125 0.025 0.0203125
6 0.17734375 0.1859375 0.0328125 0.015625
6 0.17421875 0.1734375 0.0265625 0.015625
6 0.08125 0.13984375 0.028125 0.0171875
6 0.10078125 0.0453125 0.0203125 0.034375
6 0.078125 0.1109375 0.025 0.015625
6 0.0984375 0.10390625 0.015625 0.0296875
6 0.1140625 0.140625 0.01875 0.03125
6 0.0828125 0.22578125 0.03125 0.0140625
6 0.090625 0.240625 0.028125 0.01875
6 0.08671875 0.25625 0.0234375 0.015625
6 0.0875 0.26953125 0.025 0.0171875
6 0.08828125 0.28515625 0.0265625 0.0140625
6 0.07890625 0.12734375 0.0296875 0.0140625
6 0.071875 0.07578125 0.03125 0.0203125
6 0.17265625 0.16015625 0.0296875 0.0171875
6 0.37890625 0.5765625 0.0296875 0.01875
6 0.1453125 0.69921875 0.021875 0.0265625
6 0.1625 0.70703125 0.021875 0.0234375
6 0.17734375 0.7125 0.0203125 0.028125
6 0.1953125 0.71640625 0.021875 0.0265625
6 0.21328125 0.69609375 0.0265625 0.0140625
6 0.2609375 0.7390625 0.025 0.03125
6 0.27578125 0.74765625 0.0234375 0.0296875
6 0.33671875 0.64140625 0.0328125 0.0234375
6 0.4 0.6296875 0.034375 0.01875
6 0.346875 0.62109375 0.025 0.0171875
6 0.40703125 0.59375 0.0328125 0.021875
6 0.33828125 0.57890625 0.0296875 0.0203125
6 0.41015625 0.5578125 0.0265625 0.01875
6 0.071875 0.06171875 0.028125 0.0203125
6 0.453125 0.578125 0.028125 0.021875
6 0.4546875 0.6046875 0.034375 0.021875
6 0.278125 0.5796875 0.028125 0.01875
6 0.1390625 0.54609375 0.015625 0.0328125
6 0.165625 0.54453125 0.015625 0.0296875
6 0.19609375 0.53984375 0.0171875 0.0328125
6 0.2984375 0.53046875 0.01875 0.0328125
6 0.325 0.5296875 0.01875 0.034375
6 0.05078125 0.55859375 0.0203125 0.0296875
6 0.06640625 0.01796875 0.0296875 0.0203125
6 0.06640625 0.03203125 0.0296875 0.0140625
6 0.06953125 0.0453125 0.0296875 0.01875
6 0.0921875 0.3 0.025 0.01875
6 0.0921875 0.3140625 0.028125 0.01875
6 0.09375 0.33046875 0.03125 0.0171875
6 0.16171875 0.39609375 0.0265625 0.0140625
6 0.14609375 0.22421875 0.0296875 0.0140625
6 0.146875 0.23671875 0.028125 0.0140625
6 0.14765625 0.2515625 0.0328125 0.01875
6 0.1484375 0.26484375 0.03125 0.0171875
6 0.14921875 0.278125 0.0296875 0.01875
6 0.15390625 0.290625 0.0265625 0.01875
6 0.1515625 0.3078125 0.034375 0.021875
6 0.15234375 0.3234375 0.0328125 0.01875
6 0.15546875 0.3359375 0.0296875 0.0125
6 0.15703125 0.3515625 0.0265625 0.015625
6 0.15625 0.3671875 0.03125 0.015625
6 0.15546875 0.38125 0.0296875 0.01875
6 0.16171875 0.409375 0.0296875 0.015625
6 0.09453125 0.34453125 0.0265625 0.0171875
6 0.16328125 0.421875 0.0296875 0.01875
6 0.16640625 0.43984375 0.0296875 0.0140625
6 0.1671875 0.4546875 0.03125 0.01875
6 0.171875 0.471875 0.03125 0.01875
6 0.16328125 0.0421875 0.0328125 0.0125
6 0.16796875 0.05234375 0.0328125 0.0140625
6 0.165625 0.0671875 0.03125 0.01875
6 0.16953125 0.084375 0.0296875 0.021875
6 0.16953125 0.1 0.0296875 0.015625
6 0.17421875 0.11484375 0.0328125 0.0171875
6 0.17421875 0.12890625 0.0328125 0.0140625
6 0.16953125 0.14375 0.0296875 0.015625
6 0.14296875 0.20859375 0.0296875 0.0171875
6 0.140625 0.19296875 0.028125 0.0171875
6 0.13984375 0.1765625 0.0296875 0.015625
6 0.13984375 0.1640625 0.0296875 0.01875
6 0.096875 0.3578125 0.03125 0.01875
6 0.1015625 0.40859375 0.03125 0.0140625
6 0.10625 0.425 0.034375 0.01875
6 0.10546875 0.44140625 0.0296875 0.0140625
6 0.10546875 0.45390625 0.0265625 0.0171875
6 0.10703125 0.47109375 0.0265625 0.0171875
6 0.103125 0.48671875 0.034375 0.0171875
6 0.10390625 0.5 0.0328125 0.021875
6 0.1125 0.5125 0.03125 0.021875
6 0.44453125 0.46875 0.0203125 0.0375
6 0.45 0.50625 0.01875 0.0375
6 0.28515625 0.028125 0.0296875 0.034375
6 0.25703125 0.034375 0.0328125 0.01875
6 0.31796875 0.040625 0.0296875 0.015625
6 0.3171875 0.021875 0.03125 0.015625
6 0.1328125 0.04765625 0.028125 0.0171875
6 0.13125 0.0640625 0.034375 0.01875
6 0.13359375 0.07890625 0.0296875 0.0171875
6 0.13359375 0.0921875 0.0265625 0.015625
6 0.13671875 0.10859375 0.0296875 0.0203125
6 0.13828125 0.1203125 0.0265625 0.01875
6 0.13828125 0.134375 0.0265625 0.015625
6 0.13828125 0.1484375 0.0296875 0.01875
