5 0.1953125 0.4578125 0.046875 0.0375
5 0.63828125 0.41015625 0.0453125 0.0390625
5 0.61640625 0.41796875 0.0359375 0.0421875
5 0.590625 0.4234375 0.040625 0.040625
5 0.2390625 0.775 0.03125 0.05
5 0.39375 0.9 0.0375 0.028125
5 0.76875 0.52890625 0.04375 0.0796875
5 0.75234375 0.653125 0.0890625 0.046875
5 0.6578125 0.76328125 0.084375 0.0390625
5 0.47421875 0.5109375 0.0609375 0.084375
5 0.3546875 0.47578125 0.09375 0.0546875
6 0.1140625 0.7015625 0.040625 0.053125
6 0.321875 0.9640625 0.0375 0.025
6 0.35625 0.9828125 0.021875 0.021875
6 0.371875 0.98203125 0.015625 0.0265625
6 0.38515625 0.97890625 0.0203125 0.0328125
6 0.38203125 0.834375 0.0203125 0.028125
6 0.36015625 0.8375 0.0234375 0.03125
6 0.30546875 0.93671875 0.0328125 0.0265625
6 0.3125 0.95 0.028125 0.021875
6 0.30234375 0.91953125 0.0296875 0.0203125
5 0.56328125 0.81875 0.0421875 0.03125
6 0.71640625 0.29140625 0.0234375 0.0296875
6 0.571875 0.33671875 0.034375 0.0265625
6 0.0375 0.72265625 0.021875 0.0296875
6 0.1453125 0.91875 0.015625 0.028125
6 0.1765625 0.9734375 0.01875 0.025
6 0.184375 0.7234375 0.028125 0.03125
6 0.4015625 0.8296875 0.01875 0.028125
5 0.44140625 0.86328125 0.0453125 0.0296875
