6 0.80078125 0.559375 0.0171875 0.034375
6 0.96484375 0.5984375 0.0109375 0.028125
6 0.946875 0.59609375 0.01875 0.0328125
6 0.93125 0.590625 0.015625 0.028125
6 0.78515625 0.559375 0.0171875 0.025
6 0.7140625 0.54453125 0.0125 0.0265625
6 0.734375 0.59765625 0.0125 0.0265625
6 0.88125 0.628125 0.01875 0.034375
5 0.9640625 0.12734375 0.034375 0.0328125
6 0.67734375 0.41015625 0.0171875 0.0265625
6 0.9796875 0.5171875 0.021875 0.03125
6 0.95390625 0.5109375 0.0109375 0.03125
6 0.93984375 0.51015625 0.0203125 0.0265625
6 0.50625 0.30234375 0.025 0.0265625
6 0.37890625 0.27890625 0.0203125 0.0296875
6 0.77265625 0.19609375 0.0171875 0.0265625
6 0.82578125 0.44296875 0.0140625 0.0265625
6 0.80078125 0.43515625 0.0171875 0.0296875
6 0.85703125 0.446875 0.0203125 0.025
6 0.83046875 0.3609375 0.0140625 0.025
6 0.96640625 0.38984375 0.0171875 0.0265625
6 0.94609375 0.38828125 0.0171875 0.0234375
6 0.93203125 0.38125 0.0140625 0.021875
6 0.91796875 0.378125 0.0203125 0.03125
6 0.8984375 0.375 0.01875 0.028125
6 0.88046875 0.378125 0.0171875 0.034375
6 0.865625 0.3703125 0.015625 0.025
6 0.84921875 0.36640625 0.0171875 0.0265625
6 0.80078125 0.359375 0.0234375 0.03125
6 0.86796875 0.45078125 0.0171875 0.0234375
6 0.77734375 0.35390625 0.0171875 0.0265625
6 0.74765625 0.34453125 0.0171875 0.0296875
6 0.725 0.3375 0.015625 0.03125
6 0.70390625 0.3390625 0.0203125 0.03125
6 0.97421875 0.46875 0.0171875 0.025
6 0.959375 0.4640625 0.01875 0.03125
6 0.55234375 0.3125 0.0234375 0.0375
6 0.6890625 0.38671875 0.025 0.0140625
6 0.92890625 0.459375 0.0171875 0.028125
6 0.909375 0.4546875 0.01875 0.03125
6 0.89296875 0.45546875 0.0203125 0.0265625
6 0.34921875 0.94609375 0.0453125 0.0421875
6 0.33984375 0.96484375 0.0265625 0.0203125
6 0.25078125 0.80234375 0.0296875 0.0328125
6 0.29375 0.7609375 0.040625 0.034375
6 0.19140625 0.7984375 0.0359375 0.03125
6 0.3296875 0.28203125 0.015625 0.0296875
6 0.33203125 0.1890625 0.0234375 0.03125
6 0.2328125 0.10234375 0.025 0.0140625
6 0.25078125 0.403125 0.0296875 0.025
6 0.515625 0.3796875 0.01875 0.03125
6 0.31171875 0.675 0.0234375 0.025
6 0.19375 0.87421875 0.034375 0.0328125
6 0.20234375 0.8578125 0.0328125 0.03125
6 0.15078125 0.928125 0.0421875 0.04375
6 0.209375 0.98046875 0.028125 0.0265625
6 0.23359375 0.9671875 0.0265625 0.028125
6 0.25 0.0765625 0.03125 0.0125
6 0.034375 0.315625 0.025 0.025
6 0.04609375 0.303125 0.0328125 0.034375
6 0.01953125 0.28046875 0.0265625 0.0296875
6 0.2140625 0.2 0.028125 0.021875
6 0.94765625 0.83671875 0.0171875 0.0296875
6 0.58984375 0.78359375 0.0265625 0.0171875
6 0.66875 0.77890625 0.01875 0.0265625
6 0.69140625 0.803125 0.0234375 0.015625
6 0.6984375 0.78203125 0.01875 0.0328125
6 0.7546875 0.79765625 0.01875 0.0296875
6 0.8109375 0.80703125 0.021875 0.0359375
6 0.840625 0.81640625 0.015625 0.0296875
6 0.86953125 0.81953125 0.0140625 0.0265625
6 0.8828125 0.82421875 0.015625 0.0296875
6 0.896875 0.82578125 0.01875 0.0296875
6 0.91171875 0.8328125 0.0171875 0.028125
6 0.9234375 0.8375 0.01875 0.03125
6 0.946875 0.86328125 0.0125 0.0234375
6 0.665625 0.715625 0.021875 0.034375
6 0.934375 0.86484375 0.015625 0.0265625
6 0.90703125 0.8578125 0.0203125 0.028125
6 0.878125 0.8546875 0.015625 0.03125
6 0.80546875 0.840625 0.0203125 0.028125
6 0.78828125 0.83359375 0.0171875 0.0296875
6 0.76328125 0.82890625 0.0140625 0.0265625
6 0.90703125 0.921875 0.0171875 0.028125
6 0.89296875 0.92109375 0.0171875 0.0265625
6 0.8796875 0.91875 0.01875 0.028125
6 0.86328125 0.91328125 0.0203125 0.0328125
6 0.80625 0.90078125 0.01875 0.0296875
6 0.7921875 0.8984375 0.01875 0.034375
6 0.596875 0.75859375 0.01875 0.0328125
6 0.89921875 0.73671875 0.0328125 0.0203125
6 0.76015625 0.921875 0.0203125 0.03125
6 0.88359375 0.70625 0.0203125 0.03125
6 0.953125 0.425 0.034375 0.03125
6 0.81171875 0.61015625 0.0203125 0.0328125
6 0.84140625 0.6203125 0.0234375 0.03125
6 0.91328125 0.6296875 0.0203125 0.03125
6 0.96015625 0.63984375 0.0171875 0.0328125
6 0.978125 0.6453125 0.021875 0.034375
6 0.96640625 0.71796875 0.0203125 0.0359375
6 0.93359375 0.71484375 0.0203125 0.0328125
6 0.853125 0.69765625 0.01875 0.0296875
6 0.87578125 0.7609375 0.0203125 0.034375
6 0.76015625 0.54921875 0.0203125 0.0296875
6 0.76484375 0.67578125 0.0171875 0.0296875
6 0.78359375 0.678125 0.0171875 0.03125
6 0.834375 0.6953125 0.01875 0.025
6 0.63359375 0.65 0.0203125 0.028125
6 0.921875 0.50234375 0.01875 0.0328125
6 0.91328125 0.71171875 0.0203125 0.0234375
6 0.9546875 0.77109375 0.01875 0.0359375
6 0.9390625 0.7671875 0.01875 0.034375
6 0.92421875 0.765625 0.0171875 0.0375
6 0.90390625 0.76484375 0.0140625 0.0296875
6 0.765625 0.89375 0.01875 0.028125
6 0.7890625 0.9265625 0.021875 0.03125
6 0.81328125 0.9390625 0.0203125 0.03125
6 0.86015625 0.9453125 0.0234375 0.034375
6 0.9015625 0.95078125 0.01875 0.0359375
6 0.93515625 0.95546875 0.0203125 0.0265625
6 0.56953125 0.95078125 0.0140625 0.0265625
6 0.584375 0.9546875 0.021875 0.034375
6 0.62890625 0.9609375 0.0203125 0.034375
6 0.87734375 0.0734375 0.0234375 0.021875
