6 0.03046875 0.13515625 0.0328125 0.0296875
6 0.040625 0.146875 0.03125 0.028125
6 0.05234375 0.15703125 0.0296875 0.0328125
6 0.0703125 0.1671875 0.025 0.03125
6 0.084375 0.17578125 0.021875 0.0265625
6 0.09921875 0.17890625 0.0234375 0.0234375
6 0.11484375 0.1859375 0.0203125 0.025
6 0.1296875 0.19140625 0.025 0.0296875
6 0.37890625 0.0765625 0.0296875 0.01875
6 0.1453125 0.19921875 0.021875 0.0265625
6 0.1625 0.20703125 0.021875 0.0234375
6 0.17734375 0.2125 0.0203125 0.028125
6 0.1953125 0.21640625 0.021875 0.0265625
6 0.21328125 0.19609375 0.0265625 0.0140625
6 0.2609375 0.2390625 0.025 0.03125
6 0.27578125 0.24765625 0.0234375 0.0296875
6 0.33671875 0.14140625 0.0328125 0.0234375
6 0.4 0.1296875 0.034375 0.01875
6 0.346875 0.12109375 0.025 0.0171875
6 0.40703125 0.09375 0.0328125 0.021875
6 0.33828125 0.07890625 0.0296875 0.0203125
6 0.41015625 0.0578125 0.0265625 0.01875
6 0.453125 0.078125 0.028125 0.021875
6 0.4546875 0.1046875 0.034375 0.021875
6 0.278125 0.0796875 0.028125 0.01875
6 0.1390625 0.04609375 0.015625 0.0328125
6 0.165625 0.04453125 0.015625 0.0296875
6 0.19609375 0.03984375 0.0171875 0.0328125
6 0.2984375 0.03046875 0.01875 0.0328125
6 0.325 0.0296875 0.01875 0.034375
6 0.05078125 0.05859375 0.0203125 0.0296875
6 0.1125 0.0125 0.03125 0.021875
