6 0.98515625 0.8078125 0.0140625 0.025
6 0.9640625 0.80859375 0.015625 0.0265625
6 0.871875 0.790625 0.01875 0.028125
6 0.9234375 0.2203125 0.03125 0.01875
6 0.87578125 0.053125 0.0203125 0.0125
6 0.875 0.065625 0.025 0.015625
6 0.5171875 0.33828125 0.03125 0.0234375
6 0.53203125 0.22421875 0.0234375 0.0171875
6 0.653125 0.02578125 0.028125 0.0140625
6 0.68046875 0.03828125 0.0203125 0.0140625
6 0.68046875 0.0515625 0.0234375 0.0125
6 0.4109375 0.98515625 0.025 0.0234375
6 0.70234375 0.48125 0.0328125 0.0125
6 0.8203125 0.24921875 0.03125 0.0171875
6 0.71640625 0.334375 0.0265625 0.015625
6 0.71328125 0.36484375 0.0265625 0.0140625
6 0.7125 0.37890625 0.025 0.0140625
6 0.7078125 0.39375 0.028125 0.0125
6 0.7375 0.3953125 0.028125 0.0125
6 0.73828125 0.4109375 0.0296875 0.0125
6 0.703125 0.45078125 0.025 0.0171875
6 0.73203125 0.45234375 0.0296875 0.0140625
6 0.73359375 0.4703125 0.0265625 0.0125
6 0.70234375 0.4671875 0.0265625 0.015625
6 0.73046875 0.4859375 0.0234375 0.015625
6 0.7015625 0.4953125 0.028125 0.015625
6 0.63125 0.4703125 0.028125 0.0125
6 0.69921875 0.509375 0.0296875 0.0125
6 0.696875 0.52109375 0.028125 0.0140625
6 0.69609375 0.5359375 0.0296875 0.015625
6 0.69296875 0.55078125 0.0265625 0.0140625
6 0.72890625 0.5125 0.0234375 0.0125
6 0.72734375 0.5265625 0.0234375 0.015625
6 0.62578125 0.4984375 0.0265625 0.01875
6 0.7203125 0.58671875 0.025 0.0140625
6 0.80859375 0.4078125 0.0296875 0.015625
6 0.84140625 0.39765625 0.0265625 0.0140625
6 0.83515625 0.453125 0.0265625 0.0125
6 0.8046875 0.4625 0.028125 0.015625
6 0.62734375 0.48359375 0.0265625 0.0140625
6 0.63515625 0.45625 0.0203125 0.0125
6 0.79921875 0.521875 0.0234375 0.0125
6 0.625 0.29453125 0.025 0.0140625
6 0.74375 0.07734375 0.03125 0.0171875
6 0.7296875 0.19453125 0.028125 0.0140625
6 0.646875 0.3265625 0.021875 0.0125
6 0.60390625 0.4671875 0.0265625 0.0125
6 0.62109375 0.35078125 0.0265625 0.0140625
6 0.5875 0.3671875 0.015625 0.028125
6 0.540625 0.35703125 0.03125 0.0171875
6 0.53984375 0.371875 0.0296875 0.015625
6 0.53984375 0.3859375 0.0265625 0.0125
6 0.63984375 0.38359375 0.0265625 0.0171875
6 0.61484375 0.3921875 0.0234375 0.015625
6 0.64375 0.4 0.025 0.0125
6 0.61328125 0.4078125 0.0265625 0.015625
6 0.6109375 0.4234375 0.021875 0.015625
6 0.60703125 0.43828125 0.0265625 0.0140625
6 0.60625 0.453125 0.03125 0.0125
6 0.80390625 0.4796875 0.0296875 0.015625
6 0.796875 0.5359375 0.021875 0.0125
6 0.96171875 0.12109375 0.0234375 0.0140625
6 0.97734375 0.00625 0.0234375 0.0125
6 0.9765625 0.021875 0.021875 0.015625
6 0.975 0.0359375 0.025 0.015625
6 0.971875 0.05234375 0.021875 0.0109375
6 0.9703125 0.06640625 0.028125 0.0109375
6 0.96875 0.08046875 0.021875 0.0109375
6 0.96484375 0.09453125 0.0234375 0.0140625
6 0.965625 0.109375 0.025 0.015625
6 0.9625 0.1359375 0.025 0.0125
6 0.96015625 0.14921875 0.0265625 0.0140625
6 0.96171875 0.16484375 0.0265625 0.0140625
6 0.9609375 0.1796875 0.028125 0.015625
6 0.96015625 0.1953125 0.0265625 0.015625
6 0.95703125 0.20859375 0.0265625 0.0171875
6 0.94765625 0.0203125 0.0265625 0.01875
6 0.79375 0.55 0.025 0.015625
6 0.82265625 0.53984375 0.0234375 0.0171875
6 0.7921875 0.565625 0.028125 0.015625
6 0.78984375 0.59375 0.0296875 0.015625
6 0.78828125 0.6078125 0.0265625 0.0125
6 0.7859375 0.625 0.025 0.0125
6 0.7859375 0.6375 0.021875 0.0125
6 0.8078125 0.65546875 0.025 0.0171875
6 0.809375 0.640625 0.025 0.015625
6 0.8109375 0.62578125 0.021875 0.0140625
6 0.81328125 0.6125 0.0203125 0.015625
6 0.815625 0.59765625 0.021875 0.0140625
6 0.81953125 0.56875 0.0265625 0.0125
6 0.82265625 0.55625 0.0265625 0.015625
6 0.82421875 0.52734375 0.0203125 0.0140625
6 0.88125 0.0078125 0.025 0.015625
6 0.82578125 0.5125 0.0234375 0.0125
6 0.83359375 0.496875 0.0234375 0.015625
6 0.8328125 0.48359375 0.021875 0.0171875
6 0.83359375 0.46875 0.0203125 0.015625
6 0.8625 0.096875 0.025 0.015625
6 0.871875 0.08046875 0.025 0.0140625
6 0.84609375 0.04921875 0.0234375 0.0140625
6 0.84921875 0.03359375 0.0265625 0.0140625
6 0.678125 0.09921875 0.028125 0.0171875
6 0.61328125 0.59375 0.0265625 0.028125
6 0.62421875 0.60234375 0.0234375 0.0234375
6 0.6359375 0.6125 0.025 0.028125
6 0.6484375 0.625 0.025 0.028125
6 0.65703125 0.63515625 0.0265625 0.0234375
6 0.66796875 0.64296875 0.0234375 0.0265625
6 0.68046875 0.65234375 0.0265625 0.0296875
6 0.68984375 0.65703125 0.0265625 0.0296875
6 0.70390625 0.67109375 0.0234375 0.0265625
6 0.7125 0.67890625 0.021875 0.0265625
6 0.67890625 0.07109375 0.0296875 0.0171875
6 0.67421875 0.1140625 0.0265625 0.0125
6 0.59296875 0.57578125 0.0234375 0.0234375
6 0.603125 0.584375 0.021875 0.025
6 0.57109375 0.55625 0.0296875 0.028125
6 0.4078125 0.28828125 0.025 0.0171875
6 0.37578125 0.01328125 0.0234375 0.0140625
6 0.37578125 0.02734375 0.0265625 0.0140625
6 0.37421875 0.04140625 0.0234375 0.0109375
6 0.375 0.05625 0.025 0.015625
6 0.39140625 0.23125 0.0265625 0.021875
6 0.39296875 0.24921875 0.0265625 0.0171875
6 0.3984375 0.26328125 0.028125 0.0203125
6 0.40234375 0.2765625 0.0265625 0.021875
6 0.41171875 0.30234375 0.0265625 0.0234375
6 0.56328125 0.5421875 0.0265625 0.025
6 0.4171875 0.3171875 0.028125 0.021875
6 0.43359375 0.36015625 0.0265625 0.0203125
6 0.44609375 0.390625 0.0296875 0.025
6 0.4609375 0.20234375 0.025 0.0140625
6 0.46328125 0.18671875 0.0296875 0.0140625
6 0.465625 0.17265625 0.025 0.0171875
6 0.49453125 0.4640625 0.0296875 0.028125
6 0.50390625 0.47734375 0.0234375 0.0234375
6 0.521875 0.4984375 0.025 0.025
6 0.53046875 0.5078125 0.0234375 0.025
6 0.53984375 0.51953125 0.0296875 0.0296875
6 0.55078125 0.5328125 0.0265625 0.021875
6 0.94609375 0.0359375 0.0234375 0.0125
6 0.94609375 0.05 0.0234375 0.0125
6 0.940625 0.0609375 0.03125 0.015625
6 0.94140625 0.07578125 0.0234375 0.0171875
6 0.9125 0.5828125 0.028125 0.015625
6 0.878125 0.6765625 0.028125 0.015625
6 0.8765625 0.6953125 0.025 0.015625
6 0.87578125 0.7078125 0.0265625 0.015625
6 0.90078125 0.71328125 0.0234375 0.0140625
6 0.90078125 0.69765625 0.0203125 0.0171875
6 0.9046875 0.6828125 0.021875 0.015625
6 0.90625 0.66796875 0.03125 0.0140625
6 0.90546875 0.65390625 0.0203125 0.0171875
6 0.90859375 0.6390625 0.0265625 0.01875
6 0.9125 0.62578125 0.028125 0.0140625
6 0.91171875 0.61171875 0.0265625 0.0171875
6 0.91328125 0.5953125 0.0296875 0.015625
6 0.9140625 0.56796875 0.025 0.0171875
6 0.87734375 0.6484375 0.0265625 0.01875
6 0.91875 0.55234375 0.025 0.0171875
6 0.9234375 0.5375 0.021875 0.009375
6 0.92421875 0.52734375 0.0265625 0.0140625
6 0.9265625 0.509375 0.028125 0.015625
6 0.92734375 0.48125 0.0296875 0.0125
6 0.93125 0.46640625 0.025 0.0140625
6 0.9328125 0.45234375 0.021875 0.0171875
6 0.8796875 0.6640625 0.028125 0.015625
6 0.8828125 0.634375 0.028125 0.0125
6 0.9390625 0.38125 0.025 0.01875
6 0.93828125 0.09140625 0.0234375 0.0140625
6 0.93515625 0.10625 0.0234375 0.0125
6 0.93671875 0.1203125 0.0265625 0.0125
6 0.9515625 0.23515625 0.0375 0.0171875
6 0.9515625 0.25078125 0.021875 0.0140625
6 0.95078125 0.265625 0.0234375 0.0125
6 0.95 0.2796875 0.025 0.01875
6 0.9484375 0.29453125 0.025 0.0140625
6 0.94765625 0.31015625 0.0265625 0.0140625
6 0.92890625 0.14765625 0.0296875 0.0140625
6 0.9328125 0.16328125 0.03125 0.0171875
6 0.94296875 0.33828125 0.0296875 0.0140625
6 0.9375 0.40859375 0.025 0.0140625
6 0.8828125 0.62109375 0.025 0.0171875
6 0.91171875 0.40625 0.0265625 0.015625
6 0.9078125 0.4328125 0.025 0.015625
6 0.90703125 0.44765625 0.0234375 0.0140625
6 0.90390625 0.4609375 0.0265625 0.015625
6 0.90234375 0.4890625 0.0265625 0.0125
6 0.89765625 0.50625 0.0265625 0.015625
6 0.8953125 0.5203125 0.025 0.0125
6 0.89453125 0.534375 0.0265625 0.0125
6 0.89296875 0.55 0.0234375 0.0125
6 0.88125 0.57890625 0.025 0.0140625
6 0.88203125 0.59140625 0.0265625 0.0140625
6 0.8828125 0.60546875 0.028125 0.0140625
6 0.98046875 0.6484375 0.0234375 0.015625
6 0.98359375 0.6046875 0.0265625 0.0125
6 0.98359375 0.61875 0.0234375 0.015625
6 0.98046875 0.63515625 0.0234375 0.0140625
6 0.9765625 0.6625 0.021875 0.015625
6 0.9765625 0.67890625 0.021875 0.0140625
6 0.97578125 0.690625 0.0234375 0.0125
6 0.96875 0.70625 0.03125 0.015625
6 0.97109375 0.721875 0.0234375 0.01875
6 0.90625 0.37421875 0.03125 0.0109375
6 0.9109375 0.3890625 0.028125 0.015625
6 0.64296875 0.415625 0.0234375 0.01875
6 0.57265625 0.10078125 0.0296875 0.0171875
6 0.646875 0.09140625 0.03125 0.0203125
6 0.72578125 0.6890625 0.0234375 0.03125
6 0.74765625 0.70546875 0.0265625 0.0265625
