6 0.37578125 0.596875 0.0234375 0.01875
6 0.66640625 0.5609375 0.0265625 0.01875
6 0.65 0.621875 0.025 0.015625
6 0.5546875 0.50390625 0.025 0.0203125
6 0.425 0.53828125 0.025 0.0171875
6 0.4265625 0.5546875 0.03125 0.021875
6 0.43828125 0.578125 0.0234375 0.01875
6 0.44375 0.5921875 0.021875 0.01875
6 0.378125 0.6140625 0.028125 0.01875
6 0.44765625 0.6234375 0.0234375 0.01875
6 0.38515625 0.628125 0.0234375 0.01875
6 0.35234375 0.63671875 0.0265625 0.0203125
6 0.6359375 0.77421875 0.03125 0.0234375
6 0.365625 0.584375 0.025 0.021875
6 0.70234375 0.68125 0.0296875 0.01875
6 0.6546875 0.8359375 0.025 0.021875
6 0.72734375 0.565625 0.0390625 0.025
6 0.72890625 0.87890625 0.0234375 0.0171875
6 0.7578125 0.88671875 0.028125 0.0203125
6 0.73359375 0.89375 0.0234375 0.015625
6 0.7671875 0.89765625 0.025 0.0171875
6 0.74296875 0.9046875 0.0265625 0.01875
6 0.8078125 0.81796875 0.028125 0.0203125
6 0.7703125 0.92890625 0.025 0.0140625
6 0.7734375 0.9421875 0.028125 0.015625
6 0.74609375 0.93359375 0.0265625 0.0203125
6 0.746875 0.95 0.028125 0.021875
6 0.52890625 0.56796875 0.0234375 0.0171875
6 0.69921875 0.66171875 0.0265625 0.0171875
6 0.75546875 0.96328125 0.0234375 0.0171875
6 0.77109375 0.70625 0.0265625 0.01875
6 0.66875 0.34765625 0.025 0.0171875
6 0.7015625 0.46171875 0.021875 0.0171875
6 0.70625 0.48828125 0.01875 0.0140625
6 0.7109375 0.50546875 0.021875 0.0171875
6 0.72265625 0.5296875 0.0265625 0.01875
6 0.7484375 0.6203125 0.028125 0.01875
6 0.7515625 0.646875 0.025 0.01875
6 0.76484375 0.68046875 0.0234375 0.0140625
6 0.7703125 0.69296875 0.021875 0.0140625
6 0.778125 0.95703125 0.025 0.0171875
6 0.7625 0.9765625 0.028125 0.021875
6 0.46484375 0.95390625 0.0296875 0.0234375
6 0.63359375 0.9171875 0.0234375 0.01875
6 0.575 0.9 0.025 0.01875
6 0.56796875 0.88515625 0.0265625 0.0140625
6 0.5625 0.86640625 0.025 0.0171875
6 0.46875 0.88828125 0.03125 0.0234375
6 0.48125 0.9171875 0.028125 0.015625
6 0.4546875 0.92421875 0.025 0.0140625
6 0.48984375 0.9296875 0.0265625 0.01875
6 0.49375 0.94375 0.025 0.01875
6 0.49609375 0.9578125 0.0265625 0.01875
6 0.50078125 0.97109375 0.0234375 0.0203125
6 0.459375 0.93984375 0.028125 0.0203125
6 0.734375 0.58125 0.025 0.01875
6 0.590625 0.96171875 0.01875 0.0171875
6 0.58671875 0.94375 0.0203125 0.01875
6 0.5828125 0.92734375 0.025 0.0171875
6 0.55 0.91328125 0.025 0.0203125
6 0.67578125 0.91328125 0.0171875 0.0171875
6 0.64375 0.9453125 0.025 0.01875
6 0.7734375 0.59609375 0.025 0.0234375
6 0.79296875 0.96875 0.0265625 0.01875
6 0.7921875 0.984375 0.021875 0.01875
6 0.76875 0.9890625 0.021875 0.015625
6 0.35390625 0.6203125 0.0296875 0.021875
6 0.7875 0.63671875 0.028125 0.0265625
6 0.384375 0.9109375 0.025 0.021875
6 0.5625 0.96875 0.028125 0.021875
6 0.76953125 0.91171875 0.0265625 0.0171875
6 0.75625 0.86875 0.028125 0.01875
6 0.0515625 0.8140625 0.04375 0.028125
