6 0.4515625 0.37734375 0.034375 0.0171875
6 0.43046875 0.1671875 0.0328125 0.046875
6 0.3984375 0.18515625 0.021875 0.0140625
6 0.4015625 0.2046875 0.025 0.0125
6 0.40625 0.22421875 0.025 0.0203125
6 0.41328125 0.2359375 0.0265625 0.015625
6 0.41875 0.25078125 0.028125 0.0171875
6 0.41953125 0.26640625 0.0265625 0.0171875
6 0.42734375 0.278125 0.0265625 0.01875
6 0.42578125 0.29453125 0.0296875 0.0140625
6 0.43125 0.30859375 0.025 0.0171875
6 0.45546875 0.30390625 0.0234375 0.0265625
6 0.48203125 0.32265625 0.0234375 0.0296875
6 0.45546875 0.396875 0.0328125 0.021875
6 0.44765625 0.153125 0.0203125 0.028125
6 0.49453125 0.36796875 0.0203125 0.0328125
6 0.46328125 0.42109375 0.0265625 0.0171875
6 0.46796875 0.434375 0.0265625 0.015625
6 0.50234375 0.45859375 0.0234375 0.0328125
6 0.52109375 0.43203125 0.0265625 0.0328125
6 0.5125 0.58046875 0.034375 0.0171875
6 0.5125 0.59609375 0.0375 0.0234375
6 0.515625 0.6109375 0.0375 0.025
6 0.53046875 0.63515625 0.0328125 0.0296875
6 0.540625 0.646875 0.03125 0.028125
6 0.55234375 0.65703125 0.0296875 0.0328125
6 0.5703125 0.6671875 0.025 0.03125
6 0.45703125 0.18125 0.0234375 0.034375
6 0.43671875 0.125 0.0171875 0.03125
6 0.3421875 0.06875 0.025 0.021875
6 0.39296875 0.0375 0.0171875 0.021875
6 0.42890625 0.0984375 0.0234375 0.028125
6 0.346875 0.08203125 0.028125 0.0203125
6 0.353125 0.09375 0.025 0.021875
6 0.38046875 0.1234375 0.0234375 0.03125
6 0.35859375 0.1375 0.0265625 0.025
6 0.3578125 0.12421875 0.028125 0.0234375
6 0.403125 0.09296875 0.025 0.0390625
6 0.584375 0.67578125 0.021875 0.0265625
6 0.59921875 0.67890625 0.0234375 0.0234375
6 0.61484375 0.6859375 0.0203125 0.025
6 0.76015625 0.4015625 0.0265625 0.015625
6 0.70625 0.209375 0.01875 0.03125
6 0.721875 0.34453125 0.01875 0.0328125
6 0.73984375 0.196875 0.0265625 0.015625
6 0.740625 0.20859375 0.028125 0.0140625
6 0.7421875 0.221875 0.028125 0.015625
6 0.7421875 0.23828125 0.025 0.0140625
6 0.74609375 0.25546875 0.0296875 0.0171875
6 0.74765625 0.2703125 0.0265625 0.015625
6 0.76640625 0.47578125 0.0296875 0.0171875
6 0.76171875 0.4625 0.0328125 0.015625
6 0.7578125 0.43203125 0.034375 0.0171875
6 0.7578125 0.4171875 0.03125 0.01875
6 0.75703125 0.38359375 0.0265625 0.0171875
6 0.73671875 0.16640625 0.0328125 0.0171875
6 0.75703125 0.3671875 0.0265625 0.015625
6 0.7546875 0.353125 0.03125 0.015625
6 0.7546875 0.33828125 0.03125 0.0171875
6 0.753125 0.32421875 0.028125 0.0140625
6 0.7515625 0.31015625 0.028125 0.0140625
6 0.75 0.29765625 0.03125 0.0140625
6 0.75 0.28203125 0.03125 0.0140625
6 0.89296875 0.1015625 0.0171875 0.028125
6 0.91484375 0.1015625 0.0171875 0.034375
6 0.9171875 0.13828125 0.01875 0.0328125
6 0.91875 0.16953125 0.015625 0.0359375
6 0.921875 0.20546875 0.015625 0.0296875
6 0.73671875 0.18203125 0.0328125 0.0203125
6 0.7390625 0.1546875 0.03125 0.01875
6 0.928125 0.26796875 0.015625 0.0328125
6 0.696875 0.39375 0.0375 0.01875
6 0.67734375 0.221875 0.0265625 0.021875
6 0.68203125 0.23359375 0.0296875 0.0109375
6 0.684375 0.24765625 0.034375 0.0203125
6 0.68515625 0.2625 0.0296875 0.015625
6 0.6875 0.27734375 0.034375 0.0171875
6 0.6875 0.2921875 0.03125 0.015625
6 0.6875 0.30546875 0.034375 0.0234375
6 0.6921875 0.32109375 0.03125 0.0203125
6 0.69296875 0.33515625 0.0328125 0.0171875
6 0.69296875 0.35 0.0296875 0.015625
6 0.690625 0.36328125 0.028125 0.0140625
6 0.69765625 0.378125 0.0390625 0.01875
6 0.69375 0.4265625 0.028125 0.01875
6 0.7296875 0.14140625 0.03125 0.0203125
6 0.703125 0.409375 0.0375 0.021875
6 0.69765625 0.4375 0.0265625 0.021875
6 0.7015625 0.45390625 0.03125 0.0203125
6 0.70390625 0.46796875 0.0265625 0.0203125
6 0.70703125 0.48359375 0.0296875 0.0203125
6 0.7234375 0.0375 0.034375 0.015625
6 0.728125 0.0546875 0.034375 0.021875
6 0.72890625 0.0671875 0.0296875 0.015625
6 0.72734375 0.0796875 0.0328125 0.015625
6 0.73203125 0.09296875 0.0359375 0.0171875
6 0.73203125 0.10859375 0.0296875 0.0171875
6 0.73203125 0.12421875 0.0359375 0.0171875
6 0.92734375 0.23515625 0.0140625 0.0296875
6 0.93203125 0.3328125 0.0171875 0.025
6 0.6296875 0.69140625 0.025 0.0296875
6 0.7640625 0.12109375 0.034375 0.0171875
6 0.7625 0.10703125 0.034375 0.0234375
6 0.76484375 0.08828125 0.0390625 0.0203125
6 0.75859375 0.06328125 0.0328125 0.0171875
6 0.75859375 0.0484375 0.0328125 0.01875
6 0.7890625 0.05625 0.015625 0.034375
6 0.83125 0.1625 0.0375 0.025
6 0.83828125 0.19609375 0.0359375 0.0140625
6 0.8390625 0.22109375 0.034375 0.0234375
6 0.83984375 0.17890625 0.0390625 0.0203125
6 0.89765625 0.2015625 0.0296875 0.040625
6 0.8984375 0.14765625 0.015625 0.0296875
6 0.76640625 0.16015625 0.0359375 0.0234375
6 0.76328125 0.1390625 0.0359375 0.01875
6 0.796875 0.1796875 0.01875 0.028125
6 0.9328125 0.30390625 0.015625 0.0296875
6 0.78671875 0.3515625 0.0328125 0.01875
6 0.92578125 0.45234375 0.0171875 0.0296875
6 0.94375 0.43046875 0.015625 0.0359375
6 0.85703125 0.47265625 0.0359375 0.0203125
6 0.859375 0.4453125 0.03125 0.015625
6 0.7953125 0.47265625 0.03125 0.0234375
6 0.79609375 0.45859375 0.0296875 0.0140625
6 0.7921875 0.44296875 0.03125 0.0203125
6 0.78984375 0.42890625 0.0328125 0.0140625
6 0.78984375 0.41328125 0.0359375 0.0171875
6 0.7890625 0.3984375 0.03125 0.01875
6 0.78515625 0.38046875 0.0359375 0.0171875
6 0.78515625 0.36953125 0.0359375 0.0234375
6 0.81171875 0.3171875 0.0171875 0.025
6 0.765625 0.17578125 0.0375 0.0203125
6 0.8453125 0.30546875 0.028125 0.0171875
6 0.7828125 0.3359375 0.03125 0.015625
6 0.78046875 0.3234375 0.0265625 0.009375
6 0.78203125 0.3078125 0.0296875 0.015625
6 0.78125 0.29375 0.028125 0.015625
6 0.78046875 0.27890625 0.0328125 0.0203125
6 0.7796875 0.265625 0.040625 0.01875
6 0.7765625 0.2515625 0.0375 0.01875
6 0.77109375 0.2359375 0.0421875 0.01875
6 0.77265625 0.221875 0.0390625 0.01875
6 0.7703125 0.2078125 0.034375 0.01875
6 0.771875 0.190625 0.0375 0.01875
6 0.675 0.20078125 0.025 0.0203125
6 0.67734375 0.1859375 0.0328125 0.015625
6 0.67421875 0.1734375 0.0265625 0.015625
6 0.58125 0.13984375 0.028125 0.0171875
6 0.60078125 0.0453125 0.0203125 0.034375
6 0.578125 0.1109375 0.025 0.015625
6 0.5984375 0.10390625 0.015625 0.0296875
6 0.6140625 0.140625 0.01875 0.03125
6 0.5828125 0.22578125 0.03125 0.0140625
6 0.590625 0.240625 0.028125 0.01875
6 0.58671875 0.25625 0.0234375 0.015625
6 0.5875 0.26953125 0.025 0.0171875
6 0.58828125 0.28515625 0.0265625 0.0140625
6 0.57890625 0.12734375 0.0296875 0.0140625
6 0.571875 0.07578125 0.03125 0.0203125
6 0.67265625 0.16015625 0.0296875 0.0171875
6 0.87890625 0.5765625 0.0296875 0.01875
6 0.6453125 0.69921875 0.021875 0.0265625
6 0.6625 0.70703125 0.021875 0.0234375
6 0.67734375 0.7125 0.0203125 0.028125
6 0.6953125 0.71640625 0.021875 0.0265625
6 0.71328125 0.69609375 0.0265625 0.0140625
6 0.7609375 0.7390625 0.025 0.03125
6 0.77578125 0.74765625 0.0234375 0.0296875
6 0.83671875 0.64140625 0.0328125 0.0234375
6 0.9 0.6296875 0.034375 0.01875
6 0.846875 0.62109375 0.025 0.0171875
6 0.90703125 0.59375 0.0328125 0.021875
6 0.83828125 0.57890625 0.0296875 0.0203125
6 0.91015625 0.5578125 0.0265625 0.01875
6 0.571875 0.06171875 0.028125 0.0203125
6 0.953125 0.578125 0.028125 0.021875
6 0.9546875 0.6046875 0.034375 0.021875
6 0.778125 0.5796875 0.028125 0.01875
6 0.6390625 0.54609375 0.015625 0.0328125
6 0.665625 0.54453125 0.015625 0.0296875
6 0.69609375 0.53984375 0.0171875 0.0328125
6 0.7984375 0.53046875 0.01875 0.0328125
6 0.825 0.5296875 0.01875 0.034375
6 0.55078125 0.55859375 0.0203125 0.0296875
6 0.56640625 0.01796875 0.0296875 0.0203125
6 0.56640625 0.03203125 0.0296875 0.0140625
6 0.56953125 0.0453125 0.0296875 0.01875
6 0.5921875 0.3 0.025 0.01875
6 0.5921875 0.3140625 0.028125 0.01875
6 0.59375 0.33046875 0.03125 0.0171875
6 0.66171875 0.39609375 0.0265625 0.0140625
6 0.64609375 0.22421875 0.0296875 0.0140625
6 0.646875 0.23671875 0.028125 0.0140625
6 0.64765625 0.2515625 0.0328125 0.01875
6 0.6484375 0.26484375 0.03125 0.0171875
6 0.64921875 0.278125 0.0296875 0.01875
6 0.65390625 0.290625 0.0265625 0.01875
6 0.6515625 0.3078125 0.034375 0.021875
6 0.65234375 0.3234375 0.0328125 0.01875
6 0.65546875 0.3359375 0.0296875 0.0125
6 0.65703125 0.3515625 0.0265625 0.015625
6 0.65625 0.3671875 0.03125 0.015625
6 0.65546875 0.38125 0.0296875 0.01875
6 0.66171875 0.409375 0.0296875 0.015625
6 0.59453125 0.34453125 0.0265625 0.0171875
6 0.66328125 0.421875 0.0296875 0.01875
6 0.66640625 0.43984375 0.0296875 0.0140625
6 0.6671875 0.4546875 0.03125 0.01875
6 0.671875 0.471875 0.03125 0.01875
6 0.66328125 0.0421875 0.0328125 0.0125
6 0.66796875 0.05234375 0.0328125 0.0140625
6 0.665625 0.0671875 0.03125 0.01875
6 0.66953125 0.084375 0.0296875 0.021875
6 0.66953125 0.1 0.0296875 0.015625
6 0.67421875 0.11484375 0.0328125 0.0171875
6 0.67421875 0.12890625 0.0328125 0.0140625
6 0.66953125 0.14375 0.0296875 0.015625
6 0.64296875 0.20859375 0.0296875 0.0171875
6 0.640625 0.19296875 0.028125 0.0171875
6 0.63984375 0.1765625 0.0296875 0.015625
6 0.63984375 0.1640625 0.0296875 0.01875
6 0.596875 0.3578125 0.03125 0.01875
6 0.6015625 0.40859375 0.03125 0.0140625
6 0.60625 0.425 0.034375 0.01875
6 0.60546875 0.44140625 0.0296875 0.0140625
6 0.60546875 0.45390625 0.0265625 0.0171875
6 0.60703125 0.47109375 0.0265625 0.0171875
6 0.603125 0.48671875 0.034375 0.0171875
6 0.60390625 0.5 0.0328125 0.021875
6 0.6125 0.5125 0.03125 0.021875
6 0.94453125 0.46875 0.0203125 0.0375
6 0.95 0.50625 0.01875 0.0375
6 0.78515625 0.028125 0.0296875 0.034375
6 0.75703125 0.034375 0.0328125 0.01875
6 0.81796875 0.040625 0.0296875 0.015625
6 0.8171875 0.021875 0.03125 0.015625
6 0.6328125 0.04765625 0.028125 0.0171875
6 0.63125 0.0640625 0.034375 0.01875
6 0.63359375 0.07890625 0.0296875 0.0171875
6 0.63359375 0.0921875 0.0265625 0.015625
6 0.63671875 0.10859375 0.0296875 0.0203125
6 0.63828125 0.1203125 0.0265625 0.01875
6 0.63828125 0.134375 0.0265625 0.015625
6 0.63828125 0.1484375 0.0296875 0.01875
6 0.02734375 0.146875 0.0234375 0.025
6 0.03984375 0.1765625 0.0171875 0.025
6 0.04921875 0.240625 0.0203125 0.028125
6 0.05 0.27109375 0.01875 0.0265625
6 0.053125 0.30078125 0.01875 0.0265625
6 0.053125 0.328125 0.021875 0.028125
6 0.05703125 0.36015625 0.0171875 0.0296875
6 0.0546875 0.39296875 0.015625 0.0296875
6 0.0546875 0.42734375 0.01875 0.0328125
6 0.05078125 0.46015625 0.0171875 0.0296875
6 0.046875 0.490625 0.01875 0.028125
6 0.0921875 0.11953125 0.015625 0.0296875
6 0.11640625 0.16171875 0.0296875 0.0359375
6 0.10078125 0.23046875 0.0203125 0.0328125
6 0.1140625 0.35625 0.0125 0.03125
6 0.03125 0.32109375 0.0125 0.0328125
