6 0.06328125 0.11796875 0.0234375 0.0296875
6 0.1125 0.259375 0.025 0.03125
6 0.33515625 0.2953125 0.0203125 0.028125
6 0.01015625 0.40546875 0.0140625 0.0296875
6 0.421875 0.45859375 0.028125 0.0234375
6 0.43515625 0.39921875 0.0421875 0.0421875
6 0.03203125 0.0421875 0.0265625 0.03125
5 0.9640625 0.62734375 0.034375 0.0328125
6 0.0484375 0.0875 0.021875 0.025
6 0.06875 0.05546875 0.01875 0.0296875
6 0.67734375 0.91015625 0.0171875 0.0265625
6 0.50625 0.80234375 0.025 0.0265625
6 0.37890625 0.77890625 0.0203125 0.0296875
6 0.77265625 0.69609375 0.0171875 0.0265625
6 0.253125 0.0609375 0.01875 0.028125
6 0.82578125 0.94296875 0.0140625 0.0265625
6 0.24765625 0.14296875 0.0234375 0.0328125
6 0.23984375 0.10859375 0.0234375 0.0296875
6 0.22109375 0.075 0.0234375 0.028125
6 0.21328125 0.04140625 0.0265625 0.0296875
6 0.1765625 0.01953125 0.025 0.0296875
6 0.1859375 0.0515625 0.021875 0.03125
6 0.19765625 0.090625 0.0234375 0.03125
6 0.21328125 0.12578125 0.0203125 0.0328125
6 0.15 0.03203125 0.025 0.0328125
6 0.0578125 0.02265625 0.025 0.0359375
6 0.80078125 0.93515625 0.0171875 0.0296875
6 0.85703125 0.946875 0.0203125 0.025
6 0.83046875 0.8609375 0.0140625 0.025
6 0.96640625 0.88984375 0.0171875 0.0265625
6 0.94609375 0.88828125 0.0171875 0.0234375
6 0.93203125 0.88125 0.0140625 0.021875
6 0.91796875 0.878125 0.0203125 0.03125
6 0.8984375 0.875 0.01875 0.028125
6 0.88046875 0.878125 0.0171875 0.034375
6 0.865625 0.8703125 0.015625 0.025
6 0.84921875 0.86640625 0.0171875 0.0265625
6 0.80078125 0.859375 0.0234375 0.03125
6 0.86796875 0.95078125 0.0171875 0.0234375
6 0.77734375 0.85390625 0.0171875 0.0265625
6 0.74765625 0.84453125 0.0171875 0.0296875
6 0.725 0.8375 0.015625 0.03125
6 0.70390625 0.8390625 0.0203125 0.03125
6 0.97421875 0.96875 0.0171875 0.025
6 0.959375 0.9640625 0.01875 0.03125
6 0.55234375 0.8125 0.0234375 0.0375
6 0.6890625 0.88671875 0.025 0.0140625
6 0.92890625 0.959375 0.0171875 0.028125
6 0.909375 0.9546875 0.01875 0.03125
6 0.89296875 0.95546875 0.0203125 0.0265625
6 0.3296875 0.78203125 0.015625 0.0296875
6 0.33203125 0.6890625 0.0234375 0.03125
6 0.2328125 0.60234375 0.025 0.0140625
6 0.25078125 0.903125 0.0296875 0.025
6 0.515625 0.8796875 0.01875 0.03125
6 0.27421875 0.128125 0.0171875 0.03125
6 0.28515625 0.1140625 0.0265625 0.0375
6 0.3390625 0.20078125 0.028125 0.0296875
6 0.25 0.5765625 0.03125 0.0125
6 0.034375 0.815625 0.025 0.025
6 0.04609375 0.803125 0.0328125 0.034375
6 0.01953125 0.78046875 0.0265625 0.0296875
6 0.2140625 0.7 0.028125 0.021875
6 0.953125 0.925 0.034375 0.03125
6 0.51640625 0.478125 0.0265625 0.01875
6 0.58828125 0.48125 0.0234375 0.015625
6 0.675 0.5046875 0.0375 0.025
6 0.87734375 0.5734375 0.0234375 0.021875
