5 0.21640625 0.1109375 0.0203125 0.028125
6 0.2203125 0.73125 0.03125 0.025
6 0.13203125 0.72109375 0.0359375 0.0265625
6 0.11015625 0.69921875 0.0359375 0.0296875
6 0.0375 0.94375 0.0375 0.03125
6 0.059375 0.81171875 0.03125 0.0234375
6 0.0671875 0.79921875 0.034375 0.0265625
6 0.065625 0.759375 0.03125 0.021875
6 0.075 0.7484375 0.028125 0.01875
6 0.08125 0.73828125 0.03125 0.0234375
6 0.0890625 0.72421875 0.03125 0.0265625
6 0.61484375 0.21796875 0.0171875 0.0296875
6 0.62734375 0.21953125 0.0171875 0.0296875
6 0.64140625 0.22421875 0.0203125 0.0296875
6 0.65390625 0.228125 0.0171875 0.028125
6 0.66953125 0.23046875 0.0203125 0.0296875
6 0.403125 0.2171875 0.015625 0.03125
6 0.41875 0.21640625 0.015625 0.0296875
6 0.43515625 0.21875 0.0203125 0.03125
6 0.4484375 0.22265625 0.01875 0.0359375
6 0.4609375 0.2234375 0.021875 0.034375
6 0.47578125 0.22578125 0.0203125 0.0328125
6 0.4890625 0.228125 0.01875 0.034375
6 0.57109375 0.20859375 0.0203125 0.0328125
6 0.6 0.215625 0.01875 0.025
6 0.55703125 0.2046875 0.0171875 0.028125
6 0.67421875 0.0453125 0.0234375 0.034375
6 0.9453125 0.43125 0.03125 0.015625
6 0.8296875 0.103125 0.01875 0.03125
6 0.8421875 0.10703125 0.01875 0.0328125
6 0.85703125 0.10703125 0.0171875 0.0296875
6 0.871875 0.11328125 0.01875 0.0328125
6 0.90078125 0.12265625 0.0203125 0.0328125
6 0.334375 0.103125 0.021875 0.03125
6 0.36171875 0.11015625 0.0203125 0.0328125
6 0.3765625 0.11171875 0.025 0.0359375
6 0.265625 0.23359375 0.0375 0.0328125
6 0.8671875 0.5203125 0.034375 0.015625
6 0.93359375 0.4453125 0.0296875 0.01875
6 0.79921875 0.38671875 0.0296875 0.0234375
6 0.8 0.09453125 0.021875 0.0296875
6 0.821875 0.34921875 0.028125 0.0203125
6 0.659375 0.41640625 0.028125 0.0234375
6 0.4421875 0.4109375 0.03125 0.015625
6 0.25234375 0.4171875 0.0328125 0.025
6 0.39375 0.2640625 0.03125 0.03125
6 0.4046875 0.275 0.025 0.03125
6 0.41875 0.2796875 0.025 0.0375
6 0.4296875 0.29140625 0.028125 0.0328125
6 0.45390625 0.31171875 0.0296875 0.0171875
6 0.51171875 0.28984375 0.0203125 0.0359375
6 0.5375 0.29140625 0.01875 0.0328125
6 0.55390625 0.29453125 0.0171875 0.0328125
6 0.81640625 0.09765625 0.0171875 0.0328125
6 0.78671875 0.09375 0.0203125 0.03125
6 0.5828125 0.30078125 0.01875 0.0359375
6 0.87890625 0.07734375 0.0203125 0.0328125
6 0.703125 0.0484375 0.015625 0.034375
6 0.71796875 0.0484375 0.0203125 0.03125
6 0.7328125 0.05078125 0.01875 0.0265625
6 0.7453125 0.05390625 0.015625 0.0296875
6 0.7625 0.05546875 0.01875 0.0296875
6 0.77578125 0.059375 0.0203125 0.03125
6 0.7921875 0.0609375 0.021875 0.03125
6 0.80546875 0.065625 0.0171875 0.034375
6 0.82265625 0.06640625 0.0234375 0.0328125
6 0.834375 0.07421875 0.01875 0.0328125
6 0.85078125 0.0765625 0.0203125 0.034375
6 0.8640625 0.0765625 0.015625 0.03125
6 0.89375 0.08046875 0.01875 0.0328125
6 0.771875 0.08828125 0.021875 0.0296875
6 0.653125 0.071875 0.01875 0.03125
6 0.66953125 0.07421875 0.0171875 0.0265625
6 0.92265625 0.0859375 0.0140625 0.03125
6 0.68359375 0.0734375 0.0203125 0.034375
6 0.6984375 0.0796875 0.01875 0.028125
6 0.715625 0.0796875 0.021875 0.03125
6 0.72578125 0.0828125 0.0203125 0.03125
6 0.7421875 0.084375 0.021875 0.034375
6 0.75703125 0.0875 0.0203125 0.03125
6 0.5671875 0.3 0.015625 0.03125
6 0.6125 0.30546875 0.025 0.0359375
6 0.5421875 0.203125 0.025 0.03125
6 0.5640625 0.23984375 0.025 0.0328125
6 0.565625 0.14921875 0.01875 0.0328125
6 0.52578125 0.14140625 0.0203125 0.0328125
6 0.5109375 0.13828125 0.01875 0.0328125
6 0.49140625 0.13359375 0.0203125 0.0359375
6 0.47734375 0.13046875 0.0171875 0.0359375
6 0.46328125 0.12734375 0.0203125 0.0296875
6 0.44921875 0.1265625 0.0171875 0.03125
6 0.634375 0.25390625 0.021875 0.0296875
6 0.62265625 0.2515625 0.0171875 0.028125
6 0.60703125 0.246875 0.0171875 0.028125
6 0.59296875 0.2453125 0.0171875 0.03125
6 0.57890625 0.24453125 0.0203125 0.0328125
6 0.54921875 0.2375 0.0203125 0.034375
6 0.65703125 0.1296875 0.0234375 0.034375
6 0.53515625 0.2359375 0.0203125 0.034375
6 0.51875 0.23203125 0.01875 0.0328125
6 0.5046875 0.2296875 0.015625 0.03125
6 0.36875 0.175 0.0125 0.028125
6 0.38125 0.175 0.015625 0.028125
6 0.39609375 0.1734375 0.0171875 0.028125
6 0.42265625 0.1828125 0.0140625 0.028125
6 0.4671875 0.190625 0.025 0.034375
6 0.4828125 0.19375 0.021875 0.03125
6 0.49765625 0.19609375 0.0171875 0.0296875
6 0.51171875 0.19765625 0.0203125 0.0328125
6 0.52578125 0.20078125 0.0203125 0.0328125
6 0.54921875 0.146875 0.0203125 0.03125
6 0.65390625 0.16328125 0.0203125 0.0328125
6 0.63359375 0.3046875 0.0234375 0.034375
6 0.803125 0.1625 0.021875 0.034375
6 0.64921875 0.3015625 0.0203125 0.03125
6 0.66953125 0.30234375 0.0140625 0.0296875
6 0.67265625 0.2765625 0.0296875 0.01875
6 0.75546875 0.23984375 0.0203125 0.0359375
6 0.77109375 0.24609375 0.0203125 0.0359375
6 0.8390625 0.20703125 0.021875 0.0359375
6 0.81015625 0.2 0.0234375 0.0375
6 0.76875 0.18984375 0.015625 0.0265625
6 0.8921875 0.17890625 0.0125 0.0296875
6 0.878125 0.1765625 0.01875 0.03125
6 0.84609375 0.16640625 0.0171875 0.0359375
6 0.81953125 0.1640625 0.0171875 0.03125
6 0.7875 0.16015625 0.021875 0.0296875
6 0.66796875 0.16640625 0.0203125 0.0328125
6 0.7734375 0.15859375 0.01875 0.0296875
6 0.759375 0.15625 0.01875 0.03125
6 0.74765625 0.153125 0.0171875 0.03125
6 0.7296875 0.1484375 0.025 0.03125
6 0.71796875 0.146875 0.0203125 0.03125
6 0.703125 0.1421875 0.01875 0.03125
6 0.68671875 0.13515625 0.0203125 0.0328125
6 0.6734375 0.1328125 0.021875 0.034375
6 0.40625 0.1171875 0.015625 0.028125
6 0.4203125 0.1203125 0.01875 0.034375
6 0.43515625 0.12421875 0.0203125 0.0296875
6 0.69453125 0.1734375 0.0171875 0.03125
6 0.96328125 0.17734375 0.0265625 0.0296875
6 0.68984375 0.04453125 0.0171875 0.0296875
6 0.65859375 0.04140625 0.0203125 0.0359375
6 0.64375 0.040625 0.021875 0.0375
6 0.559375 0.78515625 0.040625 0.0265625
6 0.875 0.01640625 0.015625 0.0265625
6 0.890625 0.021875 0.021875 0.0375
6 0.53046875 0.01875 0.0234375 0.034375
6 0.55625 0.021875 0.021875 0.0375
6 0.571875 0.02578125 0.015625 0.0296875
6 0.58671875 0.0265625 0.0171875 0.03125
6 0.6015625 0.02890625 0.01875 0.0328125
6 0.61796875 0.03515625 0.0203125 0.0296875
