6 0.80078125 0.059375 0.0171875 0.034375
6 0.96484375 0.0984375 0.0109375 0.028125
6 0.946875 0.09609375 0.01875 0.0328125
6 0.93125 0.090625 0.015625 0.028125
6 0.78515625 0.059375 0.0171875 0.025
6 0.7140625 0.04453125 0.0125 0.0265625
6 0.734375 0.09765625 0.0125 0.0265625
6 0.88125 0.128125 0.01875 0.034375
6 0.9796875 0.0171875 0.021875 0.03125
6 0.34921875 0.44609375 0.0453125 0.0421875
6 0.33984375 0.46484375 0.0265625 0.0203125
6 0.25078125 0.30234375 0.0296875 0.0328125
6 0.29375 0.2609375 0.040625 0.034375
6 0.16796875 0.490625 0.0328125 0.025
6 0.19140625 0.2984375 0.0359375 0.03125
6 0.31171875 0.175 0.0234375 0.025
6 0.19375 0.37421875 0.034375 0.0328125
6 0.20234375 0.3578125 0.0328125 0.03125
6 0.15078125 0.428125 0.0421875 0.04375
6 0.15234375 0.5640625 0.0265625 0.025
6 0.01328125 0.67421875 0.0265625 0.0265625
6 0.0296875 0.64921875 0.025 0.0234375
6 0.07421875 0.496875 0.0296875 0.028125
6 0.05078125 0.6234375 0.0328125 0.028125
6 0.0625 0.6125 0.028125 0.01875
6 0.071875 0.5984375 0.03125 0.028125
6 0.0828125 0.5859375 0.03125 0.03125
6 0.09453125 0.57734375 0.0234375 0.0265625
6 0.1109375 0.5625 0.028125 0.025
6 0.209375 0.48046875 0.028125 0.0265625
6 0.23359375 0.4671875 0.0265625 0.028125
6 0.22109375 0.59296875 0.0234375 0.0296875
6 0.20625 0.61875 0.03125 0.028125
6 0.21484375 0.64609375 0.0296875 0.0296875
6 0.16484375 0.6578125 0.0296875 0.028125
6 0.13359375 0.69140625 0.0328125 0.0328125
6 0.09765625 0.72734375 0.0296875 0.0265625
6 0.146875 0.72578125 0.021875 0.0265625
6 0.15625 0.7125 0.021875 0.01875
5 0.090625 0.86328125 0.034375 0.0328125
5 0.1359375 0.91953125 0.028125 0.0265625
6 0.94765625 0.33671875 0.0171875 0.0296875
6 0.58984375 0.28359375 0.0265625 0.0171875
6 0.66875 0.27890625 0.01875 0.0265625
6 0.69140625 0.303125 0.0234375 0.015625
6 0.6984375 0.28203125 0.01875 0.0328125
6 0.7546875 0.29765625 0.01875 0.0296875
6 0.8109375 0.30703125 0.021875 0.0359375
6 0.840625 0.31640625 0.015625 0.0296875
6 0.86953125 0.31953125 0.0140625 0.0265625
6 0.8828125 0.32421875 0.015625 0.0296875
6 0.896875 0.32578125 0.01875 0.0296875
6 0.91171875 0.3328125 0.0171875 0.028125
6 0.9234375 0.3375 0.01875 0.03125
6 0.946875 0.36328125 0.0125 0.0234375
6 0.665625 0.215625 0.021875 0.034375
6 0.934375 0.36484375 0.015625 0.0265625
6 0.90703125 0.3578125 0.0203125 0.028125
6 0.878125 0.3546875 0.015625 0.03125
6 0.80546875 0.340625 0.0203125 0.028125
6 0.78828125 0.33359375 0.0171875 0.0296875
6 0.76328125 0.32890625 0.0140625 0.0265625
6 0.90703125 0.421875 0.0171875 0.028125
6 0.89296875 0.42109375 0.0171875 0.0265625
6 0.8796875 0.41875 0.01875 0.028125
6 0.86328125 0.41328125 0.0203125 0.0328125
6 0.80625 0.40078125 0.01875 0.0296875
6 0.7921875 0.3984375 0.01875 0.034375
6 0.596875 0.25859375 0.01875 0.0328125
6 0.89921875 0.23671875 0.0328125 0.0203125
6 0.76015625 0.421875 0.0203125 0.03125
6 0.88359375 0.20625 0.0203125 0.03125
6 0.18359375 0.675 0.0265625 0.028125
6 0.81171875 0.11015625 0.0203125 0.0328125
6 0.84140625 0.1203125 0.0234375 0.03125
6 0.91328125 0.1296875 0.0203125 0.03125
6 0.96015625 0.13984375 0.0171875 0.0328125
6 0.978125 0.1453125 0.021875 0.034375
6 0.96640625 0.21796875 0.0203125 0.0359375
6 0.93359375 0.21484375 0.0203125 0.0328125
6 0.853125 0.19765625 0.01875 0.0296875
6 0.87578125 0.2609375 0.0203125 0.034375
6 0.76015625 0.04921875 0.0203125 0.0296875
6 0.76484375 0.17578125 0.0171875 0.0296875
6 0.78359375 0.178125 0.0171875 0.03125
6 0.834375 0.1953125 0.01875 0.025
6 0.63359375 0.15 0.0203125 0.028125
6 0.91328125 0.21171875 0.0203125 0.0234375
6 0.9546875 0.27109375 0.01875 0.0359375
6 0.9390625 0.2671875 0.01875 0.034375
6 0.92421875 0.265625 0.0171875 0.0375
6 0.90390625 0.26484375 0.0140625 0.0296875
6 0.765625 0.39375 0.01875 0.028125
6 0.7890625 0.4265625 0.021875 0.03125
6 0.3640625 0.63515625 0.021875 0.0328125
6 0.70703125 0.603125 0.0171875 0.034375
6 0.7078125 0.571875 0.015625 0.028125
6 0.75703125 0.58125 0.0203125 0.028125
6 0.73515625 0.6078125 0.0203125 0.028125
6 0.8125 0.59375 0.01875 0.03125
6 0.83671875 0.62734375 0.0203125 0.0296875
6 0.85078125 0.6296875 0.0171875 0.03125
6 0.86640625 0.63515625 0.0203125 0.0328125
6 0.88125 0.63671875 0.025 0.0359375
6 0.9125 0.64296875 0.01875 0.0359375
6 0.4734375 0.55625 0.025 0.034375
6 0.3875 0.603125 0.021875 0.03125
6 0.43828125 0.64765625 0.0234375 0.0328125
6 0.66171875 0.5921875 0.0234375 0.040625
6 0.47890625 0.6546875 0.0171875 0.03125
6 0.540625 0.66484375 0.021875 0.0265625
6 0.64609375 0.65859375 0.0203125 0.0359375
6 0.7171875 0.703125 0.021875 0.034375
6 0.68515625 0.696875 0.0234375 0.03125
6 0.709375 0.66953125 0.01875 0.0359375
6 0.75234375 0.67734375 0.0203125 0.0359375
6 0.7671875 0.68125 0.01875 0.034375
6 0.80859375 0.6875 0.0203125 0.03125
6 0.8234375 0.6890625 0.021875 0.034375
6 0.83828125 0.69453125 0.0234375 0.0359375
6 0.86953125 0.7 0.0203125 0.03125
6 0.68984375 0.59921875 0.0171875 0.0296875
6 0.68359375 0.565625 0.0234375 0.03125
6 0.81328125 0.4390625 0.0203125 0.03125
6 0.90390625 0.51796875 0.0203125 0.0390625
6 0.86015625 0.4453125 0.0234375 0.034375
6 0.9015625 0.45078125 0.01875 0.0359375
6 0.93515625 0.45546875 0.0203125 0.0265625
6 0.56953125 0.45078125 0.0140625 0.0265625
6 0.584375 0.4546875 0.021875 0.034375
6 0.62890625 0.4609375 0.0203125 0.034375
6 0.73203125 0.484375 0.0171875 0.03125
6 0.65078125 0.5015625 0.0265625 0.034375
6 0.72265625 0.51640625 0.0234375 0.0296875
6 0.83046875 0.50703125 0.0171875 0.0296875
6 0.8609375 0.5109375 0.01875 0.028125
6 0.89140625 0.5140625 0.0203125 0.034375
6 0.93203125 0.5234375 0.0203125 0.034375
6 0.63828125 0.55703125 0.0234375 0.0296875
6 0.85546875 0.540625 0.0203125 0.028125
6 0.87265625 0.53984375 0.0234375 0.0296875
6 0.88515625 0.54375 0.0171875 0.028125
6 0.7828125 0.52578125 0.021875 0.0296875
6 0.87265625 0.603125 0.0203125 0.03125
6 0.88828125 0.60703125 0.0171875 0.0328125
6 0.90234375 0.609375 0.0203125 0.03125
6 0.97109375 0.65078125 0.0171875 0.0265625
6 0.53828125 0.5375 0.0171875 0.028125
6 0.559375 0.5734375 0.025 0.03125
6 0.57421875 0.57890625 0.0203125 0.0265625
6 0.6328125 0.5875 0.01875 0.03125
6 0.884375 0.70390625 0.021875 0.0328125
6 0.89765625 0.70546875 0.0171875 0.0234375
6 0.915625 0.70703125 0.01875 0.0328125
6 0.51796875 0.9171875 0.0234375 0.034375
6 0.30234375 0.871875 0.0203125 0.03125
6 0.29921875 0.90703125 0.0203125 0.0359375
6 0.34375 0.88125 0.015625 0.028125
6 0.359375 0.88515625 0.015625 0.0296875
6 0.37421875 0.88828125 0.0171875 0.0296875
6 0.40234375 0.89921875 0.0171875 0.0328125
6 0.41875 0.9 0.01875 0.03125
6 0.44453125 0.90390625 0.0171875 0.0265625
6 0.45859375 0.90703125 0.0171875 0.0265625
6 0.47265625 0.909375 0.0203125 0.028125
6 0.48828125 0.9125 0.0203125 0.03125
6 0.5046875 0.91484375 0.021875 0.0359375
6 0.54609375 0.92578125 0.0234375 0.0328125
6 0.30859375 0.84765625 0.0265625 0.0171875
6 0.56328125 0.92421875 0.0171875 0.0296875
6 0.5703125 0.88984375 0.03125 0.0203125
6 0.58359375 0.90859375 0.0296875 0.0171875
6 0.57578125 0.92890625 0.0203125 0.0328125
6 0.590625 0.9328125 0.021875 0.03125
6 0.60546875 0.934375 0.0203125 0.028125
6 0.621875 0.93984375 0.01875 0.0265625
6 0.6515625 0.9421875 0.01875 0.03125
6 0.6796875 0.94765625 0.01875 0.0296875
6 0.69453125 0.94921875 0.0203125 0.0328125
6 0.71015625 0.95078125 0.0171875 0.0296875
6 0.7234375 0.95625 0.015625 0.028125
6 0.28125 0.90390625 0.021875 0.0359375
6 0.9640625 0.94140625 0.025 0.0296875
6 0.75078125 0.96015625 0.0171875 0.0328125
6 0.7375 0.8953125 0.015625 0.028125
6 0.5609375 0.8625 0.01875 0.034375
6 0.57421875 0.865625 0.0140625 0.03125
6 0.5890625 0.86953125 0.01875 0.0265625
6 0.60234375 0.87109375 0.0234375 0.0296875
6 0.61640625 0.87109375 0.0234375 0.0296875
6 0.63359375 0.87890625 0.0203125 0.0328125
6 0.65 0.87578125 0.021875 0.0265625
6 0.6640625 0.8796875 0.021875 0.028125
6 0.67734375 0.88515625 0.0296875 0.0359375
6 0.69375 0.88828125 0.015625 0.0296875
6 0.7078125 0.8890625 0.01875 0.03125
6 0.7234375 0.89296875 0.01875 0.0296875
6 0.75078125 0.89921875 0.0203125 0.0328125
6 0.93828125 0.93828125 0.0203125 0.0359375
6 0.765625 0.90234375 0.01875 0.0328125
6 0.78125 0.90703125 0.025 0.0359375
6 0.79609375 0.91015625 0.0203125 0.0359375
6 0.80625 0.9125 0.01875 0.028125
6 0.82109375 0.91328125 0.0203125 0.0359375
6 0.83828125 0.91796875 0.0140625 0.0328125
6 0.85078125 0.9203125 0.0171875 0.034375
6 0.865625 0.92109375 0.015625 0.0359375
6 0.88046875 0.92421875 0.0171875 0.0359375
6 0.89375 0.9296875 0.015625 0.034375
6 0.90859375 0.92890625 0.0203125 0.0328125
6 0.92421875 0.93671875 0.0203125 0.0328125
6 0.73828125 0.96015625 0.0140625 0.0296875
6 0.765625 0.96328125 0.01875 0.0328125
6 0.9296875 0.709375 0.01875 0.03125
6 0.29765625 0.9703125 0.0234375 0.034375
6 0.34140625 0.9796875 0.0171875 0.034375
6 0.70390625 0.98203125 0.0203125 0.0328125
6 0.77890625 0.9640625 0.0171875 0.03125
6 0.42578125 0.93203125 0.0203125 0.0359375
6 0.79296875 0.9703125 0.0171875 0.028125
6 0.80625 0.97109375 0.01875 0.0328125
6 0.82265625 0.97421875 0.0171875 0.0359375
6 0.8359375 0.97890625 0.01875 0.0328125
6 0.85078125 0.98203125 0.0171875 0.0328125
6 0.36953125 0.91875 0.0203125 0.034375
6 0.384375 0.92421875 0.01875 0.0359375
6 0.41015625 0.928125 0.0203125 0.03125
6 0.44140625 0.9328125 0.0171875 0.034375
6 0.6890625 0.98046875 0.021875 0.0265625
6 0.496875 0.94609375 0.0125 0.0265625
6 0.5109375 0.946875 0.01875 0.028125
6 0.525 0.9515625 0.021875 0.034375
6 0.53828125 0.953125 0.0234375 0.034375
6 0.56796875 0.9578125 0.0203125 0.03125
6 0.584375 0.96171875 0.01875 0.0296875
6 0.59765625 0.96640625 0.0234375 0.0328125
6 0.61640625 0.96953125 0.0234375 0.0328125
6 0.6296875 0.96875 0.01875 0.028125
6 0.64296875 0.9703125 0.0234375 0.028125
6 0.65703125 0.97421875 0.0234375 0.0296875
6 0.67265625 0.97734375 0.0234375 0.0328125
6 0.94296875 0.90859375 0.0203125 0.0359375
6 0.928125 0.90390625 0.01875 0.0296875
6 0.915625 0.9 0.01875 0.03125
6 0.70390625 0.76015625 0.0171875 0.0265625
6 0.47734375 0.75 0.0234375 0.0375
6 0.54921875 0.76328125 0.0265625 0.0359375
6 0.590625 0.77265625 0.021875 0.0296875
6 0.6203125 0.778125 0.01875 0.03125
6 0.61640625 0.746875 0.0171875 0.03125
6 0.628125 0.74921875 0.01875 0.0328125
6 0.6578125 0.75390625 0.01875 0.0296875
6 0.6875 0.75859375 0.01875 0.0328125
6 0.63515625 0.78125 0.0203125 0.040625
6 0.65234375 0.7859375 0.0203125 0.0375
6 0.68125 0.78984375 0.01875 0.0296875
6 0.69609375 0.79140625 0.0203125 0.0328125
6 0.71875 0.76328125 0.021875 0.0296875
6 0.98125 0.75078125 0.015625 0.0296875
6 0.734375 0.76484375 0.021875 0.0265625
6 0.746875 0.76875 0.01875 0.025
6 0.76328125 0.77109375 0.0203125 0.0265625
6 0.79140625 0.778125 0.0203125 0.034375
6 0.8046875 0.78203125 0.01875 0.0359375
6 0.81953125 0.78359375 0.0234375 0.0296875
6 0.83203125 0.78828125 0.0203125 0.0328125
6 0.84765625 0.78984375 0.0203125 0.0359375
6 0.86328125 0.79296875 0.0234375 0.0296875
6 0.89296875 0.8 0.0171875 0.03125
6 0.90625 0.80234375 0.025 0.0359375
6 0.92265625 0.8046875 0.0234375 0.03125
6 0.96328125 0.746875 0.0171875 0.028125
6 0.89921875 0.89765625 0.0234375 0.0296875
6 0.353125 0.6953125 0.015625 0.03125
6 0.97109375 0.7203125 0.0171875 0.028125
6 0.36171875 0.72265625 0.0203125 0.0265625
6 0.9484375 0.74453125 0.015625 0.0328125
6 0.4046875 0.7359375 0.01875 0.028125
6 0.81796875 0.71953125 0.0203125 0.0296875
6 0.8328125 0.7234375 0.01875 0.028125
6 0.84921875 0.7265625 0.0234375 0.03125
6 0.87421875 0.73125 0.0203125 0.034375
6 0.890625 0.73671875 0.021875 0.0296875
6 0.90546875 0.7390625 0.0171875 0.034375
6 0.925 0.74296875 0.015625 0.0265625
6 0.93671875 0.809375 0.0234375 0.03125
6 0.9625 0.81171875 0.01875 0.0328125
6 0.978125 0.815625 0.01875 0.0375
6 0.7015625 0.85546875 0.01875 0.0296875
6 0.50546875 0.82265625 0.0203125 0.0296875
6 0.5359375 0.828125 0.01875 0.028125
6 0.515625 0.85390625 0.01875 0.0296875
6 0.53125 0.86171875 0.01875 0.0328125
6 0.54296875 0.8640625 0.0203125 0.03125
6 0.55 0.8328125 0.01875 0.028125
6 0.56328125 0.8328125 0.0171875 0.03125
6 0.5953125 0.83515625 0.01875 0.0359375
6 0.61171875 0.840625 0.0171875 0.03125
6 0.65546875 0.84921875 0.0203125 0.0328125
6 0.6734375 0.84609375 0.01875 0.0328125
6 0.6859375 0.85390625 0.015625 0.0296875
6 0.71484375 0.85703125 0.0171875 0.0296875
6 0.73046875 0.8609375 0.0171875 0.034375
6 0.7453125 0.8640625 0.0125 0.03125
6 0.759375 0.8671875 0.01875 0.03125
6 0.77421875 0.8703125 0.0203125 0.03125
6 0.7875 0.87109375 0.015625 0.0296875
6 0.79921875 0.87578125 0.0203125 0.0328125
6 0.81484375 0.87734375 0.0203125 0.0296875
6 0.83125 0.8828125 0.021875 0.0375
6 0.84453125 0.88671875 0.0140625 0.0296875
6 0.85625 0.88671875 0.015625 0.0296875
6 0.871875 0.88828125 0.015625 0.0328125
6 0.8859375 0.8921875 0.021875 0.034375
6 0.50078125 0.85234375 0.0171875 0.0265625
6 0.48515625 0.84921875 0.0203125 0.0328125
6 0.46171875 0.81484375 0.0171875 0.0296875
6 0.3 0.80703125 0.01875 0.0328125
6 0.31796875 0.81171875 0.0171875 0.0328125
6 0.33203125 0.815625 0.0171875 0.03125
6 0.3578125 0.81953125 0.021875 0.0296875
6 0.3875 0.82890625 0.015625 0.0328125
6 0.40234375 0.83203125 0.0203125 0.0359375
6 0.425 0.83984375 0.015625 0.0296875
6 0.44140625 0.840625 0.0171875 0.028125
6 0.45625 0.8453125 0.01875 0.03125
6 0.7109375 0.79453125 0.01875 0.0359375
6 0.72734375 0.796875 0.0234375 0.03125
6 0.74296875 0.7984375 0.0171875 0.034375
6 0.7703125 0.80703125 0.021875 0.0359375
6 0.7984375 0.8140625 0.01875 0.03125
6 0.81328125 0.8171875 0.0171875 0.034375
6 0.82734375 0.81953125 0.0171875 0.0328125
6 0.8421875 0.821875 0.021875 0.034375
6 0.85625 0.82265625 0.021875 0.0328125
6 0.8734375 0.825 0.01875 0.034375
6 0.8859375 0.82890625 0.01875 0.0328125
6 0.9 0.83203125 0.025 0.0328125
6 0.91484375 0.834375 0.0203125 0.028125
6 0.93046875 0.8390625 0.0234375 0.028125
6 0.97109375 0.85234375 0.0203125 0.0328125
