6 0.15234375 0.0640625 0.0265625 0.025
6 0.01328125 0.17421875 0.0265625 0.0265625
6 0.0296875 0.14921875 0.025 0.0234375
6 0.05078125 0.1234375 0.0328125 0.028125
6 0.0625 0.1125 0.028125 0.01875
6 0.071875 0.0984375 0.03125 0.028125
6 0.0828125 0.0859375 0.03125 0.03125
6 0.09453125 0.07734375 0.0234375 0.0265625
6 0.1109375 0.0625 0.028125 0.025
5 0.21640625 0.6109375 0.0203125 0.028125
6 0.22109375 0.09296875 0.0234375 0.0296875
6 0.20625 0.11875 0.03125 0.028125
6 0.21484375 0.14609375 0.0296875 0.0296875
6 0.16484375 0.1578125 0.0296875 0.028125
6 0.13359375 0.19140625 0.0328125 0.0328125
6 0.09765625 0.22734375 0.0296875 0.0265625
6 0.146875 0.22578125 0.021875 0.0265625
6 0.15625 0.2125 0.021875 0.01875
5 0.090625 0.36328125 0.034375 0.0328125
5 0.1359375 0.41953125 0.028125 0.0265625
5 0.1609375 0.5015625 0.025 0.028125
6 0.61484375 0.71796875 0.0171875 0.0296875
6 0.62734375 0.71953125 0.0171875 0.0296875
6 0.64140625 0.72421875 0.0203125 0.0296875
6 0.65390625 0.728125 0.0171875 0.028125
6 0.66953125 0.73046875 0.0203125 0.0296875
6 0.403125 0.7171875 0.015625 0.03125
6 0.41875 0.71640625 0.015625 0.0296875
6 0.43515625 0.71875 0.0203125 0.03125
6 0.4484375 0.72265625 0.01875 0.0359375
6 0.4609375 0.7234375 0.021875 0.034375
6 0.47578125 0.72578125 0.0203125 0.0328125
6 0.4890625 0.728125 0.01875 0.034375
6 0.57109375 0.70859375 0.0203125 0.0328125
6 0.6 0.715625 0.01875 0.025
6 0.55703125 0.7046875 0.0171875 0.028125
6 0.67421875 0.5453125 0.0234375 0.034375
6 0.9453125 0.93125 0.03125 0.015625
6 0.8296875 0.603125 0.01875 0.03125
6 0.8421875 0.60703125 0.01875 0.0328125
6 0.85703125 0.60703125 0.0171875 0.0296875
6 0.871875 0.61328125 0.01875 0.0328125
6 0.90078125 0.62265625 0.0203125 0.0328125
6 0.334375 0.603125 0.021875 0.03125
6 0.36171875 0.61015625 0.0203125 0.0328125
6 0.3765625 0.61171875 0.025 0.0359375
6 0.265625 0.73359375 0.0375 0.0328125
6 0.93359375 0.9453125 0.0296875 0.01875
6 0.79921875 0.88671875 0.0296875 0.0234375
6 0.8 0.59453125 0.021875 0.0296875
6 0.821875 0.84921875 0.028125 0.0203125
6 0.659375 0.91640625 0.028125 0.0234375
6 0.4421875 0.9109375 0.03125 0.015625
6 0.25234375 0.9171875 0.0328125 0.025
6 0.39375 0.7640625 0.03125 0.03125
6 0.4046875 0.775 0.025 0.03125
6 0.41875 0.7796875 0.025 0.0375
6 0.4296875 0.79140625 0.028125 0.0328125
6 0.45390625 0.81171875 0.0296875 0.0171875
6 0.51171875 0.78984375 0.0203125 0.0359375
6 0.5375 0.79140625 0.01875 0.0328125
6 0.55390625 0.79453125 0.0171875 0.0328125
6 0.81640625 0.59765625 0.0171875 0.0328125
6 0.78671875 0.59375 0.0203125 0.03125
6 0.5828125 0.80078125 0.01875 0.0359375
6 0.87890625 0.57734375 0.0203125 0.0328125
6 0.703125 0.5484375 0.015625 0.034375
6 0.71796875 0.5484375 0.0203125 0.03125
6 0.7328125 0.55078125 0.01875 0.0265625
6 0.7453125 0.55390625 0.015625 0.0296875
6 0.7625 0.55546875 0.01875 0.0296875
6 0.77578125 0.559375 0.0203125 0.03125
6 0.7921875 0.5609375 0.021875 0.03125
6 0.80546875 0.565625 0.0171875 0.034375
6 0.82265625 0.56640625 0.0234375 0.0328125
6 0.834375 0.57421875 0.01875 0.0328125
6 0.85078125 0.5765625 0.0203125 0.034375
6 0.8640625 0.5765625 0.015625 0.03125
6 0.89375 0.58046875 0.01875 0.0328125
6 0.771875 0.58828125 0.021875 0.0296875
6 0.653125 0.571875 0.01875 0.03125
6 0.66953125 0.57421875 0.0171875 0.0265625
6 0.92265625 0.5859375 0.0140625 0.03125
6 0.68359375 0.5734375 0.0203125 0.034375
6 0.6984375 0.5796875 0.01875 0.028125
6 0.715625 0.5796875 0.021875 0.03125
6 0.72578125 0.5828125 0.0203125 0.03125
6 0.7421875 0.584375 0.021875 0.034375
6 0.75703125 0.5875 0.0203125 0.03125
6 0.5671875 0.8 0.015625 0.03125
6 0.6125 0.80546875 0.025 0.0359375
6 0.5421875 0.703125 0.025 0.03125
6 0.5640625 0.73984375 0.025 0.0328125
6 0.565625 0.64921875 0.01875 0.0328125
6 0.52578125 0.64140625 0.0203125 0.0328125
6 0.5109375 0.63828125 0.01875 0.0328125
6 0.49140625 0.63359375 0.0203125 0.0359375
6 0.47734375 0.63046875 0.0171875 0.0359375
6 0.46328125 0.62734375 0.0203125 0.0296875
6 0.44921875 0.6265625 0.0171875 0.03125
6 0.634375 0.75390625 0.021875 0.0296875
6 0.62265625 0.7515625 0.0171875 0.028125
6 0.60703125 0.746875 0.0171875 0.028125
6 0.59296875 0.7453125 0.0171875 0.03125
6 0.57890625 0.74453125 0.0203125 0.0328125
6 0.54921875 0.7375 0.0203125 0.034375
6 0.65703125 0.6296875 0.0234375 0.034375
6 0.53515625 0.7359375 0.0203125 0.034375
6 0.51875 0.73203125 0.01875 0.0328125
6 0.5046875 0.7296875 0.015625 0.03125
6 0.36875 0.675 0.0125 0.028125
6 0.38125 0.675 0.015625 0.028125
6 0.39609375 0.6734375 0.0171875 0.028125
6 0.42265625 0.6828125 0.0140625 0.028125
6 0.4671875 0.690625 0.025 0.034375
6 0.4828125 0.69375 0.021875 0.03125
6 0.49765625 0.69609375 0.0171875 0.0296875
6 0.51171875 0.69765625 0.0203125 0.0328125
6 0.52578125 0.70078125 0.0203125 0.0328125
6 0.54921875 0.646875 0.0203125 0.03125
6 0.65390625 0.66328125 0.0203125 0.0328125
6 0.63359375 0.8046875 0.0234375 0.034375
6 0.803125 0.6625 0.021875 0.034375
6 0.64921875 0.8015625 0.0203125 0.03125
6 0.66953125 0.80234375 0.0140625 0.0296875
6 0.67265625 0.7765625 0.0296875 0.01875
6 0.75546875 0.73984375 0.0203125 0.0359375
6 0.77109375 0.74609375 0.0203125 0.0359375
6 0.8390625 0.70703125 0.021875 0.0359375
6 0.81015625 0.7 0.0234375 0.0375
6 0.76875 0.68984375 0.015625 0.0265625
6 0.8921875 0.67890625 0.0125 0.0296875
6 0.878125 0.6765625 0.01875 0.03125
6 0.84609375 0.66640625 0.0171875 0.0359375
6 0.81953125 0.6640625 0.0171875 0.03125
6 0.7875 0.66015625 0.021875 0.0296875
6 0.66796875 0.66640625 0.0203125 0.0328125
6 0.7734375 0.65859375 0.01875 0.0296875
6 0.759375 0.65625 0.01875 0.03125
6 0.74765625 0.653125 0.0171875 0.03125
6 0.7296875 0.6484375 0.025 0.03125
6 0.71796875 0.646875 0.0203125 0.03125
6 0.703125 0.6421875 0.01875 0.03125
6 0.68671875 0.63515625 0.0203125 0.0328125
6 0.6734375 0.6328125 0.021875 0.034375
6 0.40625 0.6171875 0.015625 0.028125
6 0.4203125 0.6203125 0.01875 0.034375
6 0.43515625 0.62421875 0.0203125 0.0296875
6 0.69453125 0.6734375 0.0171875 0.03125
6 0.96328125 0.67734375 0.0265625 0.0296875
6 0.68984375 0.54453125 0.0171875 0.0296875
6 0.65859375 0.54140625 0.0203125 0.0359375
6 0.18359375 0.175 0.0265625 0.028125
6 0.3640625 0.13515625 0.021875 0.0328125
6 0.70703125 0.103125 0.0171875 0.034375
6 0.7078125 0.071875 0.015625 0.028125
6 0.75703125 0.08125 0.0203125 0.028125
6 0.73515625 0.1078125 0.0203125 0.028125
6 0.8125 0.09375 0.01875 0.03125
6 0.83671875 0.12734375 0.0203125 0.0296875
6 0.85078125 0.1296875 0.0171875 0.03125
6 0.86640625 0.13515625 0.0203125 0.0328125
6 0.88125 0.13671875 0.025 0.0359375
6 0.9125 0.14296875 0.01875 0.0359375
6 0.4734375 0.05625 0.025 0.034375
6 0.3875 0.103125 0.021875 0.03125
6 0.43828125 0.14765625 0.0234375 0.0328125
6 0.66171875 0.0921875 0.0234375 0.040625
6 0.47890625 0.1546875 0.0171875 0.03125
6 0.540625 0.16484375 0.021875 0.0265625
6 0.64609375 0.15859375 0.0203125 0.0359375
6 0.7171875 0.203125 0.021875 0.034375
6 0.68515625 0.196875 0.0234375 0.03125
6 0.709375 0.16953125 0.01875 0.0359375
6 0.75234375 0.17734375 0.0203125 0.0359375
6 0.7671875 0.18125 0.01875 0.034375
6 0.80859375 0.1875 0.0203125 0.03125
6 0.8234375 0.1890625 0.021875 0.034375
6 0.83828125 0.19453125 0.0234375 0.0359375
6 0.86953125 0.2 0.0203125 0.03125
6 0.68984375 0.09921875 0.0171875 0.0296875
6 0.68359375 0.065625 0.0234375 0.03125
6 0.72265625 0.01640625 0.0234375 0.0296875
6 0.93203125 0.0234375 0.0203125 0.034375
6 0.63828125 0.05703125 0.0234375 0.0296875
6 0.85546875 0.040625 0.0203125 0.028125
6 0.87265625 0.03984375 0.0234375 0.0296875
6 0.88515625 0.04375 0.0171875 0.028125
6 0.7828125 0.02578125 0.021875 0.0296875
6 0.87265625 0.103125 0.0203125 0.03125
6 0.88828125 0.10703125 0.0171875 0.0328125
6 0.90234375 0.109375 0.0203125 0.03125
6 0.97109375 0.15078125 0.0171875 0.0265625
6 0.53828125 0.0375 0.0171875 0.028125
6 0.559375 0.0734375 0.025 0.03125
6 0.57421875 0.07890625 0.0203125 0.0265625
6 0.6328125 0.0875 0.01875 0.03125
6 0.64375 0.540625 0.021875 0.0375
6 0.884375 0.20390625 0.021875 0.0328125
6 0.89765625 0.20546875 0.0171875 0.0234375
6 0.915625 0.20703125 0.01875 0.0328125
6 0.51796875 0.4171875 0.0234375 0.034375
6 0.30234375 0.371875 0.0203125 0.03125
6 0.29921875 0.40703125 0.0203125 0.0359375
6 0.34375 0.38125 0.015625 0.028125
6 0.359375 0.38515625 0.015625 0.0296875
6 0.37421875 0.38828125 0.0171875 0.0296875
6 0.40234375 0.39921875 0.0171875 0.0328125
6 0.41875 0.4 0.01875 0.03125
6 0.44453125 0.40390625 0.0171875 0.0265625
6 0.45859375 0.40703125 0.0171875 0.0265625
6 0.47265625 0.409375 0.0203125 0.028125
6 0.48828125 0.4125 0.0203125 0.03125
6 0.5046875 0.41484375 0.021875 0.0359375
6 0.54609375 0.42578125 0.0234375 0.0328125
6 0.30859375 0.34765625 0.0265625 0.0171875
6 0.56328125 0.42421875 0.0171875 0.0296875
6 0.5703125 0.38984375 0.03125 0.0203125
6 0.58359375 0.40859375 0.0296875 0.0171875
6 0.57578125 0.42890625 0.0203125 0.0328125
6 0.590625 0.4328125 0.021875 0.03125
6 0.60546875 0.434375 0.0203125 0.028125
6 0.621875 0.43984375 0.01875 0.0265625
6 0.6515625 0.4421875 0.01875 0.03125
6 0.6796875 0.44765625 0.01875 0.0296875
6 0.69453125 0.44921875 0.0203125 0.0328125
6 0.71015625 0.45078125 0.0171875 0.0296875
6 0.7234375 0.45625 0.015625 0.028125
6 0.28125 0.40390625 0.021875 0.0359375
6 0.9640625 0.44140625 0.025 0.0296875
6 0.75078125 0.46015625 0.0171875 0.0328125
6 0.7375 0.3953125 0.015625 0.028125
6 0.5609375 0.3625 0.01875 0.034375
6 0.57421875 0.365625 0.0140625 0.03125
6 0.5890625 0.36953125 0.01875 0.0265625
6 0.60234375 0.37109375 0.0234375 0.0296875
6 0.61640625 0.37109375 0.0234375 0.0296875
6 0.63359375 0.37890625 0.0203125 0.0328125
6 0.65 0.37578125 0.021875 0.0265625
6 0.6640625 0.3796875 0.021875 0.028125
6 0.67734375 0.38515625 0.0296875 0.0359375
6 0.69375 0.38828125 0.015625 0.0296875
6 0.7078125 0.3890625 0.01875 0.03125
6 0.7234375 0.39296875 0.01875 0.0296875
6 0.75078125 0.39921875 0.0203125 0.0328125
6 0.93828125 0.43828125 0.0203125 0.0359375
6 0.765625 0.40234375 0.01875 0.0328125
6 0.78125 0.40703125 0.025 0.0359375
6 0.79609375 0.41015625 0.0203125 0.0359375
6 0.80625 0.4125 0.01875 0.028125
6 0.82109375 0.41328125 0.0203125 0.0359375
6 0.83828125 0.41796875 0.0140625 0.0328125
6 0.85078125 0.4203125 0.0171875 0.034375
6 0.865625 0.42109375 0.015625 0.0359375
6 0.88046875 0.42421875 0.0171875 0.0359375
6 0.89375 0.4296875 0.015625 0.034375
6 0.90859375 0.42890625 0.0203125 0.0328125
6 0.92421875 0.43671875 0.0203125 0.0328125
6 0.73828125 0.46015625 0.0140625 0.0296875
6 0.765625 0.46328125 0.01875 0.0328125
6 0.9296875 0.209375 0.01875 0.03125
6 0.384375 0.4875 0.015625 0.034375
6 0.7484375 0.4921875 0.01875 0.03125
6 0.76171875 0.49609375 0.0171875 0.0328125
6 0.77421875 0.4984375 0.0203125 0.03125
6 0.78515625 0.5015625 0.0203125 0.034375
6 0.8046875 0.50625 0.01875 0.034375
6 0.81875 0.5078125 0.01875 0.0375
6 0.83046875 0.50859375 0.0203125 0.0265625
6 0.86015625 0.51328125 0.0171875 0.0328125
6 0.875 0.51640625 0.015625 0.0265625
6 0.890625 0.521875 0.021875 0.0375
6 0.29765625 0.4703125 0.0234375 0.034375
6 0.34140625 0.4796875 0.0171875 0.034375
6 0.4 0.49296875 0.015625 0.0359375
6 0.715625 0.4875 0.021875 0.034375
6 0.4140625 0.4953125 0.01875 0.03125
6 0.440625 0.503125 0.021875 0.034375
6 0.4703125 0.50625 0.01875 0.034375
6 0.48359375 0.509375 0.0171875 0.03125
6 0.4984375 0.5109375 0.01875 0.03125
6 0.5125 0.5140625 0.01875 0.034375
6 0.53046875 0.51875 0.0234375 0.034375
6 0.55625 0.521875 0.021875 0.0375
6 0.571875 0.52578125 0.015625 0.0296875
6 0.58671875 0.5265625 0.0171875 0.03125
6 0.6015625 0.52890625 0.01875 0.0328125
6 0.61796875 0.53515625 0.0203125 0.0296875
6 0.73359375 0.4875 0.0171875 0.03125
6 0.70390625 0.48203125 0.0203125 0.0328125
6 0.77890625 0.4640625 0.0171875 0.03125
6 0.42578125 0.43203125 0.0203125 0.0359375
6 0.79296875 0.4703125 0.0171875 0.028125
6 0.80625 0.47109375 0.01875 0.0328125
6 0.82265625 0.47421875 0.0171875 0.0359375
6 0.8359375 0.47890625 0.01875 0.0328125
6 0.85078125 0.48203125 0.0171875 0.0328125
6 0.8671875 0.484375 0.015625 0.03125
6 0.88359375 0.48671875 0.0171875 0.0296875
6 0.89609375 0.4890625 0.0203125 0.034375
6 0.9109375 0.49296875 0.01875 0.0328125
6 0.36953125 0.41875 0.0203125 0.034375
6 0.384375 0.42421875 0.01875 0.0359375
6 0.41015625 0.428125 0.0203125 0.03125
6 0.44140625 0.4328125 0.0171875 0.034375
6 0.6890625 0.48046875 0.021875 0.0265625
6 0.496875 0.44609375 0.0125 0.0265625
6 0.5109375 0.446875 0.01875 0.028125
6 0.525 0.4515625 0.021875 0.034375
6 0.53828125 0.453125 0.0234375 0.034375
6 0.56796875 0.4578125 0.0203125 0.03125
6 0.584375 0.46171875 0.01875 0.0296875
6 0.59765625 0.46640625 0.0234375 0.0328125
6 0.61640625 0.46953125 0.0234375 0.0328125
6 0.6296875 0.46875 0.01875 0.028125
6 0.64296875 0.4703125 0.0234375 0.028125
6 0.65703125 0.47421875 0.0234375 0.0296875
6 0.67265625 0.47734375 0.0234375 0.0328125
6 0.94296875 0.40859375 0.0203125 0.0359375
6 0.928125 0.40390625 0.01875 0.0296875
6 0.915625 0.4 0.01875 0.03125
6 0.70390625 0.26015625 0.0171875 0.0265625
6 0.47734375 0.25 0.0234375 0.0375
6 0.54921875 0.26328125 0.0265625 0.0359375
6 0.590625 0.27265625 0.021875 0.0296875
6 0.6203125 0.278125 0.01875 0.03125
6 0.61640625 0.246875 0.0171875 0.03125
6 0.628125 0.24921875 0.01875 0.0328125
6 0.6578125 0.25390625 0.01875 0.0296875
6 0.6875 0.25859375 0.01875 0.0328125
6 0.63515625 0.28125 0.0203125 0.040625
6 0.65234375 0.2859375 0.0203125 0.0375
6 0.68125 0.28984375 0.01875 0.0296875
6 0.69609375 0.29140625 0.0203125 0.0328125
6 0.71875 0.26328125 0.021875 0.0296875
6 0.98125 0.25078125 0.015625 0.0296875
6 0.734375 0.26484375 0.021875 0.0265625
6 0.746875 0.26875 0.01875 0.025
6 0.76328125 0.27109375 0.0203125 0.0265625
6 0.79140625 0.278125 0.0203125 0.034375
6 0.8046875 0.28203125 0.01875 0.0359375
6 0.81953125 0.28359375 0.0234375 0.0296875
6 0.83203125 0.28828125 0.0203125 0.0328125
6 0.84765625 0.28984375 0.0203125 0.0359375
6 0.86328125 0.29296875 0.0234375 0.0296875
6 0.89296875 0.3 0.0171875 0.03125
6 0.90625 0.30234375 0.025 0.0359375
6 0.92265625 0.3046875 0.0234375 0.03125
6 0.96328125 0.246875 0.0171875 0.028125
6 0.89921875 0.39765625 0.0234375 0.0296875
6 0.353125 0.1953125 0.015625 0.03125
6 0.97109375 0.2203125 0.0171875 0.028125
6 0.36171875 0.22265625 0.0203125 0.0265625
6 0.9484375 0.24453125 0.015625 0.0328125
6 0.4046875 0.2359375 0.01875 0.028125
6 0.81796875 0.21953125 0.0203125 0.0296875
6 0.8328125 0.2234375 0.01875 0.028125
6 0.84921875 0.2265625 0.0234375 0.03125
6 0.87421875 0.23125 0.0203125 0.034375
6 0.890625 0.23671875 0.021875 0.0296875
6 0.90546875 0.2390625 0.0171875 0.034375
6 0.925 0.24296875 0.015625 0.0265625
6 0.93671875 0.309375 0.0234375 0.03125
6 0.9625 0.31171875 0.01875 0.0328125
6 0.978125 0.315625 0.01875 0.0375
6 0.7015625 0.35546875 0.01875 0.0296875
6 0.50546875 0.32265625 0.0203125 0.0296875
6 0.5359375 0.328125 0.01875 0.028125
6 0.515625 0.35390625 0.01875 0.0296875
6 0.53125 0.36171875 0.01875 0.0328125
6 0.54296875 0.3640625 0.0203125 0.03125
6 0.55 0.3328125 0.01875 0.028125
6 0.56328125 0.3328125 0.0171875 0.03125
6 0.5953125 0.33515625 0.01875 0.0359375
6 0.61171875 0.340625 0.0171875 0.03125
6 0.65546875 0.34921875 0.0203125 0.0328125
6 0.6734375 0.34609375 0.01875 0.0328125
6 0.6859375 0.35390625 0.015625 0.0296875
6 0.71484375 0.35703125 0.0171875 0.0296875
6 0.73046875 0.3609375 0.0171875 0.034375
6 0.7453125 0.3640625 0.0125 0.03125
6 0.759375 0.3671875 0.01875 0.03125
6 0.77421875 0.3703125 0.0203125 0.03125
6 0.7875 0.37109375 0.015625 0.0296875
6 0.79921875 0.37578125 0.0203125 0.0328125
6 0.81484375 0.37734375 0.0203125 0.0296875
6 0.83125 0.3828125 0.021875 0.0375
6 0.84453125 0.38671875 0.0140625 0.0296875
6 0.85625 0.38671875 0.015625 0.0296875
6 0.871875 0.38828125 0.015625 0.0328125
6 0.8859375 0.3921875 0.021875 0.034375
6 0.50078125 0.35234375 0.0171875 0.0265625
6 0.48515625 0.34921875 0.0203125 0.0328125
6 0.46171875 0.31484375 0.0171875 0.0296875
6 0.3 0.30703125 0.01875 0.0328125
6 0.31796875 0.31171875 0.0171875 0.0328125
6 0.33203125 0.315625 0.0171875 0.03125
6 0.3578125 0.31953125 0.021875 0.0296875
6 0.3875 0.32890625 0.015625 0.0328125
6 0.40234375 0.33203125 0.0203125 0.0359375
6 0.425 0.33984375 0.015625 0.0296875
6 0.44140625 0.340625 0.0171875 0.028125
6 0.45625 0.3453125 0.01875 0.03125
6 0.7109375 0.29453125 0.01875 0.0359375
6 0.72734375 0.296875 0.0234375 0.03125
6 0.74296875 0.2984375 0.0171875 0.034375
6 0.7703125 0.30703125 0.021875 0.0359375
6 0.7984375 0.3140625 0.01875 0.03125
6 0.81328125 0.3171875 0.0171875 0.034375
6 0.82734375 0.31953125 0.0171875 0.0328125
6 0.8421875 0.321875 0.021875 0.034375
6 0.85625 0.32265625 0.021875 0.0328125
6 0.8734375 0.325 0.01875 0.034375
6 0.8859375 0.32890625 0.01875 0.0328125
6 0.9 0.33203125 0.025 0.0328125
6 0.91484375 0.334375 0.0203125 0.028125
6 0.93046875 0.3390625 0.0234375 0.028125
6 0.97109375 0.35234375 0.0203125 0.0328125
