6 0.93125 0.5 0.034375 0.0375
6 0.93984375 0.7125 0.0359375 0.034375
6 0.84375 0.7125 0.0375 0.034375
6 0.80234375 0.7078125 0.0296875 0.034375
6 0.9171875 0.4203125 0.046875 0.040625
6 0.9359375 0.41875 0.03125 0.03125
6 0.871875 0.4171875 0.034375 0.034375
6 0.94296875 0.26015625 0.0171875 0.0328125
6 0.975 0.2453125 0.021875 0.040625
6 0.12421875 0.48671875 0.0421875 0.0234375
6 0.21875 0.1625 0.01875 0.034375
6 0.1328125 0.359375 0.0375 0.01875
6 0.13203125 0.3796875 0.0453125 0.021875
6 0.125 0.396875 0.034375 0.021875
6 0.121875 0.415625 0.0375 0.01875
6 0.1234375 0.4328125 0.034375 0.015625
6 0.12890625 0.446875 0.0328125 0.015625
6 0.1265625 0.4671875 0.0375 0.01875
6 0.12265625 0.50546875 0.0359375 0.0203125
6 0.1625 0.16015625 0.021875 0.0421875
6 0.125 0.5265625 0.040625 0.01875
6 0.2078125 0.53125 0.034375 0.015625
6 0.209375 0.50859375 0.040625 0.0140625
6 0.21328125 0.4921875 0.0390625 0.015625
6 0.2140625 0.47421875 0.040625 0.0171875
6 0.21171875 0.453125 0.0390625 0.021875
6 0.21328125 0.4375 0.0390625 0.015625
6 0.2109375 0.42109375 0.0375 0.0203125
6 0.18203125 0.15859375 0.0171875 0.0328125
6 0.1453125 0.1609375 0.01875 0.0375
6 0.12734375 0.15625 0.0203125 0.0375
6 0.21875 0.4 0.034375 0.028125
6 0.21328125 0.38046875 0.0453125 0.0234375
6 0.2140625 0.3625 0.04375 0.034375
6 0.421875 0.5734375 0.040625 0.01875
6 0.4171875 0.64375 0.034375 0.01875
6 0.41640625 0.6640625 0.0296875 0.01875
6 0.440625 0.715625 0.034375 0.021875
6 0.41171875 0.7328125 0.0359375 0.015625
6 0.4046875 0.7515625 0.03125 0.01875
6 0.25078125 0.3875 0.0328125 0.015625
6 0.54453125 0.428125 0.0390625 0.025
6 0.54609375 0.37890625 0.0328125 0.0203125
6 0.32734375 0.53515625 0.0359375 0.0265625
6 0.3296875 0.44296875 0.034375 0.0203125
6 0.246875 0.4046875 0.034375 0.015625
6 0.25078125 0.45703125 0.0296875 0.0171875
6 0.2484375 0.53203125 0.040625 0.0203125
6 0.11171875 0.7671875 0.0421875 0.021875
6 0.16484375 0.2484375 0.0171875 0.0375
6 0.1875 0.2484375 0.01875 0.0375
6 0.2421875 0.25703125 0.015625 0.0359375
6 0.3265625 0.36640625 0.034375 0.0203125
