4 0.34296875 0.2390625 0.0640625 0.09375
4 0.26328125 0.2390625 0.0734375 0.096875
4 0.184375 0.23671875 0.06875 0.1015625
4 0.303125 0.29296875 0.071875 0.0953125
4 0.41875 0.24296875 0.071875 0.0984375
4 0.22109375 0.29296875 0.0703125 0.0921875
4 0.4171875 0.51875 0.06875 0.096875
4 0.09765625 0.5140625 0.0671875 0.09375
4 0.175 0.5125 0.06875 0.09375
4 0.2546875 0.51484375 0.06875 0.0921875
4 0.33671875 0.51640625 0.0703125 0.0921875
4 0.49921875 0.52109375 0.0671875 0.0984375
4 0.1453125 0.29140625 0.06875 0.0953125
4 0.5765625 0.52265625 0.06875 0.0984375
4 0.54453125 0.29921875 0.0671875 0.0953125
4 0.6234375 0.3015625 0.075 0.1
4 0.5859375 0.246875 0.06875 0.09375
4 0.50390625 0.2453125 0.0703125 0.096875
4 0.0640625 0.28984375 0.06875 0.0953125
4 0.05546875 0.56484375 0.0703125 0.0921875
4 0.41015625 0.79453125 0.0671875 0.0953125
4 0.09140625 0.7890625 0.0671875 0.096875
4 0.1703125 0.78984375 0.0625 0.0953125
4 0.24921875 0.790625 0.0734375 0.09375
4 0.32890625 0.79140625 0.0671875 0.0953125
4 0.4890625 0.796875 0.071875 0.096875
4 0.56796875 0.796875 0.0703125 0.09375
4 0.61328125 0.57734375 0.0671875 0.0921875
4 0.53515625 0.5765625 0.0640625 0.090625
4 0.45859375 0.5765625 0.0703125 0.1
4 0.375 0.575 0.06875 0.096875
4 0.29453125 0.571875 0.0671875 0.096875
4 0.21484375 0.5703125 0.0640625 0.096875
4 0.1359375 0.56640625 0.06875 0.0953125
4 0.04921875 0.840625 0.0671875 0.09375
4 0.6078125 0.85390625 0.071875 0.0984375
4 0.52734375 0.85 0.0671875 0.096875
4 0.44765625 0.8484375 0.0671875 0.09375
4 0.28828125 0.84609375 0.0703125 0.0921875
4 0.20625 0.84375 0.065625 0.090625
4 0.1296875 0.8421875 0.06875 0.096875
