5 0.3703125 0.40859375 0.021875 0.0609375
5 0.40546875 0.41015625 0.0203125 0.0671875
4 0.05625 0.596875 0.096875 0.1
4 0.05 0.43125 0.096875 0.0875
4 0.0359375 0.19375 0.05625 0.0875
4 0.11015625 0.1890625 0.0609375 0.0875
4 0.1828125 0.196875 0.065625 0.084375
4 0.2578125 0.203125 0.075 0.08125
4 0.34921875 0.203125 0.0796875 0.090625
4 0.4328125 0.19609375 0.08125 0.1046875
4 0.525 0.203125 0.0875 0.103125
5 0.4453125 0.409375 0.025 0.065625
5 0.46875 0.40859375 0.021875 0.0671875
5 0.49453125 0.40859375 0.0234375 0.0671875
5 0.52109375 0.41015625 0.0234375 0.0671875
5 0.54921875 0.4109375 0.0265625 0.065625
5 0.60390625 0.4171875 0.0234375 0.065625
4 0.05546875 0.8359375 0.0921875 0.1
4 0.2609375 0.840625 0.090625 0.090625
4 0.15859375 0.8375 0.0859375 0.0875
