5 0.8703125 0.40859375 0.021875 0.0609375
5 0.90546875 0.41015625 0.0203125 0.0671875
4 0.4265625 0.1828125 0.1 0.090625
4 0.13828125 0.8140625 0.0890625 0.08125
4 0.55625 0.596875 0.096875 0.1
4 0.44921875 0.596875 0.0921875 0.096875
4 0.278125 0.60234375 0.078125 0.1015625
4 0.178125 0.6 0.090625 0.084375
4 0.0765625 0.603125 0.09375 0.08125
4 0.140625 0.43671875 0.0875 0.0890625
4 0.2453125 0.43203125 0.1 0.0921875
4 0.34609375 0.4296875 0.0953125 0.090625
4 0.4484375 0.42734375 0.09375 0.0921875
4 0.55 0.43125 0.096875 0.0875
4 0.31484375 0.171875 0.1140625 0.1
4 0.5359375 0.19375 0.05625 0.0875
4 0.61015625 0.1890625 0.0609375 0.0875
4 0.6828125 0.196875 0.065625 0.084375
4 0.7578125 0.203125 0.075 0.08125
4 0.84921875 0.203125 0.0796875 0.090625
4 0.9328125 0.19609375 0.08125 0.1046875
4 0.24296875 0.82265625 0.0859375 0.0921875
4 0.3453125 0.82734375 0.090625 0.0953125
4 0.45 0.82890625 0.090625 0.0953125
5 0.9453125 0.409375 0.025 0.065625
5 0.96875 0.40859375 0.021875 0.0671875
4 0.55546875 0.8359375 0.0921875 0.1
4 0.7609375 0.840625 0.090625 0.090625
4 0.65859375 0.8375 0.0859375 0.0875
