6 0.271875 0.55234375 0.015625 0.0390625
6 0.2234375 0.1296875 0.01875 0.04375
6 0.20078125 0.065625 0.0140625 0.0375
6 0.2015625 0.134375 0.015625 0.0375
5 0.1921875 0.2640625 0.028125 0.065625
6 0.246875 0.26640625 0.01875 0.0359375
6 0.21875 0.27265625 0.01875 0.0359375
6 0.221875 0.23046875 0.01875 0.0421875
6 0.2234375 0.171875 0.01875 0.0375
6 0.22265625 0.084375 0.0203125 0.034375
6 0.225 0.02734375 0.01875 0.0359375
6 0.29375 0.53984375 0.01875 0.0390625
6 0.29609375 0.5890625 0.0171875 0.034375
6 0.27109375 0.60859375 0.0171875 0.0390625
