6 0.73359375 0.13046875 0.0234375 0.0484375
6 0.7078125 0.1125 0.021875 0.0375
6 0.73046875 0.20234375 0.0171875 0.0421875
6 0.7234375 0.6296875 0.01875 0.04375
6 0.703125 0.5140625 0.01875 0.040625
6 0.70078125 0.565625 0.0140625 0.0375
6 0.7015625 0.634375 0.015625 0.0375
5 0.6921875 0.7640625 0.028125 0.065625
6 0.746875 0.76640625 0.01875 0.0359375
6 0.71875 0.77265625 0.01875 0.0359375
6 0.721875 0.73046875 0.01875 0.0421875
6 0.7234375 0.671875 0.01875 0.0375
6 0.72265625 0.584375 0.0203125 0.034375
6 0.70625 0.21875 0.025 0.0625
6 0.725 0.52734375 0.01875 0.0359375
6 0.725 0.48203125 0.01875 0.0390625
6 0.74765625 0.46328125 0.0171875 0.0359375
6 0.728125 0.40625 0.015625 0.05
6 0.70390625 0.38984375 0.0171875 0.0390625
6 0.8140625 0.384375 0.025 0.0375
6 0.7984375 0.2515625 0.015625 0.034375
6 0.728125 0.33046875 0.025 0.0421875
6 0.7046875 0.45390625 0.021875 0.0390625
6 0.73515625 0.03515625 0.0203125 0.0453125
