4 0.89453125 0.06328125 0.0671875 0.0921875
4 0.815625 0.0609375 0.065625 0.090625
4 0.77109375 0.28046875 0.0734375 0.0984375
4 0.8515625 0.28515625 0.06875 0.0953125
4 0.92734375 0.28359375 0.0703125 0.0921875
4 0.88828125 0.3390625 0.0640625 0.090625
4 0.809375 0.33671875 0.065625 0.0953125
6 0.4953125 0.253125 0.021875 0.0375
6 0.3296875 0.29140625 0.021875 0.0390625
6 0.29453125 0.2859375 0.0234375 0.040625
6 0.2546875 0.28515625 0.015625 0.0390625
6 0.2203125 0.27734375 0.05 0.0203125
6 0.21640625 0.25859375 0.0421875 0.0234375
6 0.225 0.2390625 0.034375 0.01875
6 0.4109375 0.8859375 0.028125 0.015625
6 0.4484375 0.940625 0.03125 0.01875
6 0.44765625 0.91953125 0.0328125 0.0234375
6 0.32421875 0.9671875 0.0390625 0.01875
6 0.321875 0.95 0.034375 0.01875
6 0.328125 0.928125 0.046875 0.015625
6 0.3234375 0.9140625 0.05 0.01875
6 0.32421875 0.89375 0.0390625 0.01875
6 0.45078125 0.88515625 0.0390625 0.0234375
6 0.44453125 0.97421875 0.0296875 0.0171875
6 0.4140625 0.89921875 0.03125 0.0171875
6 0.41328125 0.921875 0.0359375 0.021875
6 0.4125 0.93671875 0.034375 0.0171875
6 0.41015625 0.95703125 0.0390625 0.0140625
6 0.40703125 0.971875 0.0359375 0.015625
6 0.40703125 0.9890625 0.0359375 0.01875
6 0.44921875 0.9578125 0.0296875 0.01875
6 0.328125 0.9875 0.040625 0.021875
6 0.62421875 0.98671875 0.0421875 0.0234375
6 0.71875 0.6625 0.01875 0.034375
6 0.6328125 0.859375 0.0375 0.01875
6 0.63203125 0.8796875 0.0453125 0.021875
6 0.625 0.896875 0.034375 0.021875
6 0.621875 0.915625 0.0375 0.01875
6 0.6234375 0.9328125 0.034375 0.015625
6 0.62890625 0.946875 0.0328125 0.015625
6 0.6265625 0.9671875 0.0375 0.01875
6 0.6625 0.66015625 0.021875 0.0421875
6 0.7140625 0.97421875 0.040625 0.0171875
6 0.71171875 0.953125 0.0390625 0.021875
6 0.71328125 0.9375 0.0390625 0.015625
6 0.7109375 0.92109375 0.0375 0.0203125
6 0.68203125 0.65859375 0.0171875 0.0328125
6 0.6453125 0.6609375 0.01875 0.0375
6 0.32578125 0.8765625 0.0359375 0.01875
6 0.3265625 0.85546875 0.034375 0.0234375
6 0.62734375 0.65625 0.0203125 0.0375
6 0.35625 0.775 0.01875 0.028125
6 0.3953125 0.7734375 0.021875 0.034375
6 0.4125 0.77578125 0.01875 0.0296875
6 0.4328125 0.77421875 0.01875 0.0296875
6 0.44921875 0.7734375 0.0203125 0.03125
6 0.4703125 0.775 0.01875 0.034375
6 0.48828125 0.77578125 0.0171875 0.0359375
6 0.50859375 0.7796875 0.0203125 0.040625
6 0.71875 0.9 0.034375 0.028125
6 0.71328125 0.88046875 0.0453125 0.0234375
6 0.7140625 0.8625 0.04375 0.034375
6 0.75078125 0.8875 0.0328125 0.015625
6 0.8296875 0.94296875 0.034375 0.0203125
6 0.746875 0.9046875 0.034375 0.015625
6 0.75078125 0.95703125 0.0296875 0.0171875
6 0.66484375 0.7484375 0.0171875 0.0375
6 0.6875 0.7484375 0.01875 0.0375
6 0.7421875 0.75703125 0.015625 0.0359375
6 0.8265625 0.86640625 0.034375 0.0203125
