5 0.01484375 0.2984375 0.0234375 0.096875
6 0.06796875 0.35625 0.0484375 0.01875
6 0.06328125 0.546875 0.0140625 0.028125
6 0.08515625 0.54609375 0.0140625 0.0296875
6 0.1265625 0.5546875 0.01875 0.03125
6 0.14140625 0.55703125 0.0171875 0.0359375
6 0.19140625 0.559375 0.0171875 0.0375
6 0.2328125 0.5578125 0.021875 0.040625
6 0.57734375 0.39296875 0.0328125 0.0203125
6 0.53515625 0.328125 0.0234375 0.0375
6 0.128125 0.47578125 0.046875 0.0453125
6 0.165625 0.471875 0.04375 0.01875
6 0.16875 0.45 0.034375 0.025
6 0.16953125 0.43203125 0.0390625 0.0171875
6 0.17265625 0.4 0.0296875 0.01875
6 0.171875 0.365625 0.0375 0.015625
