6 0.2421875 0.88828125 0.04375 0.0296875
6 0.1703125 0.94921875 0.01875 0.0359375
6 0.1453125 0.94765625 0.01875 0.0390625
6 0.128125 0.94765625 0.021875 0.0359375
6 0.2421875 0.90703125 0.034375 0.0328125
6 0.01796875 0.73671875 0.0328125 0.0328125
6 0.0359375 0.7453125 0.0375 0.034375
6 0.07890625 0.74453125 0.0296875 0.0359375
6 0.05859375 0.74609375 0.0296875 0.0328125
6 0.10078125 0.7484375 0.0328125 0.034375
6 0.10859375 0.94921875 0.0171875 0.0359375
6 0.06953125 0.94609375 0.0203125 0.0390625
6 0.05234375 0.95625 0.0171875 0.040625
6 0.0296875 0.95078125 0.021875 0.0359375
6 0.32109375 0.878125 0.0328125 0.03125
6 0.32421875 0.9015625 0.0359375 0.03125
6 0.3546875 0.8953125 0.040625 0.040625
6 0.35390625 0.91796875 0.0359375 0.0390625
6 0.32109375 0.94140625 0.0328125 0.0328125
6 0.34921875 0.95859375 0.0328125 0.0296875
6 0.86953125 0.82890625 0.0421875 0.0328125
6 0.98984375 0.8734375 0.0171875 0.034375
6 0.35625 0.85390625 0.03125 0.0328125
6 0.8734375 0.86796875 0.021875 0.0421875
6 0.871875 0.9578125 0.021875 0.04375
6 0.90390625 0.96171875 0.0171875 0.0359375
6 0.9296875 0.96484375 0.021875 0.0328125
6 0.95078125 0.96328125 0.0234375 0.0421875
6 0.9859375 0.96015625 0.01875 0.0359375
6 0.321875 0.85390625 0.034375 0.0328125
6 0.24609375 0.8640625 0.0328125 0.03125
6 0.2734375 0.67109375 0.0375 0.0390625
6 0.4 0.671875 0.03125 0.040625
6 0.378125 0.67109375 0.034375 0.0390625
6 0.353125 0.66875 0.034375 0.0375
6 0.31015625 0.66640625 0.0328125 0.0421875
6 0.29765625 0.67109375 0.0328125 0.0359375
6 0.22578125 0.66875 0.0421875 0.04375
6 0.24609375 0.8234375 0.0359375 0.03125
6 0.23359375 0.6875 0.0359375 0.028125
6 0.2421875 0.7046875 0.034375 0.03125
6 0.4375 0.775 0.04375 0.03125
6 0.3625 0.74921875 0.04375 0.0390625
6 0.33046875 0.7515625 0.0421875 0.034375
6 0.32890625 0.77109375 0.0453125 0.0359375
6 0.3234375 0.7890625 0.0375 0.040625
6 0.32421875 0.81171875 0.0421875 0.0390625
