4 0.13828125 0.3140625 0.0890625 0.08125
4 0.55625 0.096875 0.096875 0.1
4 0.44921875 0.096875 0.0921875 0.096875
4 0.278125 0.10234375 0.078125 0.1015625
4 0.178125 0.1 0.090625 0.084375
4 0.0765625 0.103125 0.09375 0.08125
4 0.24296875 0.32265625 0.0859375 0.0921875
4 0.3453125 0.32734375 0.090625 0.0953125
4 0.45 0.32890625 0.090625 0.0953125
4 0.55546875 0.3359375 0.0921875 0.1
4 0.45078125 0.5203125 0.0515625 0.1
4 0.31640625 0.509375 0.0578125 0.090625
4 0.2484375 0.50390625 0.0625 0.0890625
4 0.7609375 0.340625 0.090625 0.090625
4 0.65859375 0.3375 0.0859375 0.0875
