4 0.43046875 0.41953125 0.0703125 0.0640625
4 0.30390625 0.753125 0.0953125 0.090625
4 0.40390625 0.746875 0.0984375 0.103125
4 0.50703125 0.75078125 0.0921875 0.0921875
4 0.60390625 0.7484375 0.0921875 0.09375
4 0.55859375 0.675 0.0890625 0.09375
4 0.45546875 0.671875 0.0921875 0.096875
4 0.3515625 0.67265625 0.090625 0.0984375
4 0.2515625 0.67578125 0.090625 0.0953125
4 0.15078125 0.6734375 0.0921875 0.096875
4 0.04765625 0.67421875 0.0953125 0.0921875
4 0.56953125 0.465625 0.0703125 0.065625
4 0.475 0.46640625 0.071875 0.0671875
4 0.3796875 0.465625 0.075 0.0625
4 0.0984375 0.75390625 0.096875 0.0953125
4 0.33125 0.41796875 0.071875 0.0609375
4 0.2859375 0.46796875 0.06875 0.0640625
4 0.23984375 0.4203125 0.0703125 0.0625
4 0.190625 0.46328125 0.075 0.0734375
4 0.1453125 0.42109375 0.071875 0.0640625
4 0.09609375 0.46796875 0.0734375 0.0640625
4 0.05078125 0.41875 0.0703125 0.065625
4 0.61875 0.2171875 0.090625 0.090625
4 0.51875 0.21796875 0.090625 0.0859375
4 0.4203125 0.215625 0.09375 0.0875
4 0.32109375 0.215625 0.0984375 0.09375
4 0.2 0.75078125 0.096875 0.0921875
4 0.60078125 0.9484375 0.1015625 0.090625
4 0.44375 0.93671875 0.059375 0.0890625
4 0.3671875 0.9375 0.059375 0.084375
4 0.275 0.94765625 0.103125 0.0921875
4 0.22109375 0.21171875 0.0921875 0.0890625
4 0.12109375 0.20625 0.0890625 0.090625
4 0.82109375 0.2046875 0.0796875 0.10625
