4 0.22265625 0.365625 0.0765625 0.1125
4 0.1515625 0.36640625 0.078125 0.1109375
4 0.3296875 0.35 0.078125 0.1125
6 0.0359375 0.92734375 0.021875 0.0265625
6 0.07265625 0.9296875 0.0234375 0.034375
6 0.11171875 0.92734375 0.0171875 0.0390625
6 0.1625 0.93515625 0.021875 0.0359375
6 0.56796875 0.9421875 0.0265625 0.028125
5 0.0890625 0.72421875 0.034375 0.0203125
6 0.08828125 0.68203125 0.0359375 0.0203125
6 0.425 0.796875 0.059375 0.025
6 0.2765625 0.75859375 0.05 0.0171875
6 0.3015625 0.93125 0.01875 0.03125
