4 0.37734375 0.48203125 0.1609375 0.1703125
4 0.21484375 0.47578125 0.1515625 0.1703125
4 0.540625 0.48359375 0.153125 0.1640625
4 0.70078125 0.48203125 0.1453125 0.1609375
4 0.86015625 0.4875 0.1484375 0.1625
4 0.7609375 0.8859375 0.08125 0.1
4 0.85859375 0.88359375 0.0765625 0.1015625
4 0.93515625 0.25859375 0.0796875 0.1015625
4 0.88671875 0.20078125 0.0828125 0.1015625
4 0.83671875 0.259375 0.0796875 0.10625
4 0.7875 0.203125 0.078125 0.1
4 0.734375 0.2546875 0.078125 0.103125
4 0.68671875 0.20078125 0.0828125 0.1015625
4 0.63515625 0.253125 0.0796875 0.1
4 0.5859375 0.19765625 0.08125 0.0984375
4 0.5375 0.253125 0.078125 0.1
4 0.4890625 0.20078125 0.08125 0.1015625
4 0.43671875 0.253125 0.0765625 0.09375
4 0.38828125 0.19765625 0.0828125 0.1015625
4 0.3375 0.25390625 0.084375 0.0984375
4 0.2875 0.1953125 0.08125 0.1
4 0.2375 0.2515625 0.08125 0.1
4 0.1890625 0.1953125 0.078125 0.103125
4 0.13671875 0.2484375 0.0796875 0.103125
