4 0.93046875 0.91953125 0.0703125 0.0640625
4 0.8796875 0.965625 0.075 0.0625
4 0.83125 0.91796875 0.071875 0.0609375
4 0.73984375 0.9203125 0.0703125 0.0625
4 0.6453125 0.92109375 0.071875 0.0640625
4 0.55078125 0.91875 0.0703125 0.065625
4 0.9203125 0.715625 0.09375 0.0875
4 0.82109375 0.715625 0.0984375 0.09375
4 0.72109375 0.71171875 0.0921875 0.0890625
4 0.62109375 0.70625 0.0890625 0.090625
4 0.2578125 0.26328125 0.175 0.1859375
4 0.44296875 0.265625 0.1734375 0.1875
4 0.640625 0.2703125 0.1875 0.19375
