6 0.52109375 0.04296875 0.0515625 0.0203125
6 0.8296875 0.29140625 0.021875 0.0390625
6 0.79453125 0.2859375 0.0234375 0.040625
6 0.7546875 0.28515625 0.015625 0.0390625
6 0.7203125 0.27734375 0.05 0.0203125
6 0.71640625 0.25859375 0.0421875 0.0234375
6 0.725 0.2390625 0.034375 0.01875
6 0.51328125 0.02578125 0.0515625 0.0203125
6 0.9109375 0.8859375 0.028125 0.015625
6 0.9484375 0.940625 0.03125 0.01875
6 0.94765625 0.91953125 0.0328125 0.0234375
6 0.82421875 0.9671875 0.0390625 0.01875
6 0.821875 0.95 0.034375 0.01875
6 0.828125 0.928125 0.046875 0.015625
6 0.8234375 0.9140625 0.05 0.01875
6 0.82421875 0.89375 0.0390625 0.01875
6 0.95078125 0.88515625 0.0390625 0.0234375
6 0.94453125 0.97421875 0.0296875 0.0171875
6 0.9140625 0.89921875 0.03125 0.0171875
6 0.91328125 0.921875 0.0359375 0.021875
6 0.9125 0.93671875 0.034375 0.0171875
6 0.91015625 0.95703125 0.0390625 0.0140625
6 0.90703125 0.971875 0.0359375 0.015625
6 0.90703125 0.9890625 0.0359375 0.01875
6 0.94921875 0.9578125 0.0296875 0.01875
6 0.828125 0.9875 0.040625 0.021875
6 0.01875 0.06796875 0.015625 0.0390625
6 0.265625 0.57578125 0.015625 0.0453125
6 0.2171875 0.56953125 0.015625 0.0390625
6 0.3203125 0.45625 0.01875 0.04375
6 0.0234375 0.3703125 0.01875 0.0375
6 0.12421875 0.36875 0.0203125 0.04375
6 0.1546875 0.3703125 0.015625 0.0375
6 0.23984375 0.37578125 0.0203125 0.0359375
6 0.25546875 0.3703125 0.0140625 0.034375
6 0.29140625 0.3765625 0.0203125 0.04375
6 0.23515625 0.4890625 0.0171875 0.034375
6 0.1890625 0.5734375 0.01875 0.0375
6 0.21875 0.4875 0.015625 0.03125
6 0.20078125 0.4859375 0.0171875 0.040625
6 0.1796875 0.48671875 0.015625 0.0359375
6 0.1390625 0.48203125 0.01875 0.0328125
6 0.0546875 0.575 0.01875 0.05
6 0.0828125 0.57109375 0.015625 0.0453125
6 0.11796875 0.57734375 0.0171875 0.0484375
6 0.15234375 0.571875 0.0171875 0.0375
6 0.82578125 0.8765625 0.0359375 0.01875
6 0.8265625 0.85546875 0.034375 0.0234375
6 0.85625 0.775 0.01875 0.028125
6 0.8953125 0.7734375 0.021875 0.034375
6 0.9125 0.77578125 0.01875 0.0296875
6 0.9328125 0.77421875 0.01875 0.0296875
6 0.94921875 0.7734375 0.0203125 0.03125
6 0.9703125 0.775 0.01875 0.034375
6 0.98828125 0.77578125 0.0171875 0.0359375
