6 0.771875 0.55234375 0.015625 0.0390625
6 0.7234375 0.1296875 0.01875 0.04375
6 0.70078125 0.065625 0.0140625 0.0375
6 0.7015625 0.134375 0.015625 0.0375
5 0.6921875 0.2640625 0.028125 0.065625
6 0.746875 0.26640625 0.01875 0.0359375
6 0.71875 0.27265625 0.01875 0.0359375
6 0.721875 0.23046875 0.01875 0.0421875
6 0.7234375 0.171875 0.01875 0.0375
6 0.72265625 0.084375 0.0203125 0.034375
6 0.725 0.02734375 0.01875 0.0359375
6 0.79375 0.53984375 0.01875 0.0390625
6 0.79609375 0.5890625 0.0171875 0.034375
6 0.77109375 0.60859375 0.0171875 0.0390625
