6 0.41171875 0.5015625 0.0328125 0.034375
6 0.5578125 0.215625 0.028125 0.0375
6 0.43984375 0.2125 0.0359375 0.034375
6 0.34375 0.2125 0.0375 0.034375
6 0.30234375 0.2078125 0.0296875 0.034375
5 0.37578125 0.50546875 0.0296875 0.0359375
6 0.35625 0.50234375 0.034375 0.0390625
6 0.3328125 0.4984375 0.025 0.025
6 0.88671875 0.071875 0.0453125 0.01875
6 0.8875 0.08984375 0.040625 0.0109375
6 0.9328125 0.6546875 0.021875 0.034375
6 0.97578125 0.65703125 0.0203125 0.0421875
6 0.984375 0.571875 0.01875 0.040625
6 0.875 0.57265625 0.03125 0.0203125
6 0.89375 0.109375 0.025 0.01875
6 0.884375 0.12734375 0.0375 0.0171875
6 0.8828125 0.165625 0.04375 0.015625
6 0.8828125 0.19609375 0.04375 0.0234375
6 0.87578125 0.553125 0.0390625 0.021875
6 0.96484375 0.4515625 0.0453125 0.021875
6 0.9671875 0.49609375 0.03125 0.0234375
6 0.96484375 0.53046875 0.0359375 0.0140625
6 0.96328125 0.54765625 0.0359375 0.0140625
