6 0.98046875 0.365625 0.0359375 0.01875
6 0.9765625 0.384375 0.034375 0.015625
6 0.97734375 0.40234375 0.0328125 0.0140625
6 0.975 0.421875 0.03125 0.01875
6 0.97109375 0.3453125 0.0453125 0.01875
6 0.69296875 0.03828125 0.0390625 0.0234375
6 0.8515625 0.40390625 0.034375 0.0203125
6 0.76015625 0.41640625 0.0328125 0.0171875
6 0.80703125 0.3140625 0.0234375 0.040625
6 0.82734375 0.31484375 0.0203125 0.0390625
6 0.8640625 0.3140625 0.025 0.034375
6 0.8828125 0.31640625 0.015625 0.0359375
6 0.9 0.31640625 0.01875 0.0359375
6 0.91953125 0.31953125 0.0203125 0.0390625
6 0.76015625 0.46328125 0.0390625 0.0296875
6 0.853125 0.4203125 0.03125 0.0125
6 0.846875 0.4359375 0.034375 0.01875
6 0.846875 0.46015625 0.034375 0.0140625
6 0.85859375 0.49609375 0.0421875 0.0171875
6 0.8484375 0.475 0.03125 0.01875
6 0.884375 0.45625 0.0375 0.021875
6 0.890625 0.43984375 0.03125 0.0109375
6 0.8921875 0.421875 0.034375 0.01875
6 0.88828125 0.4046875 0.0328125 0.015625
6 0.76796875 0.375 0.0390625 0.01875
6 0.690625 0.0890625 0.040625 0.021875
