6 0.89140625 0.85546875 0.0265625 0.0234375
6 0.73828125 0.91953125 0.0296875 0.0203125
6 0.73671875 0.95390625 0.0359375 0.0203125
6 0.81796875 0.98125 0.0421875 0.021875
6 0.81953125 0.9625 0.0359375 0.015625
6 0.81875 0.946875 0.034375 0.015625
6 0.82265625 0.925 0.0359375 0.021875
6 0.8453125 0.85390625 0.01875 0.0328125
6 0.81484375 0.84609375 0.0171875 0.0296875
6 0.8890625 0.89375 0.03125 0.021875
6 0.89140625 0.93671875 0.0265625 0.0140625
6 0.8859375 0.95546875 0.03125 0.0203125
6 0.884375 0.975 0.03125 0.015625
6 0.68515625 0.6796875 0.0234375 0.03125
6 0.68515625 0.64921875 0.0234375 0.0296875
6 0.684375 0.61796875 0.01875 0.0359375
4 0.24140625 0.46015625 0.0828125 0.1515625
