6 0.39140625 0.35546875 0.0265625 0.0234375
6 0.23828125 0.41953125 0.0296875 0.0203125
6 0.23671875 0.45390625 0.0359375 0.0203125
6 0.31796875 0.48125 0.0421875 0.021875
6 0.31953125 0.4625 0.0359375 0.015625
6 0.31875 0.446875 0.034375 0.015625
6 0.32265625 0.425 0.0359375 0.021875
6 0.3453125 0.35390625 0.01875 0.0328125
6 0.31484375 0.34609375 0.0171875 0.0296875
6 0.3890625 0.39375 0.03125 0.021875
6 0.41328125 0.53671875 0.0140625 0.0265625
6 0.39140625 0.43671875 0.0265625 0.0140625
6 0.3859375 0.45546875 0.03125 0.0203125
6 0.384375 0.475 0.03125 0.015625
6 0.37890625 0.49296875 0.0265625 0.0140625
6 0.37734375 0.5046875 0.0390625 0.015625
6 0.265625 0.53359375 0.015625 0.0296875
6 0.2859375 0.53984375 0.015625 0.0296875
6 0.3046875 0.53515625 0.01875 0.0359375
6 0.31953125 0.534375 0.0140625 0.0375
6 0.33671875 0.5375 0.0203125 0.028125
6 0.36171875 0.5421875 0.0171875 0.0375
6 0.38359375 0.54453125 0.0171875 0.0359375
5 0.51484375 0.2984375 0.0234375 0.096875
6 0.56796875 0.35625 0.0484375 0.01875
6 0.4015625 0.5328125 0.01875 0.025
6 0.42734375 0.55078125 0.0171875 0.0390625
6 0.56328125 0.546875 0.0140625 0.028125
6 0.58515625 0.54609375 0.0140625 0.0296875
6 0.6265625 0.5546875 0.01875 0.03125
6 0.64140625 0.55703125 0.0171875 0.0359375
6 0.69140625 0.559375 0.0171875 0.0375
6 0.7328125 0.5578125 0.021875 0.040625
6 0.628125 0.47578125 0.046875 0.0453125
6 0.665625 0.471875 0.04375 0.01875
6 0.66875 0.45 0.034375 0.025
6 0.66953125 0.43203125 0.0390625 0.0171875
6 0.67265625 0.4 0.0296875 0.01875
6 0.671875 0.365625 0.0375 0.015625
6 0.18515625 0.1796875 0.0234375 0.03125
6 0.18515625 0.14921875 0.0234375 0.0296875
6 0.184375 0.11796875 0.01875 0.0359375
