4 0.93515625 0.75859375 0.0796875 0.1015625
4 0.88671875 0.70078125 0.0828125 0.1015625
4 0.83671875 0.759375 0.0796875 0.10625
4 0.7875 0.703125 0.078125 0.1
4 0.734375 0.7546875 0.078125 0.103125
4 0.68671875 0.70078125 0.0828125 0.1015625
4 0.63515625 0.753125 0.0796875 0.1
4 0.5859375 0.69765625 0.08125 0.0984375
4 0.5375 0.753125 0.078125 0.1
4 0.4890625 0.70078125 0.08125 0.1015625
4 0.43671875 0.753125 0.0765625 0.09375
4 0.38828125 0.69765625 0.0828125 0.1015625
4 0.3375 0.75390625 0.084375 0.0984375
4 0.2875 0.6953125 0.08125 0.1
4 0.2375 0.7515625 0.08125 0.1
4 0.1890625 0.6953125 0.078125 0.103125
4 0.13671875 0.7484375 0.0796875 0.103125
