6 0.0546875 0.3671875 0.03125 0.015625
6 0.24140625 0.52265625 0.0328125 0.0296875
6 0.24296875 0.49921875 0.0390625 0.0328125
6 0.896875 0.13984375 0.034375 0.0203125
6 0.0546875 0.4203125 0.04375 0.021875
6 0.10703125 0.5078125 0.0328125 0.034375
6 0.12890625 0.51171875 0.0296875 0.0390625
6 0.1515625 0.51015625 0.034375 0.0359375
6 0.246875 0.36484375 0.034375 0.0296875
6 0.25078125 0.3875 0.0390625 0.03125
6 0.24765625 0.4109375 0.0359375 0.028125
6 0.24453125 0.43671875 0.0359375 0.0328125
6 0.24609375 0.46015625 0.0390625 0.0328125
