4 0.10390625 0.7484375 0.0921875 0.09375
4 0.05859375 0.675 0.0890625 0.09375
4 0.06953125 0.465625 0.0703125 0.065625
4 0.11875 0.2171875 0.090625 0.090625
4 0.10078125 0.9484375 0.1015625 0.090625
4 0.47890625 0.075 0.0921875 0.11875
4 0.57421875 0.08125 0.0890625 0.121875
4 0.6640625 0.0828125 0.078125 0.125
4 0.7578125 0.090625 0.08125 0.121875
4 0.94453125 0.10625 0.0796875 0.115625
4 0.32109375 0.2046875 0.0796875 0.10625
4 0.4765625 0.21875 0.075 0.096875
4 0.79453125 0.23515625 0.0859375 0.1078125
