5 0.8703125 0.90859375 0.021875 0.0609375
4 0.80390625 0.253125 0.0953125 0.090625
4 0.90390625 0.246875 0.0984375 0.103125
4 0.8515625 0.17265625 0.090625 0.0984375
4 0.7515625 0.17578125 0.090625 0.0953125
4 0.65078125 0.1734375 0.0921875 0.096875
4 0.54765625 0.17421875 0.0953125 0.0921875
4 0.5984375 0.25390625 0.096875 0.0953125
4 0.7 0.25078125 0.096875 0.0921875
4 0.4921875 0.25234375 0.103125 0.0984375
5 0.90546875 0.91015625 0.0203125 0.0671875
4 0.4265625 0.6828125 0.1 0.090625
4 0.140625 0.93671875 0.0875 0.0890625
4 0.2453125 0.93203125 0.1 0.0921875
4 0.34609375 0.9296875 0.0953125 0.090625
4 0.4484375 0.92734375 0.09375 0.0921875
4 0.55 0.93125 0.096875 0.0875
4 0.31484375 0.671875 0.1140625 0.1
4 0.5359375 0.69375 0.05625 0.0875
4 0.46328125 0.4546875 0.1046875 0.1
4 0.61015625 0.6890625 0.0609375 0.0875
4 0.6828125 0.696875 0.065625 0.084375
4 0.7578125 0.703125 0.075 0.08125
4 0.84921875 0.703125 0.0796875 0.090625
4 0.9328125 0.69609375 0.08125 0.1046875
4 0.94375 0.43671875 0.059375 0.0890625
4 0.8671875 0.4375 0.059375 0.084375
4 0.775 0.44765625 0.103125 0.0921875
4 0.66953125 0.45625 0.0921875 0.090625
4 0.565625 0.45703125 0.090625 0.0921875
5 0.9453125 0.909375 0.025 0.065625
5 0.96875 0.90859375 0.021875 0.0671875
