6 0.91171875 0.5015625 0.0328125 0.034375
6 0.93984375 0.2125 0.0359375 0.034375
6 0.84375 0.2125 0.0375 0.034375
6 0.80234375 0.2078125 0.0296875 0.034375
5 0.87578125 0.50546875 0.0296875 0.0359375
6 0.85625 0.50234375 0.034375 0.0390625
6 0.8328125 0.4984375 0.025 0.025
6 0.125 0.0265625 0.040625 0.01875
6 0.2078125 0.03125 0.034375 0.015625
6 0.209375 0.00859375 0.040625 0.0140625
6 0.421875 0.0734375 0.040625 0.01875
6 0.4171875 0.14375 0.034375 0.01875
6 0.41640625 0.1640625 0.0296875 0.01875
6 0.440625 0.215625 0.034375 0.021875
6 0.41171875 0.2328125 0.0359375 0.015625
6 0.4046875 0.2515625 0.03125 0.01875
6 0.396875 0.63984375 0.034375 0.0203125
6 0.32734375 0.03515625 0.0359375 0.0265625
6 0.2484375 0.03203125 0.040625 0.0203125
6 0.11171875 0.2671875 0.0421875 0.021875
