4 0.43046875 0.91953125 0.0703125 0.0640625
4 0.56953125 0.965625 0.0703125 0.065625
4 0.3796875 0.965625 0.075 0.0625
4 0.33125 0.91796875 0.071875 0.0609375
4 0.23984375 0.9203125 0.0703125 0.0625
4 0.1453125 0.92109375 0.071875 0.0640625
4 0.05078125 0.91875 0.0703125 0.065625
4 0.61875 0.7171875 0.090625 0.090625
4 0.51875 0.71796875 0.090625 0.0859375
4 0.4203125 0.715625 0.09375 0.0875
4 0.32109375 0.715625 0.0984375 0.09375
4 0.22109375 0.71171875 0.0921875 0.0890625
4 0.12109375 0.70625 0.0890625 0.090625
4 0.140625 0.2703125 0.1875 0.19375
4 0.5234375 0.27421875 0.175 0.1890625
4 0.82109375 0.7046875 0.0796875 0.10625
