6 0.39140625 0.85546875 0.0265625 0.0234375
6 0.23828125 0.91953125 0.0296875 0.0203125
6 0.23671875 0.95390625 0.0359375 0.0203125
6 0.31796875 0.98125 0.0421875 0.021875
6 0.31953125 0.9625 0.0359375 0.015625
6 0.31875 0.946875 0.034375 0.015625
6 0.32265625 0.925 0.0359375 0.021875
6 0.3453125 0.85390625 0.01875 0.0328125
6 0.31484375 0.84609375 0.0171875 0.0296875
6 0.3890625 0.89375 0.03125 0.021875
6 0.39140625 0.93671875 0.0265625 0.0140625
6 0.3859375 0.95546875 0.03125 0.0203125
6 0.384375 0.975 0.03125 0.015625
5 0.51484375 0.7984375 0.0234375 0.096875
6 0.56796875 0.85625 0.0484375 0.01875
6 0.628125 0.97578125 0.046875 0.0453125
6 0.665625 0.971875 0.04375 0.01875
6 0.66875 0.95 0.034375 0.025
6 0.66953125 0.93203125 0.0390625 0.0171875
6 0.67265625 0.9 0.0296875 0.01875
6 0.671875 0.865625 0.0375 0.015625
6 0.18515625 0.6796875 0.0234375 0.03125
6 0.18515625 0.64921875 0.0234375 0.0296875
6 0.184375 0.61796875 0.01875 0.0359375
