6 0.51875 0.06796875 0.015625 0.0390625
6 0.765625 0.57578125 0.015625 0.0453125
6 0.7171875 0.56953125 0.015625 0.0390625
6 0.8203125 0.45625 0.01875 0.04375
6 0.5234375 0.3703125 0.01875 0.0375
6 0.62421875 0.36875 0.0203125 0.04375
6 0.6546875 0.3703125 0.015625 0.0375
6 0.73984375 0.37578125 0.0203125 0.0359375
6 0.75546875 0.3703125 0.0140625 0.034375
6 0.79140625 0.3765625 0.0203125 0.04375
6 0.73515625 0.4890625 0.0171875 0.034375
6 0.6890625 0.5734375 0.01875 0.0375
6 0.71875 0.4875 0.015625 0.03125
6 0.70078125 0.4859375 0.0171875 0.040625
6 0.6796875 0.48671875 0.015625 0.0359375
6 0.6390625 0.48203125 0.01875 0.0328125
6 0.5546875 0.575 0.01875 0.05
6 0.5828125 0.57109375 0.015625 0.0453125
6 0.61796875 0.57734375 0.0171875 0.0484375
6 0.65234375 0.571875 0.0171875 0.0375
