6 0.5546875 0.8671875 0.03125 0.015625
6 0.11796875 0.59140625 0.0203125 0.0296875
6 0.14296875 0.5890625 0.0203125 0.034375
6 0.07578125 0.58828125 0.0203125 0.0359375
6 0.09609375 0.90390625 0.0359375 0.0203125
6 0.01796875 0.86640625 0.0328125 0.0203125
6 0.0953125 0.88828125 0.0375 0.0171875
6 0.128125 0.86875 0.040625 0.021875
6 0.13046875 0.88671875 0.0296875 0.0203125
6 0.134375 0.90625 0.0375 0.01875
6 0.0953125 0.9265625 0.03125 0.01875
6 0.8140625 0.09765625 0.03125 0.0171875
6 0.94453125 0.01484375 0.0296875 0.0203125
6 0.81875 0.0421875 0.0375 0.01875
6 0.4515625 0.97421875 0.03125 0.0203125
6 0.4796875 0.8375 0.034375 0.021875
6 0.3765625 0.88203125 0.021875 0.0453125
6 0.815625 0.0234375 0.034375 0.015625
6 0.5015625 0.1609375 0.034375 0.0125
6 0.52109375 0.09921875 0.0390625 0.0171875
6 0.52890625 0.0765625 0.0390625 0.015625
6 0.5359375 0.0296875 0.034375 0.015625
6 0.0171875 0.846875 0.034375 0.015625
6 0.9109375 0.0078125 0.028125 0.015625
6 0.9125 0.0296875 0.028125 0.01875
6 0.9453125 0.034375 0.03125 0.01875
6 0.91015625 0.04765625 0.0328125 0.0171875
6 0.91328125 0.06484375 0.0328125 0.0171875
6 0.90546875 0.0828125 0.0328125 0.01875
6 0.90625 0.10234375 0.034375 0.0203125
6 0.9453125 0.06484375 0.0375 0.0171875
6 0.940625 0.08515625 0.040625 0.0203125
6 0.94140625 0.10390625 0.0390625 0.0140625
6 0.8203125 0.14921875 0.0375 0.0171875
6 0.91640625 0.1828125 0.0390625 0.01875
6 0.5546875 0.9203125 0.04375 0.021875
6 0.746875 0.86484375 0.034375 0.0296875
6 0.75078125 0.8875 0.0390625 0.03125
6 0.74765625 0.9109375 0.0359375 0.028125
6 0.74453125 0.93671875 0.0359375 0.0328125
6 0.74609375 0.96015625 0.0390625 0.0328125
