4 0.94609375 0.234375 0.0671875 0.096875
4 0.77734375 0.5046875 0.0671875 0.09375
4 0.8578125 0.50546875 0.06875 0.0953125
4 0.9375 0.51015625 0.065625 0.0953125
4 0.90625 0.284375 0.065625 0.09375
4 0.89453125 0.56328125 0.0671875 0.0921875
4 0.815625 0.5609375 0.065625 0.090625
4 0.77109375 0.78046875 0.0734375 0.0984375
4 0.8515625 0.78515625 0.06875 0.0953125
4 0.92734375 0.78359375 0.0703125 0.0921875
4 0.88828125 0.8390625 0.0640625 0.090625
4 0.809375 0.83671875 0.065625 0.0953125
5 0.40859375 0.5421875 0.0234375 0.121875
6 0.4953125 0.753125 0.021875 0.0375
6 0.3296875 0.79140625 0.021875 0.0390625
6 0.29453125 0.7859375 0.0234375 0.040625
6 0.2546875 0.78515625 0.015625 0.0390625
6 0.2203125 0.77734375 0.05 0.0203125
6 0.21640625 0.75859375 0.0421875 0.0234375
6 0.225 0.7390625 0.034375 0.01875
