6 0.5546875 0.3671875 0.03125 0.015625
6 0.11796875 0.09140625 0.0203125 0.0296875
6 0.14296875 0.0890625 0.0203125 0.034375
6 0.07578125 0.08828125 0.0203125 0.0359375
6 0.09609375 0.40390625 0.0359375 0.0203125
6 0.01796875 0.36640625 0.0328125 0.0203125
6 0.0953125 0.38828125 0.0375 0.0171875
6 0.128125 0.36875 0.040625 0.021875
6 0.13046875 0.38671875 0.0296875 0.0203125
6 0.134375 0.40625 0.0375 0.01875
6 0.0953125 0.4265625 0.03125 0.01875
6 0.4515625 0.47421875 0.03125 0.0203125
6 0.4796875 0.3375 0.034375 0.021875
6 0.3765625 0.38203125 0.021875 0.0453125
6 0.74140625 0.52265625 0.0328125 0.0296875
6 0.74296875 0.49921875 0.0390625 0.0328125
6 0.0171875 0.346875 0.034375 0.015625
6 0.5546875 0.4203125 0.04375 0.021875
6 0.60703125 0.5078125 0.0328125 0.034375
6 0.62890625 0.51171875 0.0296875 0.0390625
6 0.6515625 0.51015625 0.034375 0.0359375
6 0.746875 0.36484375 0.034375 0.0296875
6 0.75078125 0.3875 0.0390625 0.03125
6 0.74765625 0.4109375 0.0359375 0.028125
6 0.74453125 0.43671875 0.0359375 0.0328125
6 0.74609375 0.46015625 0.0390625 0.0328125
