4 0.9265625 0.1828125 0.1 0.090625
4 0.63828125 0.8140625 0.0890625 0.08125
4 0.94921875 0.596875 0.0921875 0.096875
4 0.778125 0.60234375 0.078125 0.1015625
4 0.678125 0.6 0.090625 0.084375
4 0.5765625 0.603125 0.09375 0.08125
4 0.640625 0.43671875 0.0875 0.0890625
4 0.7453125 0.43203125 0.1 0.0921875
4 0.84609375 0.4296875 0.0953125 0.090625
4 0.9484375 0.42734375 0.09375 0.0921875
4 0.81484375 0.171875 0.1140625 0.1
4 0.74296875 0.82265625 0.0859375 0.0921875
4 0.8453125 0.82734375 0.090625 0.0953125
4 0.95 0.82890625 0.090625 0.0953125
