6 0.4328125 0.1546875 0.021875 0.034375
6 0.47578125 0.15703125 0.0203125 0.0421875
6 0.49140625 0.1625 0.0203125 0.0375
6 0.51015625 0.1625 0.0203125 0.034375
6 0.53046875 0.16328125 0.0203125 0.0390625
6 0.54765625 0.16328125 0.0140625 0.0328125
6 0.5671875 0.1671875 0.015625 0.03125
6 0.58359375 0.16484375 0.0203125 0.0390625
6 0.68203125 0.2890625 0.0296875 0.040625
6 0.484375 0.071875 0.01875 0.040625
6 0.8265625 0.021875 0.01875 0.034375
6 0.8921875 0.0234375 0.021875 0.0375
6 0.92421875 0.02578125 0.0265625 0.0421875
6 0.375 0.07265625 0.03125 0.0203125
6 0.6171875 0.13203125 0.034375 0.0234375
6 0.37578125 0.053125 0.0390625 0.021875
6 0.46484375 0.03046875 0.0359375 0.0140625
6 0.46328125 0.04765625 0.0359375 0.0140625
6 0.528125 0.03046875 0.028125 0.0234375
6 0.61875 0.1140625 0.0375 0.01875
6 0.525 0.04765625 0.028125 0.0203125
6 0.61484375 0.04453125 0.0390625 0.0171875
6 0.61171875 0.08125 0.0328125 0.01875
6 0.61484375 0.09453125 0.0390625 0.0203125
