6 0.9109375 0.3859375 0.028125 0.015625
6 0.9484375 0.440625 0.03125 0.01875
6 0.94765625 0.41953125 0.0328125 0.0234375
6 0.8140625 0.59765625 0.03125 0.0171875
6 0.82421875 0.4671875 0.0390625 0.01875
6 0.821875 0.45 0.034375 0.01875
6 0.828125 0.428125 0.046875 0.015625
6 0.8234375 0.4140625 0.05 0.01875
6 0.82421875 0.39375 0.0390625 0.01875
6 0.95078125 0.38515625 0.0390625 0.0234375
6 0.94453125 0.47421875 0.0296875 0.0171875
6 0.9140625 0.39921875 0.03125 0.0171875
6 0.91328125 0.421875 0.0359375 0.021875
6 0.9125 0.43671875 0.034375 0.0171875
6 0.91015625 0.45703125 0.0390625 0.0140625
6 0.90703125 0.471875 0.0359375 0.015625
6 0.90703125 0.4890625 0.0359375 0.01875
6 0.94140625 0.4921875 0.0328125 0.015625
6 0.94453125 0.51484375 0.0296875 0.0203125
6 0.94921875 0.4578125 0.0296875 0.01875
6 0.81875 0.5421875 0.0375 0.01875
6 0.815625 0.5234375 0.034375 0.015625
6 0.5015625 0.6609375 0.034375 0.0125
6 0.52109375 0.59921875 0.0390625 0.0171875
6 0.52890625 0.5765625 0.0390625 0.015625
6 0.5359375 0.5296875 0.034375 0.015625
6 0.828125 0.4875 0.040625 0.021875
6 0.82109375 0.50703125 0.0296875 0.0171875
6 0.396875 0.49375 0.01875 0.028125
6 0.265625 0.07578125 0.015625 0.0453125
6 0.2171875 0.06953125 0.015625 0.0390625
6 0.1890625 0.0734375 0.01875 0.0375
6 0.0546875 0.075 0.01875 0.05
6 0.0828125 0.07109375 0.015625 0.0453125
6 0.11796875 0.07734375 0.0171875 0.0484375
6 0.15234375 0.071875 0.0171875 0.0375
6 0.9109375 0.5078125 0.028125 0.015625
6 0.9125 0.5296875 0.028125 0.01875
6 0.9453125 0.534375 0.03125 0.01875
6 0.91015625 0.54765625 0.0328125 0.0171875
6 0.82578125 0.3765625 0.0359375 0.01875
6 0.91328125 0.56484375 0.0328125 0.0171875
6 0.90546875 0.5828125 0.0328125 0.01875
6 0.90625 0.60234375 0.034375 0.0203125
6 0.9453125 0.56484375 0.0375 0.0171875
6 0.940625 0.58515625 0.040625 0.0203125
6 0.94140625 0.60390625 0.0390625 0.0140625
6 0.8203125 0.64921875 0.0375 0.0171875
6 0.91640625 0.6828125 0.0390625 0.01875
6 0.8265625 0.35546875 0.034375 0.0234375
6 0.85625 0.275 0.01875 0.028125
6 0.8953125 0.2734375 0.021875 0.034375
6 0.9125 0.27578125 0.01875 0.0296875
6 0.9328125 0.27421875 0.01875 0.0296875
6 0.94921875 0.2734375 0.0203125 0.03125
6 0.9703125 0.275 0.01875 0.034375
6 0.98828125 0.27578125 0.0171875 0.0359375
