6 0.20703125 0.4890625 0.0234375 0.053125
6 0.334375 0.06953125 0.01875 0.0359375
6 0.24296875 0.22578125 0.0203125 0.0390625
6 0.23359375 0.63046875 0.0234375 0.0484375
6 0.2078125 0.6125 0.021875 0.0375
6 0.23046875 0.70234375 0.0171875 0.0421875
6 0.20625 0.71875 0.025 0.0625
6 0.24765625 0.96328125 0.0171875 0.0359375
6 0.228125 0.90625 0.015625 0.05
6 0.20390625 0.88984375 0.0171875 0.0390625
6 0.3140625 0.884375 0.025 0.0375
6 0.2984375 0.7515625 0.015625 0.034375
6 0.228125 0.83046875 0.025 0.0421875
6 0.2046875 0.95390625 0.021875 0.0390625
6 0.23515625 0.53515625 0.0203125 0.0453125
