6 0.61796875 0.59140625 0.0203125 0.0296875
6 0.64296875 0.5890625 0.0203125 0.034375
6 0.57578125 0.58828125 0.0203125 0.0359375
6 0.59609375 0.90390625 0.0359375 0.0203125
6 0.51796875 0.86640625 0.0328125 0.0203125
6 0.48046875 0.865625 0.0359375 0.01875
6 0.4765625 0.884375 0.034375 0.015625
6 0.5171875 0.8859375 0.040625 0.015625
6 0.51328125 0.903125 0.0328125 0.01875
6 0.47734375 0.90234375 0.0328125 0.0140625
6 0.475 0.921875 0.03125 0.01875
6 0.509375 0.921875 0.034375 0.015625
6 0.5953125 0.88828125 0.0375 0.0171875
6 0.628125 0.86875 0.040625 0.021875
6 0.63046875 0.88671875 0.0296875 0.0203125
6 0.634375 0.90625 0.0375 0.01875
6 0.5953125 0.9265625 0.03125 0.01875
6 0.47109375 0.8453125 0.0453125 0.01875
6 0.9515625 0.97421875 0.03125 0.0203125
6 0.9796875 0.8375 0.034375 0.021875
6 0.8765625 0.88203125 0.021875 0.0453125
6 0.5171875 0.846875 0.034375 0.015625
6 0.51796875 0.83125 0.0453125 0.01875
6 0.021875 0.36796875 0.015625 0.0421875
6 0.08515625 0.50390625 0.0171875 0.0390625
6 0.10546875 0.46875 0.0203125 0.034375
6 0.1953125 0.47265625 0.034375 0.0171875
6 0.10859375 0.50546875 0.0203125 0.0328125
6 0.19296875 0.53828125 0.0390625 0.0234375
6 0.51015625 0.80703125 0.0421875 0.0203125
6 0.3515625 0.90390625 0.034375 0.0203125
6 0.26015625 0.91640625 0.0328125 0.0171875
6 0.30703125 0.8140625 0.0234375 0.040625
6 0.32734375 0.81484375 0.0203125 0.0390625
6 0.3640625 0.8140625 0.025 0.034375
6 0.3828125 0.81640625 0.015625 0.0359375
6 0.4 0.81640625 0.01875 0.0359375
6 0.41953125 0.81953125 0.0203125 0.0390625
6 0.26015625 0.96328125 0.0390625 0.0296875
6 0.353125 0.9203125 0.03125 0.0125
6 0.346875 0.9359375 0.034375 0.01875
6 0.346875 0.96015625 0.034375 0.0140625
6 0.3484375 0.975 0.03125 0.01875
6 0.384375 0.95625 0.0375 0.021875
6 0.390625 0.93984375 0.03125 0.0109375
6 0.3921875 0.921875 0.034375 0.01875
6 0.38828125 0.9046875 0.0328125 0.015625
6 0.26796875 0.875 0.0390625 0.01875
6 0.190625 0.5890625 0.040625 0.021875
