6 0.7421875 0.88828125 0.04375 0.0296875
6 0.6703125 0.94921875 0.01875 0.0359375
6 0.6453125 0.94765625 0.01875 0.0390625
6 0.628125 0.94765625 0.021875 0.0359375
6 0.7421875 0.90703125 0.034375 0.0328125
6 0.51484375 0.8359375 0.0359375 0.01875
6 0.51796875 0.73671875 0.0328125 0.0328125
6 0.5359375 0.7453125 0.0375 0.034375
6 0.57890625 0.74453125 0.0296875 0.0359375
6 0.55859375 0.74609375 0.0296875 0.0328125
6 0.60078125 0.7484375 0.0328125 0.034375
6 0.5078125 0.9078125 0.040625 0.021875
6 0.60859375 0.94921875 0.0171875 0.0359375
6 0.56953125 0.94609375 0.0203125 0.0390625
6 0.55234375 0.95625 0.0171875 0.040625
6 0.5296875 0.95078125 0.021875 0.0359375
6 0.82109375 0.878125 0.0328125 0.03125
6 0.82421875 0.9015625 0.0359375 0.03125
6 0.8546875 0.8953125 0.040625 0.040625
6 0.85390625 0.91796875 0.0359375 0.0390625
6 0.82109375 0.94140625 0.0328125 0.0328125
6 0.84921875 0.95859375 0.0328125 0.0296875
6 0.85625 0.85390625 0.03125 0.0328125
6 0.821875 0.85390625 0.034375 0.0328125
6 0.74609375 0.8640625 0.0328125 0.03125
6 0.7734375 0.67109375 0.0375 0.0390625
6 0.9 0.671875 0.03125 0.040625
6 0.878125 0.67109375 0.034375 0.0390625
6 0.853125 0.66875 0.034375 0.0375
6 0.81015625 0.66640625 0.0328125 0.0421875
6 0.79765625 0.67109375 0.0328125 0.0359375
6 0.72578125 0.66875 0.0421875 0.04375
6 0.74609375 0.8234375 0.0359375 0.03125
6 0.73359375 0.6875 0.0359375 0.028125
6 0.7421875 0.7046875 0.034375 0.03125
6 0.9375 0.775 0.04375 0.03125
6 0.8625 0.74921875 0.04375 0.0390625
6 0.83046875 0.7515625 0.0421875 0.034375
6 0.82890625 0.77109375 0.0453125 0.0359375
6 0.8234375 0.7890625 0.0375 0.040625
6 0.82421875 0.81171875 0.0421875 0.0390625
