6 0.0546875 0.8671875 0.03125 0.015625
6 0.3140625 0.09765625 0.03125 0.0171875
6 0.44453125 0.01484375 0.0296875 0.0203125
6 0.31875 0.0421875 0.0375 0.01875
6 0.315625 0.0234375 0.034375 0.015625
6 0.02109375 0.09921875 0.0390625 0.0171875
6 0.02890625 0.0765625 0.0390625 0.015625
6 0.0359375 0.0296875 0.034375 0.015625
6 0.4109375 0.0078125 0.028125 0.015625
6 0.4125 0.0296875 0.028125 0.01875
6 0.4453125 0.034375 0.03125 0.01875
6 0.41015625 0.04765625 0.0328125 0.0171875
6 0.625 0.0265625 0.040625 0.01875
6 0.7078125 0.03125 0.034375 0.015625
6 0.709375 0.00859375 0.040625 0.0140625
6 0.41328125 0.06484375 0.0328125 0.0171875
6 0.40546875 0.0828125 0.0328125 0.01875
6 0.40625 0.10234375 0.034375 0.0203125
6 0.4453125 0.06484375 0.0375 0.0171875
6 0.440625 0.08515625 0.040625 0.0203125
6 0.44140625 0.10390625 0.0390625 0.0140625
6 0.3203125 0.14921875 0.0375 0.0171875
6 0.41640625 0.1828125 0.0390625 0.01875
6 0.921875 0.0734375 0.040625 0.01875
6 0.9171875 0.14375 0.034375 0.01875
6 0.91640625 0.1640625 0.0296875 0.01875
6 0.940625 0.215625 0.034375 0.021875
6 0.91171875 0.2328125 0.0359375 0.015625
6 0.9046875 0.2515625 0.03125 0.01875
6 0.896875 0.63984375 0.034375 0.0203125
6 0.82734375 0.03515625 0.0359375 0.0265625
6 0.7484375 0.03203125 0.040625 0.0203125
6 0.61171875 0.2671875 0.0421875 0.021875
6 0.0546875 0.9203125 0.04375 0.021875
6 0.246875 0.86484375 0.034375 0.0296875
6 0.25078125 0.8875 0.0390625 0.03125
6 0.24765625 0.9109375 0.0359375 0.028125
6 0.24453125 0.93671875 0.0359375 0.0328125
6 0.24609375 0.96015625 0.0390625 0.0328125
