4 0.81796875 0.5078125 0.1078125 0.109375
4 0.7125 0.50078125 0.153125 0.1421875
6 0.01015625 0.1625 0.0203125 0.034375
6 0.03046875 0.16328125 0.0203125 0.0390625
6 0.04765625 0.16328125 0.0140625 0.0328125
6 0.0671875 0.1671875 0.015625 0.03125
6 0.08359375 0.16484375 0.0203125 0.0390625
6 0.18203125 0.2890625 0.0296875 0.040625
6 0.3265625 0.021875 0.01875 0.034375
6 0.3921875 0.0234375 0.021875 0.0375
6 0.42421875 0.02578125 0.0265625 0.0421875
6 0.1171875 0.13203125 0.034375 0.0234375
6 0.028125 0.03046875 0.028125 0.0234375
6 0.11875 0.1140625 0.0375 0.01875
6 0.025 0.04765625 0.028125 0.0203125
6 0.11484375 0.04453125 0.0390625 0.0171875
6 0.11171875 0.08125 0.0328125 0.01875
6 0.11484375 0.09453125 0.0390625 0.0203125
