4 0.93046875 0.41953125 0.0703125 0.0640625
4 0.80390625 0.753125 0.0953125 0.090625
4 0.90390625 0.746875 0.0984375 0.103125
4 0.8515625 0.67265625 0.090625 0.0984375
4 0.7515625 0.67578125 0.090625 0.0953125
4 0.65078125 0.6734375 0.0921875 0.096875
4 0.54765625 0.67421875 0.0953125 0.0921875
4 0.8796875 0.465625 0.075 0.0625
4 0.5984375 0.75390625 0.096875 0.0953125
4 0.83125 0.41796875 0.071875 0.0609375
4 0.7859375 0.46796875 0.06875 0.0640625
4 0.73984375 0.4203125 0.0703125 0.0625
4 0.690625 0.46328125 0.075 0.0734375
4 0.6453125 0.42109375 0.071875 0.0640625
4 0.59609375 0.46796875 0.0734375 0.0640625
4 0.55078125 0.41875 0.0703125 0.065625
4 0.50625 0.4703125 0.06875 0.0625
4 0.9203125 0.215625 0.09375 0.0875
4 0.82109375 0.215625 0.0984375 0.09375
4 0.7 0.75078125 0.096875 0.0921875
4 0.4921875 0.75234375 0.103125 0.0984375
4 0.94375 0.93671875 0.059375 0.0890625
4 0.8671875 0.9375 0.059375 0.084375
4 0.775 0.94765625 0.103125 0.0921875
4 0.72109375 0.21171875 0.0921875 0.0890625
4 0.62109375 0.20625 0.0890625 0.090625
