4 0.72265625 0.365625 0.0765625 0.1125
4 0.6515625 0.36640625 0.078125 0.1109375
4 0.8296875 0.35 0.078125 0.1125
4 0.06796875 0.296875 0.0703125 0.09375
4 0.11328125 0.07734375 0.0671875 0.0921875
4 0.03515625 0.0765625 0.0640625 0.090625
4 0.1078125 0.35390625 0.071875 0.0984375
6 0.084375 0.92265625 0.0375 0.0390625
6 0.06015625 0.92109375 0.0328125 0.0359375
6 0.5359375 0.92734375 0.021875 0.0265625
6 0.57265625 0.9296875 0.0234375 0.034375
6 0.61171875 0.92734375 0.0171875 0.0390625
6 0.6625 0.93515625 0.021875 0.0359375
6 0.49140625 0.65 0.0171875 0.034375
5 0.5890625 0.72421875 0.034375 0.0203125
6 0.58828125 0.68203125 0.0359375 0.0203125
6 0.47265625 0.65234375 0.0171875 0.0421875
6 0.121875 0.86640625 0.03125 0.0171875
6 0.45625 0.65078125 0.01875 0.0390625
6 0.43515625 0.6515625 0.0234375 0.040625
6 0.13125 0.7734375 0.040625 0.01875
6 0.12578125 0.81484375 0.0359375 0.0171875
6 0.125 0.834375 0.0375 0.015625
6 0.1234375 0.84765625 0.03125 0.0171875
6 0.925 0.796875 0.059375 0.025
6 0.7765625 0.75859375 0.05 0.0171875
6 0.8015625 0.93125 0.01875 0.03125
