6 0.9015625 0.915625 0.04375 0.059375
6 0.865625 0.89765625 0.046875 0.0546875
6 0.925 0.9375 0.04375 0.0625
6 0.959375 0.95703125 0.046875 0.0578125
6 0.7546875 0.43203125 0.053125 0.0390625
6 0.6390625 0.36015625 0.06875 0.0484375
6 0.83359375 0.9453125 0.0453125 0.059375
5 0.78203125 0.79375 0.1453125 0.2125
6 0.975 0.74921875 0.034375 0.0484375
5 0.9578125 0.721875 0.06875 0.096875
5 0.95859375 0.65859375 0.0484375 0.0578125
6 0.4453125 0.278125 0.04375 0.034375
6 0.4640625 0.253125 0.059375 0.05
6 0.40390625 0.21640625 0.0578125 0.0484375
