6 0.9359375 0.95234375 0.059375 0.0453125
6 0.81953125 0.94140625 0.0578125 0.0390625
6 0.88125 0.915625 0.053125 0.05
6 0.85234375 0.90390625 0.0546875 0.0453125
6 0.82265625 0.884375 0.0546875 0.04375
6 0.775 0.77890625 0.053125 0.0546875
6 0.81171875 0.72109375 0.0453125 0.0609375
6 0.82734375 0.696875 0.0453125 0.05
6 0.8453125 0.66640625 0.046875 0.0515625
6 0.859375 0.6375 0.05 0.05625
6 0.88125 0.615625 0.046875 0.05625
6 0.89453125 0.57890625 0.0453125 0.0484375
6 0.909375 0.5453125 0.05 0.05625
6 0.7515625 0.85 0.046875 0.03125
6 0.79765625 0.8625 0.0578125 0.053125
6 0.91171875 0.9328125 0.0671875 0.053125
6 0.96015625 0.9671875 0.0546875 0.04375
6 0.9671875 0.67890625 0.053125 0.0328125
6 0.9421875 0.70703125 0.04375 0.0203125
6 0.93359375 0.73359375 0.0515625 0.0234375
6 0.91953125 0.7625 0.0578125 0.034375
6 0.86796875 0.97890625 0.0609375 0.0390625
6 0.8921875 0.8015625 0.025 0.046875
6 0.92421875 0.8234375 0.0265625 0.05
6 0.8421875 0.96015625 0.05625 0.0421875
5 0.040625 0.81015625 0.078125 0.0609375
5 0.06328125 0.778125 0.0796875 0.059375
5 0.12265625 0.69140625 0.0796875 0.0515625
5 0.11796875 0.21484375 0.0765625 0.0546875
5 0.4625 0.09765625 0.08125 0.0609375
5 0.4578125 0.06015625 0.08125 0.0609375
5 0.50703125 0.04765625 0.0703125 0.0640625
5 0.25 0.03984375 0.06875 0.0546875
5 0.46484375 0.1546875 0.0796875 0.05625
5 0.1328125 0.25625 0.075 0.059375
5 0.165625 0.1640625 0.115625 0.078125
5 0.06796875 0.33359375 0.0796875 0.0609375
6 0.965625 0.16484375 0.05625 0.0390625
6 0.953125 0.19453125 0.05625 0.0515625
