6 0.34140625 0.02890625 0.0578125 0.0390625
6 0.29140625 0.07421875 0.0515625 0.0453125
6 0.24765625 0.14140625 0.0609375 0.0546875
6 0.0609375 0.1 0.05625 0.05
6 0.20546875 0.18125 0.0546875 0.040625
6 0.1953125 0.20546875 0.053125 0.0421875
6 0.1734375 0.2625 0.05 0.046875
6 0.25 0.23515625 0.059375 0.0578125
6 0.2578125 0.2078125 0.059375 0.046875
6 0.0734375 0.07265625 0.0625 0.0484375
6 0.9515625 0.1140625 0.03125 0.0625
6 0.059375 0.603125 0.0625 0.053125
5 0.13359375 0.509375 0.0609375 0.05
