6 0.92578125 0.0390625 0.0578125 0.04375
6 0.89453125 0.0671875 0.0578125 0.05625
6 0.8421875 0.03671875 0.065625 0.0453125
6 0.865625 0.1265625 0.053125 0.0625
6 0.81640625 0.0953125 0.0671875 0.046875
6 0.834375 0.16875 0.059375 0.05
6 0.80390625 0.21640625 0.0578125 0.0421875
6 0.7609375 0.18359375 0.065625 0.0453125
6 0.75234375 0.22890625 0.0578125 0.0421875
6 0.8140625 0.25625 0.059375 0.05
6 0.74609375 0.25546875 0.0546875 0.0390625
6 0.92421875 0.3265625 0.0609375 0.040625
6 0.91484375 0.35390625 0.0546875 0.0421875
5 0.66640625 0.58125 0.0640625 0.053125
5 0.86015625 0.69453125 0.0703125 0.0421875
6 0.8578125 0.28984375 0.0375 0.0546875
6 0.82578125 0.3203125 0.0421875 0.0625
6 0.75 0.29453125 0.059375 0.0453125
6 0.70078125 0.275 0.0546875 0.04375
6 0.9484375 0.9 0.053125 0.04375
6 0.75234375 0.7703125 0.0640625 0.05625
6 0.5359375 0.64296875 0.065625 0.0421875
6 0.43359375 0.578125 0.0609375 0.053125
