6 0.840625 0.01796875 0.028125 0.0171875
6 0.646875 0.31640625 0.03125 0.0140625
6 0.6125 0.37109375 0.025 0.0234375
6 0.6078125 0.2015625 0.034375 0.015625
6 0.6390625 0.096875 0.03125 0.015625
6 0.57421875 0.15 0.0171875 0.03125
6 0.50625 0.24609375 0.015625 0.0390625
6 0.4078125 0.08828125 0.034375 0.0140625
6 0.678125 0.20625 0.028125 0.01875
6 0.6484375 0.20390625 0.028125 0.0140625
6 0.70859375 0.209375 0.0328125 0.015625
6 0.74375 0.20703125 0.0375 0.0140625
6 0.97421875 0.134375 0.0453125 0.021875
