6 0.39609375 0.07265625 0.0515625 0.0640625
5 0.31796875 0.0859375 0.0546875 0.06875
5 0.3375 0.1140625 0.06875 0.084375
5 0.3421875 0.15625 0.05 0.0625
5 0.61796875 0.71484375 0.0765625 0.0546875
5 0.9578125 0.56015625 0.08125 0.0609375
5 0.75 0.53984375 0.06875 0.0546875
5 0.7515625 0.4875 0.065625 0.059375
5 0.7890625 0.465625 0.071875 0.05
5 0.78984375 0.425 0.0859375 0.05625
5 0.82734375 0.37578125 0.0796875 0.0671875
5 0.8828125 0.2828125 0.071875 0.059375
5 0.940625 0.2484375 0.06875 0.059375
5 0.8828125 0.24453125 0.075 0.0578125
5 0.6328125 0.75625 0.075 0.059375
5 0.49375 0.92734375 0.075 0.0515625
5 0.665625 0.6640625 0.115625 0.078125
5 0.56796875 0.83359375 0.0796875 0.0609375
