6 0.875 0.634375 0.034375 0.04375
6 0.85859375 0.66640625 0.0484375 0.0515625
6 0.67734375 0.6859375 0.0609375 0.04375
6 0.91171875 0.5921875 0.0421875 0.065625
6 0.75234375 0.853125 0.0421875 0.040625
6 0.8265625 0.74921875 0.034375 0.0453125
6 0.7515625 0.9421875 0.0375 0.05
6 0.18046875 0.87890625 0.0421875 0.0515625
6 0.153125 0.8671875 0.040625 0.053125
5 0.3671875 0.87421875 0.14375 0.2015625
6 0.0578125 0.1765625 0.04375 0.053125
5 0.78203125 0.81796875 0.0515625 0.0671875
5 0.80859375 0.771875 0.0421875 0.075
