5 0.19921875 0.6953125 0.0640625 0.053125
5 0.17109375 0.728125 0.0953125 0.05625
5 0.15078125 0.76875 0.0734375 0.05625
5 0.13125 0.79375 0.090625 0.071875
5 0.0921875 0.85234375 0.084375 0.0671875
6 0.04375 0.871875 0.065625 0.046875
6 0.45703125 0.7015625 0.0609375 0.05
6 0.46015625 0.2734375 0.0609375 0.053125
6 0.73984375 0.15546875 0.0703125 0.0546875
5 0.3671875 0.36875 0.078125 0.05625
5 0.25625 0.60234375 0.075 0.0640625
5 0.56171875 0.4984375 0.0765625 0.059375
5 0.64296875 0.4015625 0.0796875 0.065625
5 0.6625 0.3140625 0.0875 0.06875
5 0.5078125 0.61015625 0.090625 0.0765625
5 0.29453125 0.95234375 0.1078125 0.0828125
5 0.33984375 0.8921875 0.0734375 0.05625
5 0.36953125 0.8265625 0.0796875 0.0625
5 0.41953125 0.77890625 0.0796875 0.0578125
