6 0.41875 0.40703125 0.0625 0.0390625
6 0.3578125 0.46640625 0.06875 0.0484375
6 0.34140625 0.52890625 0.0578125 0.0390625
6 0.346875 0.49765625 0.065625 0.0453125
6 0.29140625 0.57421875 0.0515625 0.0453125
6 0.24765625 0.64140625 0.0609375 0.0546875
6 0.0609375 0.6 0.05625 0.05
6 0.20546875 0.68125 0.0546875 0.040625
6 0.1953125 0.70546875 0.053125 0.0421875
6 0.1734375 0.7625 0.05 0.046875
6 0.25 0.73515625 0.059375 0.0578125
6 0.2578125 0.7078125 0.059375 0.046875
6 0.1453125 0.39609375 0.05 0.0421875
6 0.18359375 0.45625 0.0546875 0.046875
6 0.12890625 0.42421875 0.0578125 0.0484375
6 0.2046875 0.3953125 0.053125 0.040625
6 0.21875 0.3703125 0.053125 0.04375
6 0.1578125 0.365625 0.05625 0.040625
6 0.17578125 0.340625 0.0609375 0.040625
6 0.23984375 0.34140625 0.0578125 0.0453125
6 0.22734375 0.25625 0.0703125 0.046875
6 0.0734375 0.57265625 0.0625 0.0484375
6 0.9515625 0.6140625 0.03125 0.0625
5 0.1609375 0.48515625 0.06875 0.0453125
5 0.44375 0.37265625 0.0625 0.0515625
5 0.4546875 0.3421875 0.078125 0.053125
6 0.65234375 0.0578125 0.0609375 0.05
6 0.59140625 0.121875 0.0640625 0.053125
