5 0.665625 0.89765625 0.0875 0.0734375
5 0.7765625 0.74140625 0.1 0.0734375
5 0.7359375 0.38984375 0.078125 0.0640625
5 0.76640625 0.33671875 0.0703125 0.0546875
5 0.6734375 0.44609375 0.065625 0.0484375
6 0.215625 0.12890625 0.05 0.0609375
6 0.86171875 0.12890625 0.0609375 0.0421875
6 0.81484375 0.22578125 0.0671875 0.0515625
6 0.5125 0.721875 0.0625 0.053125
6 0.80625 0.61875 0.06875 0.05
6 0.6796875 0.5328125 0.05625 0.04375
6 0.65390625 0.55 0.0546875 0.046875
6 0.65703125 0.93828125 0.0546875 0.0453125
6 0.51015625 0.8171875 0.0578125 0.05
6 0.45 0.91171875 0.05625 0.0546875
6 0.3984375 0.87890625 0.059375 0.0421875
