6 0.85546875 0.39921875 0.0359375 0.0578125
6 0.8265625 0.34296875 0.03125 0.0453125
6 0.79296875 0.33203125 0.0328125 0.0515625
6 0.76875 0.3203125 0.0375 0.059375
6 0.71640625 0.2453125 0.0453125 0.04375
6 0.73671875 0.2625 0.0484375 0.05
6 0.74765625 0.28828125 0.0453125 0.0515625
6 0.83359375 0.215625 0.0359375 0.046875
6 0.72421875 0.209375 0.0421875 0.040625
6 0.70703125 0.13125 0.0484375 0.04375
6 0.6953125 0.11484375 0.05625 0.0390625
6 0.8578125 0.17734375 0.05 0.0390625
6 0.85078125 0.14609375 0.0671875 0.0421875
6 0.8265625 0.13046875 0.05625 0.0421875
6 0.86171875 0.3390625 0.0296875 0.05625
5 0.66953125 0.434375 0.0921875 0.059375
5 0.71796875 0.175 0.0671875 0.053125
5 0.65859375 0.05625 0.0796875 0.05
