6 0.9359375 0.45234375 0.059375 0.0453125
6 0.81953125 0.44140625 0.0578125 0.0390625
6 0.88125 0.415625 0.053125 0.05
6 0.85234375 0.40390625 0.0546875 0.0453125
6 0.82265625 0.384375 0.0546875 0.04375
6 0.775 0.27890625 0.053125 0.0546875
6 0.81171875 0.22109375 0.0453125 0.0609375
6 0.82734375 0.196875 0.0453125 0.05
6 0.8453125 0.16640625 0.046875 0.0515625
6 0.859375 0.1375 0.05 0.05625
6 0.88125 0.115625 0.046875 0.05625
6 0.89453125 0.07890625 0.0453125 0.0484375
6 0.909375 0.0453125 0.05 0.05625
6 0.7515625 0.35 0.046875 0.03125
6 0.79765625 0.3625 0.0578125 0.053125
6 0.91171875 0.4328125 0.0671875 0.053125
6 0.96015625 0.4671875 0.0546875 0.04375
6 0.89765625 0.50078125 0.0609375 0.0421875
6 0.9671875 0.17890625 0.053125 0.0328125
6 0.9421875 0.20703125 0.04375 0.0203125
6 0.93359375 0.23359375 0.0515625 0.0234375
6 0.91953125 0.2625 0.0578125 0.034375
6 0.86796875 0.47890625 0.0609375 0.0390625
6 0.8921875 0.3015625 0.025 0.046875
6 0.92421875 0.3234375 0.0265625 0.05
6 0.8421875 0.46015625 0.05625 0.0421875
6 0.953125 0.91015625 0.0625 0.0453125
5 0.040625 0.31015625 0.078125 0.0609375
5 0.06328125 0.278125 0.0796875 0.059375
5 0.12265625 0.19140625 0.0796875 0.0515625
