4 0.22578125 0.55390625 0.2296875 0.2765625
4 0.2203125 0.2921875 0.234375 0.275
4 0.8625 0.3484375 0.246875 0.2
4 0.6859375 0.28984375 0.10625 0.1046875
4 0.59296875 0.3265625 0.1421875 0.134375
4 0.5640625 0.85390625 0.234375 0.2515625
4 0.89765625 0.53046875 0.1828125 0.1296875
4 0.68125 0.72265625 0.178125 0.1546875
4 0.67734375 0.53203125 0.3796875 0.3671875
4 0.5125 0.678125 0.171875 0.20625
4 0.475 0.53828125 0.08125 0.1328125
4 0.53203125 0.41953125 0.1390625 0.1640625
5 0.3734375 0.21171875 0.06875 0.0859375
