5 0.3109375 0.73984375 0.084375 0.0734375
5 0.09296875 0.65234375 0.0859375 0.0640625
6 0.24921875 0.7953125 0.0578125 0.05625
6 0.1484375 0.82421875 0.05 0.0609375
6 0.31953125 0.3796875 0.0578125 0.065625
5 0.21796875 0.90859375 0.1015625 0.0765625
6 0.11015625 0.615625 0.0734375 0.05625
6 0.371875 0.41015625 0.059375 0.0859375
6 0.6328125 0.1140625 0.05625 0.05
6 0.63203125 0.14140625 0.0578125 0.0484375
6 0.3484375 0.1828125 0.04375 0.05
6 0.4328125 0.1140625 0.0625 0.05
6 0.4703125 0.04765625 0.0625 0.0453125
