5 0.728125 0.12265625 0.15 0.2015625
5 0.69140625 0.10546875 0.1484375 0.2015625
6 0.396875 0.1390625 0.06875 0.059375
6 0.378125 0.28671875 0.059375 0.0421875
6 0.3328125 0.33984375 0.04375 0.0296875
5 0.471875 0.040625 0.084375 0.059375
6 0.03984375 0.84453125 0.0421875 0.0546875
6 0.1375 0.95625 0.0625 0.05625
6 0.25078125 0.88046875 0.0609375 0.0484375
5 0.453125 0.06484375 0.084375 0.0546875
5 0.446875 0.1015625 0.071875 0.05
5 0.58671875 0.28515625 0.0546875 0.0515625
5 0.62421875 0.2515625 0.0859375 0.0625
