6 0.40859375 0.08359375 0.0140625 0.0359375
6 0.24296875 0.08203125 0.0171875 0.0296875
6 0.2609375 0.08203125 0.0125 0.0296875
6 0.278125 0.0796875 0.0125 0.0375
6 0.29453125 0.0828125 0.0140625 0.03125
6 0.309375 0.075 0.0125 0.03125
6 0.34609375 0.08359375 0.0109375 0.0359375
6 0.37421875 0.08359375 0.0140625 0.0296875
6 0.44140625 0.08515625 0.0140625 0.0328125
6 0.18125 0.08046875 0.015625 0.0328125
6 0.45859375 0.0890625 0.0171875 0.0375
6 0.475 0.0875 0.01875 0.0375
6 0.49296875 0.0890625 0.0140625 0.034375
6 0.59296875 0.1359375 0.0359375 0.015625
6 0.67578125 0.1140625 0.0328125 0.025
6 0.59375 0.11875 0.03125 0.01875
6 0.50625 0.08984375 0.01875 0.0328125
6 0.22890625 0.08125 0.0140625 0.03125
6 0.14921875 0.07734375 0.0140625 0.0328125
6 0.53828125 0.08515625 0.0171875 0.0265625
6 0.13125 0.07578125 0.0125 0.0328125
6 0.021875 0.071875 0.015625 0.034375
6 0.053125 0.075 0.0125 0.040625
6 0.0734375 0.071875 0.0125 0.0375
6 0.521875 0.09140625 0.0125 0.0359375
6 0.55625 0.08671875 0.015625 0.0265625
6 0.5734375 0.08828125 0.015625 0.0296875
6 0.7859375 0.09921875 0.015625 0.0359375
6 0.73046875 0.0953125 0.0140625 0.034375
6 0.70859375 0.08359375 0.0140625 0.0328125
6 0.7 0.05 0.034375 0.025
6 0.73515625 0.0546875 0.0296875 0.0375
6 0.68359375 0.08125 0.0171875 0.034375
6 0.6671875 0.06875 0.0125 0.034375
6 0.82734375 0.32109375 0.0203125 0.0359375
