6 0.2625 0.4828125 0.05625 0.04375
6 0.22890625 0.52265625 0.0515625 0.0609375
6 0.19609375 0.53828125 0.0453125 0.0578125
6 0.17734375 0.55546875 0.0515625 0.0640625
6 0.14375 0.553125 0.028125 0.05625
6 0.11015625 0.54609375 0.0265625 0.0578125
6 0.03515625 0.4109375 0.0515625 0.03125
6 0.04375 0.38046875 0.0625 0.0296875
6 0.05703125 0.35625 0.0515625 0.03125
6 0.10703125 0.31171875 0.0578125 0.0296875
6 0.14375 0.3515625 0.05625 0.05
6 0.13984375 0.29453125 0.0578125 0.0265625
6 0.24609375 0.50546875 0.0515625 0.0515625
6 0.04375 0.128125 0.05 0.046875
6 0.20078125 0.25546875 0.0484375 0.0515625
