4 0.59921875 0.5546875 0.1015625 0.11875
4 0.684375 0.48359375 0.215625 0.2359375
4 0.64140625 0.60859375 0.1140625 0.1140625
4 0.58359375 0.45078125 0.1421875 0.1328125
4 0.83984375 0.34453125 0.3015625 0.3078125
4 0.56875 0.29140625 0.2875 0.2578125
4 0.2546875 0.76015625 0.2375 0.2265625
4 0.06484375 0.4984375 0.1296875 0.159375
6 0.059375 0.07265625 0.021875 0.0359375
6 0.075 0.06796875 0.01875 0.0328125
6 0.0421875 0.0796875 0.025 0.034375
6 0.28046875 0.1796875 0.0421875 0.028125
6 0.0265625 0.0796875 0.01875 0.028125
