4 0.540625 0.5390625 0.090625 0.065625
4 0.66171875 0.5609375 0.1484375 0.14375
4 0.4296875 0.553125 0.15625 0.146875
6 0.92109375 0.9203125 0.0328125 0.03125
6 0.9171875 0.9375 0.034375 0.028125
6 0.915625 0.95546875 0.034375 0.0265625
6 0.91875 0.9765625 0.03125 0.025
6 0.95 0.975 0.0375 0.028125
6 0.95 0.9546875 0.034375 0.028125
6 0.9484375 0.93828125 0.0375 0.0296875
6 0.95234375 0.92109375 0.0296875 0.0234375
6 0.94609375 0.90078125 0.0296875 0.0265625
6 0.9484375 0.8796875 0.03125 0.025
6 0.915625 0.89765625 0.03125 0.0203125
6 0.91796875 0.8796875 0.0296875 0.025
6 0.91875 0.86171875 0.025 0.0265625
6 0.83125 0.97109375 0.028125 0.0140625
6 0.8359375 0.8125 0.034375 0.015625
6 0.83125 0.9546875 0.034375 0.015625
6 0.8296875 0.9390625 0.028125 0.0125
6 0.83125 0.9234375 0.028125 0.0125
6 0.83203125 0.9078125 0.0296875 0.0125
6 0.8375 0.89140625 0.0375 0.0140625
6 0.8328125 0.85625 0.03125 0.015625
6 0.8359375 0.84375 0.025 0.0125
6 0.95546875 0.86171875 0.0359375 0.0328125
6 0.978125 0.7875 0.015625 0.03125
6 0.9453125 0.7828125 0.015625 0.034375
6 0.925 0.78046875 0.015625 0.0296875
6 0.89609375 0.78203125 0.0171875 0.0328125
6 0.621875 0.93671875 0.0375 0.0203125
