6 0.55390625 0.4578125 0.0109375 0.028125
6 0.5375 0.459375 0.0125 0.028125
6 0.52109375 0.4578125 0.0109375 0.03125
6 0.5046875 0.45546875 0.0125 0.0328125
6 0.4859375 0.46015625 0.0125 0.0328125
6 0.9703125 0.39609375 0.0125 0.0296875
6 0.953125 0.39453125 0.015625 0.0390625
6 0.9375 0.39453125 0.0125 0.0296875
6 0.91953125 0.39453125 0.0140625 0.0328125
6 0.88828125 0.39296875 0.0140625 0.0296875
6 0.87265625 0.3921875 0.0140625 0.040625
6 0.85703125 0.39140625 0.0109375 0.0296875
6 0.5734375 0.45625 0.0125 0.03125
6 0.5890625 0.459375 0.0125 0.03125
6 0.6046875 0.46328125 0.0125 0.0296875
6 0.78828125 0.46484375 0.0171875 0.0296875
6 0.9625 0.46953125 0.0125 0.0296875
6 0.9484375 0.46875 0.0125 0.034375
6 0.934375 0.46796875 0.015625 0.0296875
6 0.884375 0.465625 0.0125 0.03125
6 0.86953125 0.4671875 0.0140625 0.03125
6 0.85234375 0.465625 0.0140625 0.034375
6 0.81953125 0.46328125 0.0140625 0.0390625
6 0.7703125 0.46171875 0.0125 0.0296875
6 0.62265625 0.46015625 0.0140625 0.0328125
6 0.7421875 0.4609375 0.015625 0.028125
6 0.72265625 0.45859375 0.0140625 0.0359375
6 0.70859375 0.4609375 0.0140625 0.03125
6 0.69140625 0.46015625 0.0140625 0.0296875
6 0.67265625 0.4578125 0.0140625 0.03125
6 0.65703125 0.46015625 0.0109375 0.0328125
6 0.63828125 0.4625 0.0140625 0.03125
6 0.8390625 0.39140625 0.0125 0.0265625
6 0.8234375 0.3890625 0.0125 0.03125
6 0.80703125 0.38671875 0.0140625 0.0296875
6 0.7765625 0.3921875 0.0125 0.028125
6 0.625 0.38046875 0.0125 0.0265625
6 0.74296875 0.38671875 0.0140625 0.0296875
6 0.72734375 0.3828125 0.0109375 0.03125
6 0.7109375 0.3859375 0.0125 0.028125
6 0.69375 0.3828125 0.0125 0.03125
6 0.675 0.3890625 0.015625 0.03125
6 0.66015625 0.384375 0.0109375 0.03125
6 0.64140625 0.38984375 0.0140625 0.0296875
6 0.5921875 0.3828125 0.0125 0.028125
6 0.559375 0.3828125 0.015625 0.03125
6 0.5421875 0.38203125 0.0125 0.0296875
6 0.82578125 0.13515625 0.0359375 0.0140625
6 0.4546875 0.37578125 0.015625 0.0265625
6 0.98046875 0.46796875 0.0140625 0.0328125
6 0.90859375 0.58359375 0.0140625 0.0359375
6 0.74296875 0.58203125 0.0171875 0.0296875
6 0.7609375 0.58203125 0.0125 0.0296875
6 0.778125 0.5796875 0.0125 0.0375
6 0.79453125 0.5828125 0.0140625 0.03125
6 0.809375 0.575 0.0125 0.03125
6 0.84609375 0.58359375 0.0109375 0.0359375
6 0.87421875 0.58359375 0.0140625 0.0296875
6 0.94140625 0.58515625 0.0140625 0.0328125
6 0.68125 0.58046875 0.015625 0.0328125
6 0.95859375 0.5890625 0.0171875 0.0375
6 0.975 0.5875 0.01875 0.0375
6 0.72890625 0.58125 0.0140625 0.03125
6 0.64921875 0.57734375 0.0140625 0.0328125
6 0.47109375 0.69765625 0.0328125 0.0140625
6 0.46015625 0.8171875 0.0296875 0.015625
6 0.4671875 0.79765625 0.0375 0.0203125
6 0.46875 0.7765625 0.0375 0.021875
6 0.4703125 0.7578125 0.03125 0.01875
6 0.47109375 0.7359375 0.0390625 0.015625
6 0.47109375 0.7203125 0.0359375 0.0125
6 0.46875 0.6828125 0.0375 0.0125
6 0.63125 0.57578125 0.0125 0.0328125
6 0.47109375 0.66640625 0.0359375 0.0140625
6 0.471875 0.6140625 0.0375 0.015625
6 0.4671875 0.571875 0.015625 0.034375
6 0.5 0.575 0.0125 0.034375
6 0.521875 0.571875 0.015625 0.034375
6 0.553125 0.575 0.0125 0.040625
6 0.5734375 0.571875 0.0125 0.0375
6 0.62265625 0.49609375 0.0109375 0.0296875
6 0.78828125 0.50234375 0.0140625 0.0265625
6 0.76953125 0.4984375 0.0140625 0.03125
6 0.73984375 0.49609375 0.0171875 0.0328125
6 0.72265625 0.49765625 0.0171875 0.0296875
6 0.7046875 0.49765625 0.015625 0.0296875
6 0.65546875 0.4984375 0.0171875 0.03125
6 0.6390625 0.49921875 0.015625 0.0328125
6 0.6046875 0.4953125 0.015625 0.03125
6 0.8203125 0.5015625 0.0125 0.028125
6 0.5859375 0.4984375 0.0125 0.028125
6 0.55390625 0.4953125 0.0140625 0.03125
6 0.51953125 0.49296875 0.0140625 0.0328125
6 0.4859375 0.4953125 0.015625 0.028125
6 0.80390625 0.5015625 0.0140625 0.03125
6 0.85 0.4984375 0.0125 0.03125
6 0.8796875 0.50625 0.015625 0.03125
6 0.98125 0.503125 0.015625 0.034375
6 0.96328125 0.50625 0.0140625 0.028125
6 0.9453125 0.50625 0.015625 0.028125
6 0.915625 0.50234375 0.01875 0.0296875
6 0.57734375 0.1625 0.0265625 0.015625
6 0.21328125 0.1546875 0.0296875 0.015625
