6 0.01484375 0.3078125 0.0234375 0.03125
6 0.0265625 0.29921875 0.021875 0.0328125
6 0.04296875 0.29375 0.0203125 0.03125
6 0.05625 0.28671875 0.01875 0.0328125
6 0.07265625 0.2796875 0.0203125 0.03125
6 0.08671875 0.27734375 0.0234375 0.0390625
6 0.1046875 0.27265625 0.01875 0.0328125
6 0.11875 0.26640625 0.025 0.0296875
6 0.134375 0.259375 0.025 0.028125
6 0.14609375 0.2484375 0.0203125 0.03125
6 0.1625 0.2453125 0.01875 0.028125
6 0.17890625 0.2390625 0.0203125 0.03125
6 0.28515625 0.15859375 0.0296875 0.0203125
6 0.2046875 0.16953125 0.03125 0.0265625
6 0.190625 0.234375 0.025 0.0375
6 0.20703125 0.22890625 0.0234375 0.0328125
6 0.2203125 0.21953125 0.025 0.0328125
6 0.10078125 0.1765625 0.0203125 0.028125
6 0.0125 0.21171875 0.021875 0.0328125
6 0.0265625 0.20703125 0.021875 0.0265625
6 0.04140625 0.2015625 0.0234375 0.028125
6 0.05703125 0.196875 0.0234375 0.03125
6 0.07265625 0.1921875 0.0203125 0.03125
6 0.084375 0.18203125 0.021875 0.0265625
6 0.11328125 0.1703125 0.0171875 0.03125
6 0.14375 0.16015625 0.021875 0.0296875
6 0.1296875 0.16328125 0.025 0.0390625
6 0.0625 0.1140625 0.034375 0.021875
6 0.23515625 0.21171875 0.0234375 0.0328125
6 0.25 0.20703125 0.021875 0.0296875
6 0.26484375 0.2015625 0.0234375 0.034375
6 0.2765625 0.19609375 0.021875 0.0328125
6 0.4 0.1484375 0.025 0.034375
6 0.29453125 0.19375 0.0265625 0.034375
6 0.3125 0.1859375 0.028125 0.040625
6 0.328125 0.1828125 0.021875 0.03125
6 0.34140625 0.1765625 0.0234375 0.034375
6 0.35546875 0.16796875 0.0234375 0.0390625
6 0.36953125 0.159375 0.0234375 0.034375
6 0.38515625 0.153125 0.0234375 0.034375
6 0.42109375 0.14140625 0.0234375 0.0328125
6 0.43671875 0.1328125 0.0265625 0.034375
6 0.44453125 0.18359375 0.0390625 0.0234375
6 0.44453125 0.2046875 0.0328125 0.025
6 0.45 0.221875 0.0375 0.025
6 0.459375 0.2421875 0.034375 0.025
6 0.46484375 0.2609375 0.0359375 0.028125
6 0.65703125 0.01953125 0.0359375 0.0234375
6 0.5890625 0.02265625 0.03125 0.0296875
6 0.5484375 0.02421875 0.034375 0.0265625
6 0.5953125 0.046875 0.03125 0.025
6 0.55546875 0.046875 0.0359375 0.021875
6 0.5609375 0.0625 0.03125 0.028125
6 0.103125 0.1390625 0.021875 0.034375
6 0.0875 0.14609375 0.021875 0.0328125
6 0.071875 0.15 0.025 0.0375
6 0.059375 0.15625 0.021875 0.034375
6 0.04296875 0.1609375 0.0234375 0.034375
6 0.0296875 0.16875 0.025 0.034375
6 0.11796875 0.13046875 0.0234375 0.0390625
6 0.59921875 0.0640625 0.0359375 0.028125
6 0.615625 0.14453125 0.03125 0.0171875
6 0.56640625 0.07734375 0.0296875 0.0234375
6 0.60625 0.0875 0.028125 0.01875
6 0.57109375 0.0984375 0.0296875 0.021875
6 0.60703125 0.1046875 0.0296875 0.021875
6 0.575 0.11640625 0.03125 0.0171875
6 0.58046875 0.13125 0.0265625 0.015625
6 0.6109375 0.12421875 0.034375 0.0234375
6 0.61953125 0.1625 0.0265625 0.01875
6 0.5859375 0.14921875 0.028125 0.0203125
6 0.59296875 0.1703125 0.0296875 0.01875
6 0.59375 0.1890625 0.03125 0.01875
