6 0.05390625 0.4578125 0.0109375 0.028125
6 0.0375 0.459375 0.0125 0.028125
6 0.02109375 0.4578125 0.0109375 0.03125
6 0.5671875 0.39609375 0.015625 0.0328125
6 0.546875 0.39609375 0.015625 0.0296875
6 0.5328125 0.39453125 0.0125 0.0296875
6 0.5171875 0.39453125 0.009375 0.0328125
6 0.50078125 0.3921875 0.0109375 0.03125
6 0.4703125 0.39609375 0.0125 0.0296875
6 0.453125 0.39453125 0.015625 0.0390625
6 0.4375 0.39453125 0.0125 0.0296875
6 0.41953125 0.39453125 0.0140625 0.0328125
6 0.38828125 0.39296875 0.0140625 0.0296875
6 0.37265625 0.3921875 0.0140625 0.040625
6 0.35703125 0.39140625 0.0109375 0.0296875
6 0.0734375 0.45625 0.0125 0.03125
6 0.0890625 0.459375 0.0125 0.03125
6 0.1046875 0.46328125 0.0125 0.0296875
6 0.28828125 0.46484375 0.0171875 0.0296875
6 0.4625 0.46953125 0.0125 0.0296875
6 0.4484375 0.46875 0.0125 0.034375
6 0.434375 0.46796875 0.015625 0.0296875
6 0.384375 0.465625 0.0125 0.03125
6 0.36953125 0.4671875 0.0140625 0.03125
6 0.35234375 0.465625 0.0140625 0.034375
6 0.31953125 0.46328125 0.0140625 0.0390625
6 0.2703125 0.46171875 0.0125 0.0296875
6 0.12265625 0.46015625 0.0140625 0.0328125
6 0.2421875 0.4609375 0.015625 0.028125
6 0.22265625 0.45859375 0.0140625 0.0359375
6 0.20859375 0.4609375 0.0140625 0.03125
6 0.19140625 0.46015625 0.0140625 0.0296875
6 0.17265625 0.4578125 0.0140625 0.03125
6 0.15703125 0.46015625 0.0109375 0.0328125
6 0.13828125 0.4625 0.0140625 0.03125
6 0.3390625 0.39140625 0.0125 0.0265625
6 0.3234375 0.3890625 0.0125 0.03125
6 0.30703125 0.38671875 0.0140625 0.0296875
6 0.2765625 0.3921875 0.0125 0.028125
6 0.125 0.38046875 0.0125 0.0265625
6 0.24296875 0.38671875 0.0140625 0.0296875
6 0.22734375 0.3828125 0.0109375 0.03125
6 0.2109375 0.3859375 0.0125 0.028125
6 0.19375 0.3828125 0.0125 0.03125
6 0.175 0.3890625 0.015625 0.03125
6 0.16015625 0.384375 0.0109375 0.03125
6 0.14140625 0.38984375 0.0140625 0.0296875
6 0.0921875 0.3828125 0.0125 0.028125
6 0.059375 0.3828125 0.015625 0.03125
6 0.0421875 0.38203125 0.0125 0.0296875
6 0.621875 0.23984375 0.025 0.0328125
6 0.32578125 0.13515625 0.0359375 0.0140625
6 0.48046875 0.46796875 0.0140625 0.0328125
6 0.49765625 0.4671875 0.0140625 0.034375
6 0.5265625 0.46875 0.01875 0.03125
6 0.40859375 0.58359375 0.0140625 0.0359375
6 0.24296875 0.58203125 0.0171875 0.0296875
6 0.2609375 0.58203125 0.0125 0.0296875
6 0.278125 0.5796875 0.0125 0.0375
6 0.29453125 0.5828125 0.0140625 0.03125
6 0.309375 0.575 0.0125 0.03125
6 0.34609375 0.58359375 0.0109375 0.0359375
6 0.37421875 0.58359375 0.0140625 0.0296875
6 0.44140625 0.58515625 0.0140625 0.0328125
6 0.18125 0.58046875 0.015625 0.0328125
6 0.45859375 0.5890625 0.0171875 0.0375
6 0.475 0.5875 0.01875 0.0375
6 0.49296875 0.5890625 0.0140625 0.034375
6 0.59296875 0.6359375 0.0359375 0.015625
6 0.67578125 0.6140625 0.0328125 0.025
6 0.59375 0.61875 0.03125 0.01875
6 0.50625 0.58984375 0.01875 0.0328125
6 0.22890625 0.58125 0.0140625 0.03125
6 0.14921875 0.57734375 0.0140625 0.0328125
6 0.53828125 0.58515625 0.0171875 0.0265625
6 0.13125 0.57578125 0.0125 0.0328125
6 0.021875 0.571875 0.015625 0.034375
6 0.053125 0.575 0.0125 0.040625
6 0.0734375 0.571875 0.0125 0.0375
6 0.521875 0.59140625 0.0125 0.0359375
6 0.55625 0.58671875 0.015625 0.0265625
6 0.5453125 0.47109375 0.015625 0.0328125
6 0.12265625 0.49609375 0.0109375 0.0296875
6 0.28828125 0.50234375 0.0140625 0.0265625
6 0.26953125 0.4984375 0.0140625 0.03125
6 0.23984375 0.49609375 0.0171875 0.0328125
6 0.22265625 0.49765625 0.0171875 0.0296875
6 0.2046875 0.49765625 0.015625 0.0296875
6 0.15546875 0.4984375 0.0171875 0.03125
6 0.1390625 0.49921875 0.015625 0.0328125
6 0.1046875 0.4953125 0.015625 0.03125
6 0.3203125 0.5015625 0.0125 0.028125
6 0.0859375 0.4984375 0.0125 0.028125
6 0.05390625 0.4953125 0.0140625 0.03125
6 0.01953125 0.49296875 0.0140625 0.0328125
6 0.57734375 0.50390625 0.0171875 0.0328125
6 0.578125 0.46953125 0.015625 0.0328125
6 0.56015625 0.46796875 0.0109375 0.0296875
6 0.30390625 0.5015625 0.0140625 0.03125
6 0.35 0.4984375 0.0125 0.03125
6 0.5734375 0.58828125 0.015625 0.0296875
6 0.55859375 0.5046875 0.0140625 0.03125
6 0.7859375 0.59921875 0.015625 0.0359375
6 0.73046875 0.5953125 0.0140625 0.034375
6 0.70859375 0.58359375 0.0140625 0.0328125
6 0.7 0.55 0.034375 0.025
6 0.73515625 0.5546875 0.0296875 0.0375
6 0.765625 0.4671875 0.0125 0.034375
6 0.70390625 0.48203125 0.0296875 0.0109375
6 0.540625 0.50390625 0.015625 0.0296875
6 0.3796875 0.50625 0.015625 0.03125
6 0.5265625 0.5046875 0.0125 0.028125
6 0.5125 0.503125 0.0125 0.03125
6 0.49765625 0.5078125 0.0140625 0.034375
6 0.48125 0.503125 0.015625 0.034375
6 0.46328125 0.50625 0.0140625 0.028125
6 0.4453125 0.50625 0.015625 0.028125
6 0.415625 0.50234375 0.01875 0.0296875
6 0.68359375 0.58125 0.0171875 0.034375
6 0.6671875 0.56875 0.0125 0.034375
6 0.82734375 0.82109375 0.0203125 0.0359375
6 0.909375 0.20625 0.0375 0.015625
6 0.07734375 0.1625 0.0265625 0.015625
