6 0.4125 0.93125 0.053125 0.040625
6 0.33671875 0.8921875 0.0515625 0.040625
6 0.27421875 0.853125 0.0484375 0.040625
6 0.54296875 0.96171875 0.0609375 0.0515625
6 0.41875 0.88359375 0.05625 0.0453125
6 0.35625 0.84609375 0.05625 0.0421875
6 0.2953125 0.809375 0.05625 0.046875
6 0.5359375 0.9046875 0.05 0.04375
6 0.48359375 0.8671875 0.0578125 0.05
6 0.42421875 0.8296875 0.0546875 0.05
5 0.4765625 0.615625 0.075 0.05625
6 0.06484375 0.6734375 0.0546875 0.04375
6 0.35859375 0.79140625 0.0484375 0.0421875
6 0.303125 0.7578125 0.053125 0.040625
6 0.24140625 0.725 0.0546875 0.04375
6 0.0703125 0.61796875 0.05625 0.0453125
6 0.2203125 0.75859375 0.05625 0.0546875
5 0.26875 0.23515625 0.06875 0.0796875
