4 0.72890625 0.09375 0.1328125 0.1375
4 0.82421875 0.0921875 0.1171875 0.128125
4 0.6453125 0.140625 0.121875 0.103125
4 0.91875 0.2953125 0.075 0.065625
4 0.71015625 0.559375 0.2328125 0.23125
4 0.490625 0.546875 0.271875 0.278125
4 0.34375 0.51171875 0.134375 0.1359375
4 0.84453125 0.30546875 0.0734375 0.0578125
4 0.565625 0.0890625 0.121875 0.096875
4 0.78515625 0.31875 0.0703125 0.06875
4 0.7125 0.34140625 0.109375 0.1015625
4 0.6328125 0.34921875 0.084375 0.0765625
4 0.56171875 0.353125 0.0953125 0.090625
4 0.47109375 0.321875 0.2046875 0.178125
4 0.3859375 0.2796875 0.0875 0.08125
4 0.49453125 0.1671875 0.2109375 0.2375
