4 0.58828125 0.40859375 0.2515625 0.2359375
6 0.903125 0.153125 0.021875 0.0375
6 0.75 0.18125 0.01875 0.034375
6 0.76484375 0.15078125 0.0171875 0.0296875
6 0.790625 0.15625 0.01875 0.03125
6 0.81171875 0.15625 0.0203125 0.028125
6 0.834375 0.1546875 0.01875 0.03125
6 0.85 0.1515625 0.01875 0.0375
6 0.875 0.1421875 0.015625 0.03125
6 0.68125 0.1984375 0.025 0.03125
6 0.73125 0.1875 0.01875 0.034375
6 0.81484375 0.19296875 0.0234375 0.0390625
6 0.79765625 0.18515625 0.0171875 0.0296875
6 0.88828125 0.17265625 0.0171875 0.0265625
6 0.8734375 0.1796875 0.01875 0.034375
6 0.85703125 0.18671875 0.0171875 0.0328125
6 0.83828125 0.190625 0.0171875 0.03125
6 0.76875 0.18046875 0.01875 0.0296875
