6 0.43984375 0.153125 0.0421875 0.053125
6 0.47265625 0.0890625 0.0515625 0.059375
6 0.41640625 0.20625 0.0390625 0.053125
6 0.37421875 0.26171875 0.0453125 0.0546875
6 0.03984375 0.82578125 0.0390625 0.0546875
6 0.075 0.7640625 0.04375 0.053125
6 0.10703125 0.70234375 0.0421875 0.0515625
6 0.13828125 0.6515625 0.0453125 0.053125
6 0.1640625 0.603125 0.0375 0.046875
6 0.25078125 0.58203125 0.0359375 0.0453125
6 0.2359375 0.49140625 0.05 0.0546875
6 0.26953125 0.43828125 0.0421875 0.0546875
6 0.3046875 0.371875 0.040625 0.046875
6 0.340625 0.31875 0.04375 0.053125
6 0.91875 0.90703125 0.0625 0.0390625
6 0.8578125 0.96640625 0.06875 0.0484375
6 0.6453125 0.89609375 0.05 0.0421875
6 0.68359375 0.95625 0.0546875 0.046875
6 0.62890625 0.92421875 0.0578125 0.0484375
6 0.7046875 0.8953125 0.053125 0.040625
6 0.71875 0.8703125 0.053125 0.04375
6 0.6578125 0.865625 0.05625 0.040625
6 0.67578125 0.840625 0.0609375 0.040625
6 0.73984375 0.84140625 0.0578125 0.0453125
6 0.72734375 0.75625 0.0703125 0.046875
5 0.94375 0.87265625 0.0625 0.0515625
5 0.9546875 0.8421875 0.078125 0.053125
