6 0.90859375 0.08359375 0.0140625 0.0359375
6 0.74296875 0.08203125 0.0171875 0.0296875
6 0.7609375 0.08203125 0.0125 0.0296875
6 0.778125 0.0796875 0.0125 0.0375
6 0.79453125 0.0828125 0.0140625 0.03125
6 0.809375 0.075 0.0125 0.03125
6 0.84609375 0.08359375 0.0109375 0.0359375
6 0.87421875 0.08359375 0.0140625 0.0296875
6 0.94140625 0.08515625 0.0140625 0.0328125
6 0.68125 0.08046875 0.015625 0.0328125
6 0.95859375 0.0890625 0.0171875 0.0375
6 0.975 0.0875 0.01875 0.0375
6 0.72890625 0.08125 0.0140625 0.03125
6 0.64921875 0.07734375 0.0140625 0.0328125
6 0.47109375 0.19765625 0.0328125 0.0140625
6 0.46015625 0.3171875 0.0296875 0.015625
6 0.4671875 0.29765625 0.0375 0.0203125
6 0.46875 0.2765625 0.0375 0.021875
6 0.4703125 0.2578125 0.03125 0.01875
6 0.47109375 0.2359375 0.0390625 0.015625
6 0.47109375 0.2203125 0.0359375 0.0125
6 0.46875 0.1828125 0.0375 0.0125
6 0.63125 0.07578125 0.0125 0.0328125
6 0.47109375 0.16640625 0.0359375 0.0140625
6 0.471875 0.1140625 0.0375 0.015625
6 0.4671875 0.071875 0.015625 0.034375
6 0.5 0.075 0.0125 0.034375
6 0.521875 0.071875 0.015625 0.034375
6 0.553125 0.075 0.0125 0.040625
6 0.5734375 0.071875 0.0125 0.0375
