4 0.19921875 0.83359375 0.3046875 0.3109375
4 0.096875 0.7609375 0.11875 0.115625
4 0.1875 0.4953125 0.240625 0.225
4 0.70390625 0.55546875 0.3078125 0.2953125
4 0.42421875 0.69140625 0.1140625 0.1046875
4 0.5703125 0.41171875 0.278125 0.2703125
4 0.7015625 0.2578125 0.234375 0.271875
4 0.375 0.378125 0.38125 0.359375
4 0.3703125 0.55859375 0.21875 0.2015625
4 0.66171875 0.80234375 0.1734375 0.1609375
4 0.52265625 0.065625 0.1265625 0.103125
4 0.18125 0.22265625 0.178125 0.1546875
4 0.54609375 0.68359375 0.1828125 0.1765625
4 0.79375 0.8640625 0.171875 0.15625
4 0.89296875 0.921875 0.1296875 0.125
