6 0.5953125 0.5546875 0.053125 0.0375
6 0.5296875 0.52109375 0.05625 0.0390625
6 0.459375 0.48359375 0.059375 0.0484375
6 0.4125 0.43125 0.053125 0.040625
6 0.33671875 0.3921875 0.0515625 0.040625
6 0.27421875 0.353125 0.0484375 0.040625
6 0.54296875 0.46171875 0.0609375 0.0515625
6 0.41875 0.38359375 0.05625 0.0453125
6 0.35625 0.34609375 0.05625 0.0421875
6 0.2953125 0.309375 0.05625 0.046875
6 0.5359375 0.4046875 0.05 0.04375
6 0.48359375 0.3671875 0.0578125 0.05
6 0.42421875 0.3296875 0.0546875 0.05
5 0.4765625 0.115625 0.075 0.05625
6 0.06484375 0.1734375 0.0546875 0.04375
6 0.35859375 0.29140625 0.0484375 0.0421875
6 0.303125 0.2578125 0.053125 0.040625
6 0.24140625 0.225 0.0546875 0.04375
6 0.0703125 0.11796875 0.05625 0.0453125
6 0.2203125 0.25859375 0.05625 0.0546875
