6 0.403125 0.153125 0.021875 0.0375
6 0.25 0.18125 0.01875 0.034375
6 0.26484375 0.15078125 0.0171875 0.0296875
6 0.290625 0.15625 0.01875 0.03125
6 0.31171875 0.15625 0.0203125 0.028125
6 0.334375 0.1546875 0.01875 0.03125
6 0.35 0.1515625 0.01875 0.0375
6 0.375 0.1421875 0.015625 0.03125
6 0.18125 0.1984375 0.025 0.03125
6 0.23125 0.1875 0.01875 0.034375
6 0.31484375 0.19296875 0.0234375 0.0390625
6 0.29765625 0.18515625 0.0171875 0.0296875
6 0.38828125 0.17265625 0.0171875 0.0265625
6 0.3734375 0.1796875 0.01875 0.034375
6 0.35703125 0.18671875 0.0171875 0.0328125
6 0.33828125 0.190625 0.0171875 0.03125
6 0.26875 0.18046875 0.01875 0.0296875
5 0.9140625 0.4828125 0.0875 0.028125
6 0.846875 0.58515625 0.01875 0.0421875
6 0.91796875 0.5921875 0.0171875 0.028125
6 0.9671875 0.59453125 0.01875 0.0328125
