5 0.8109375 0.23984375 0.084375 0.0734375
5 0.59296875 0.15234375 0.0859375 0.0640625
6 0.74921875 0.2953125 0.0578125 0.05625
6 0.565625 0.5859375 0.075 0.053125
6 0.4546875 0.4671875 0.06875 0.053125
6 0.37109375 0.50625 0.0640625 0.046875
6 0.48125 0.521875 0.046875 0.065625
6 0.42578125 0.5390625 0.0578125 0.04375
6 0.39453125 0.5671875 0.0578125 0.05625
6 0.3421875 0.53671875 0.065625 0.0453125
6 0.365625 0.6265625 0.053125 0.0625
6 0.31640625 0.5953125 0.0671875 0.046875
6 0.334375 0.66875 0.059375 0.05
6 0.30390625 0.71640625 0.0578125 0.0421875
6 0.2609375 0.68359375 0.065625 0.0453125
6 0.25234375 0.72890625 0.0578125 0.0421875
6 0.3140625 0.75625 0.059375 0.05
6 0.24609375 0.75546875 0.0546875 0.0390625
6 0.6484375 0.32421875 0.05 0.0609375
6 0.42421875 0.8265625 0.0609375 0.040625
5 0.4609375 0.42265625 0.078125 0.0609375
5 0.71796875 0.40859375 0.1015625 0.0765625
5 0.44765625 0.3796875 0.0921875 0.0625
5 0.50546875 0.31171875 0.1109375 0.0734375
6 0.61015625 0.115625 0.0734375 0.05625
6 0.48671875 0.83359375 0.0515625 0.0421875
6 0.41484375 0.85390625 0.0546875 0.0421875
6 0.3578125 0.78984375 0.0375 0.0546875
6 0.32578125 0.8203125 0.0421875 0.0625
6 0.25 0.79453125 0.059375 0.0453125
6 0.20078125 0.775 0.0546875 0.04375
