5 0.665625 0.39765625 0.0875 0.0734375
5 0.1734375 0.834375 0.0625 0.05
5 0.4578125 0.7875 0.075 0.06875
5 0.2765625 0.60703125 0.065625 0.0515625
5 0.22890625 0.6796875 0.0859375 0.06875
5 0.7765625 0.24140625 0.1 0.0734375
6 0.5125 0.221875 0.0625 0.053125
6 0.80625 0.11875 0.06875 0.05
6 0.6796875 0.0328125 0.05625 0.04375
6 0.65390625 0.05 0.0546875 0.046875
6 0.65703125 0.43828125 0.0546875 0.0453125
6 0.51015625 0.3171875 0.0578125 0.05
6 0.1609375 0.778125 0.059375 0.040625
6 0.3296875 0.8453125 0.034375 0.05625
6 0.2109375 0.80625 0.05 0.040625
6 0.18203125 0.76171875 0.0484375 0.0453125
6 0.45 0.41171875 0.05625 0.0546875
6 0.3984375 0.37890625 0.059375 0.0421875
