6 0.4015625 0.915625 0.04375 0.059375
6 0.6859375 0.625 0.05 0.059375
6 0.62890625 0.83828125 0.0453125 0.0546875
6 0.6546875 0.85546875 0.046875 0.0578125
6 0.68203125 0.86640625 0.0484375 0.0578125
6 0.7078125 0.88125 0.04375 0.053125
6 0.7609375 0.9625 0.059375 0.046875
6 0.7765625 0.9375 0.05 0.0375
6 0.78671875 0.90390625 0.0515625 0.0421875
6 0.80234375 0.88125 0.0453125 0.0375
6 0.815625 0.8671875 0.05 0.040625
6 0.83515625 0.83828125 0.0546875 0.0453125
6 0.84921875 0.8078125 0.0484375 0.04375
6 0.87109375 0.78359375 0.0515625 0.0421875
6 0.88671875 0.75390625 0.0546875 0.0421875
6 0.89609375 0.7203125 0.0515625 0.040625
6 0.365625 0.89765625 0.046875 0.0546875
6 0.425 0.9375 0.04375 0.0625
6 0.62421875 0.58515625 0.0484375 0.0546875
6 0.459375 0.95703125 0.046875 0.0578125
6 0.2546875 0.43203125 0.053125 0.0390625
6 0.1390625 0.36015625 0.06875 0.0484375
6 0.33359375 0.9453125 0.0453125 0.059375
6 0.48203125 0.9734375 0.0421875 0.05
6 0.5125 0.915625 0.05 0.05625
6 0.7578125 0.72890625 0.03125 0.0515625
6 0.64765625 0.5984375 0.0453125 0.0625
5 0.28203125 0.79375 0.1453125 0.2125
6 0.95234375 0.85390625 0.0453125 0.0546875
6 0.721875 0.640625 0.046875 0.059375
6 0.91484375 0.91484375 0.0421875 0.0515625
6 0.71015625 0.809375 0.0390625 0.040625
6 0.68203125 0.7984375 0.0390625 0.05
6 0.65703125 0.7828125 0.0421875 0.05
6 0.60625 0.81328125 0.0375 0.0453125
6 0.58515625 0.8015625 0.0359375 0.04375
6 0.5546875 0.7875 0.0375 0.046875
6 0.5265625 0.7765625 0.0375 0.05
6 0.5015625 0.7578125 0.0375 0.04375
6 0.475 0.74921875 0.034375 0.0484375
6 0.63125 0.76796875 0.040625 0.0484375
6 0.60859375 0.7515625 0.0421875 0.05
6 0.58125 0.73515625 0.040625 0.0515625
6 0.5546875 0.72421875 0.0375 0.0515625
6 0.53203125 0.703125 0.0390625 0.053125
6 0.5046875 0.69140625 0.040625 0.0546875
5 0.7359375 0.51484375 0.125 0.0859375
5 0.903125 0.56875 0.078125 0.05625
5 0.4578125 0.721875 0.06875 0.096875
5 0.45859375 0.65859375 0.0484375 0.0578125
5 0.68984375 0.36640625 0.0546875 0.0765625
5 0.659375 0.35390625 0.06875 0.0734375
5 0.725 0.38359375 0.065625 0.0890625
5 0.7921875 0.421875 0.075 0.096875
5 0.7671875 0.64453125 0.06875 0.0859375
