6 0.52734375 0.3390625 0.0296875 0.028125
6 0.48984375 0.3328125 0.0265625 0.021875
6 0.55625 0.159375 0.03125 0.025
6 0.54453125 0.14375 0.0328125 0.025
6 0.45 0.21015625 0.034375 0.0296875
6 0.453125 0.2296875 0.040625 0.03125
6 0.46484375 0.25078125 0.0328125 0.0234375
6 0.48046875 0.3 0.0296875 0.01875
6 0.48671875 0.31796875 0.0328125 0.0234375
6 0.49375 0.3546875 0.034375 0.028125
6 0.590625 0.146875 0.03125 0.025
6 0.4984375 0.3703125 0.034375 0.028125
6 0.50703125 0.39296875 0.0328125 0.0328125
6 0.51328125 0.4125 0.0296875 0.028125
6 0.52109375 0.428125 0.0328125 0.025
6 0.525 0.4484375 0.028125 0.021875
6 0.54921875 0.3953125 0.0296875 0.028125
6 0.54140625 0.375 0.0328125 0.03125
6 0.59765625 0.16015625 0.0328125 0.0203125
6 0.57890625 0.1265625 0.0296875 0.025
6 0.3421875 0.134375 0.025 0.034375
6 0.0375 0.0828125 0.03125 0.040625
6 0.0515625 0.07421875 0.028125 0.0328125
6 0.40078125 0.4015625 0.0234375 0.0375
5 0.56328125 0.06328125 0.0734375 0.0453125
5 0.40234375 0.13203125 0.0390625 0.0515625
5 0.38046875 0.15234375 0.0453125 0.0671875
6 0.53203125 0.359375 0.0296875 0.028125
6 0.52265625 0.32265625 0.0296875 0.0234375
6 0.51875 0.309375 0.03125 0.021875
6 0.01484375 0.8078125 0.0234375 0.03125
6 0.0265625 0.79921875 0.021875 0.0328125
6 0.04296875 0.79375 0.0203125 0.03125
6 0.05625 0.78671875 0.01875 0.0328125
6 0.07265625 0.7796875 0.0203125 0.03125
6 0.08671875 0.77734375 0.0234375 0.0390625
6 0.1046875 0.77265625 0.01875 0.0328125
6 0.11875 0.76640625 0.025 0.0296875
6 0.134375 0.759375 0.025 0.028125
6 0.14609375 0.7484375 0.0203125 0.03125
6 0.1625 0.7453125 0.01875 0.028125
6 0.17890625 0.7390625 0.0203125 0.03125
6 0.28515625 0.65859375 0.0296875 0.0203125
6 0.2046875 0.66953125 0.03125 0.0265625
6 0.190625 0.734375 0.025 0.0375
6 0.20703125 0.72890625 0.0234375 0.0328125
6 0.2203125 0.71953125 0.025 0.0328125
6 0.10078125 0.6765625 0.0203125 0.028125
6 0.0125 0.71171875 0.021875 0.0328125
6 0.0265625 0.70703125 0.021875 0.0265625
6 0.04140625 0.7015625 0.0234375 0.028125
6 0.05703125 0.696875 0.0234375 0.03125
6 0.07265625 0.6921875 0.0203125 0.03125
6 0.084375 0.68203125 0.021875 0.0265625
6 0.11328125 0.6703125 0.0171875 0.03125
6 0.14375 0.66015625 0.021875 0.0296875
6 0.1296875 0.66328125 0.025 0.0390625
6 0.0625 0.6140625 0.034375 0.021875
6 0.23515625 0.71171875 0.0234375 0.0328125
6 0.25 0.70703125 0.021875 0.0296875
6 0.26484375 0.7015625 0.0234375 0.034375
6 0.2765625 0.69609375 0.021875 0.0328125
6 0.4 0.6484375 0.025 0.034375
6 0.29453125 0.69375 0.0265625 0.034375
6 0.3125 0.6859375 0.028125 0.040625
6 0.328125 0.6828125 0.021875 0.03125
6 0.34140625 0.6765625 0.0234375 0.034375
6 0.35546875 0.66796875 0.0234375 0.0390625
6 0.36953125 0.659375 0.0234375 0.034375
6 0.38515625 0.653125 0.0234375 0.034375
6 0.42109375 0.64140625 0.0234375 0.0328125
6 0.43671875 0.6328125 0.0265625 0.034375
6 0.44453125 0.68359375 0.0390625 0.0234375
6 0.44453125 0.7046875 0.0328125 0.025
6 0.45 0.721875 0.0375 0.025
6 0.459375 0.7421875 0.034375 0.025
6 0.46484375 0.7609375 0.0359375 0.028125
6 0.65546875 0.49921875 0.0328125 0.0203125
6 0.5578125 0.4171875 0.034375 0.021875
6 0.56171875 0.43515625 0.0359375 0.0265625
6 0.565625 0.45234375 0.028125 0.0234375
6 0.5296875 0.4640625 0.034375 0.025
6 0.64375 0.4390625 0.034375 0.01875
6 0.6484375 0.459375 0.034375 0.021875
6 0.6515625 0.47890625 0.034375 0.0203125
6 0.65703125 0.51953125 0.0359375 0.0234375
6 0.63515625 0.3828125 0.0328125 0.025
6 0.57578125 0.471875 0.0328125 0.025
6 0.5765625 0.4875 0.03125 0.021875
6 0.5828125 0.5078125 0.03125 0.021875
6 0.5890625 0.52265625 0.03125 0.0296875
6 0.540625 0.48671875 0.034375 0.0296875
6 0.54453125 0.5078125 0.0328125 0.028125
6 0.5484375 0.52421875 0.034375 0.0265625
6 0.6359375 0.40234375 0.0375 0.0234375
6 0.6296875 0.3671875 0.034375 0.021875
6 0.5953125 0.546875 0.03125 0.025
6 0.61953125 0.228125 0.0328125 0.028125
6 0.5109375 0.2921875 0.03125 0.021875
6 0.50625 0.2546875 0.034375 0.025
6 0.49375 0.234375 0.034375 0.03125
6 0.4875 0.2125 0.028125 0.021875
6 0.478125 0.19765625 0.028125 0.0234375
6 0.60390625 0.1890625 0.0328125 0.021875
6 0.61640625 0.2125 0.0296875 0.021875
6 0.56796875 0.20546875 0.0328125 0.0265625
6 0.62578125 0.34921875 0.0359375 0.0234375
6 0.58046875 0.21875 0.0296875 0.025
6 0.59140625 0.23984375 0.0328125 0.0234375
6 0.59921875 0.25625 0.0390625 0.028125
6 0.603125 0.278125 0.03125 0.025
6 0.60234375 0.29609375 0.0328125 0.0234375
6 0.615625 0.3125 0.0375 0.03125
6 0.62265625 0.32890625 0.0328125 0.0234375
6 0.55546875 0.546875 0.0359375 0.021875
6 0.5609375 0.5625 0.03125 0.028125
6 0.103125 0.6390625 0.021875 0.034375
6 0.0875 0.64609375 0.021875 0.0328125
6 0.071875 0.65 0.025 0.0375
6 0.059375 0.65625 0.021875 0.034375
6 0.04296875 0.6609375 0.0234375 0.034375
6 0.0296875 0.66875 0.025 0.034375
6 0.11796875 0.63046875 0.0234375 0.0390625
6 0.59921875 0.5640625 0.0359375 0.028125
6 0.615625 0.64453125 0.03125 0.0171875
6 0.56640625 0.57734375 0.0296875 0.0234375
6 0.60625 0.5875 0.028125 0.01875
6 0.57109375 0.5984375 0.0296875 0.021875
6 0.60703125 0.6046875 0.0296875 0.021875
6 0.575 0.61640625 0.03125 0.0171875
6 0.58046875 0.63125 0.0265625 0.015625
6 0.6109375 0.62421875 0.034375 0.0234375
6 0.61953125 0.6625 0.0265625 0.01875
6 0.5859375 0.64921875 0.028125 0.0203125
6 0.59296875 0.6703125 0.0296875 0.01875
6 0.59375 0.6890625 0.03125 0.01875
