5 0.6953125 0.35546875 0.08125 0.0453125
4 0.0890625 0.2875 0.10625 0.10625
4 0.3140625 0.87265625 0.1125 0.1421875
4 0.21953125 0.921875 0.1234375 0.1375
4 0.396875 0.83046875 0.078125 0.1265625
4 0.47578125 0.7734375 0.1015625 0.128125
4 0.3078125 0.62890625 0.1375 0.1078125
4 0.29609375 0.5578125 0.0984375 0.103125
4 0.24765625 0.678125 0.1359375 0.10625
4 0.225 0.5765625 0.115625 0.115625
4 0.1625 0.7109375 0.13125 0.13125
4 0.1203125 0.6265625 0.1375 0.13125
4 0.09765625 0.7453125 0.1046875 0.1
6 0.60859375 0.23828125 0.0328125 0.0265625
6 0.94375 0.275 0.01875 0.028125
6 0.9625 0.265625 0.021875 0.03125
6 0.97890625 0.25546875 0.0203125 0.0265625
