5 0.5953125 0.234375 0.14375 0.2
5 0.4828125 0.13359375 0.1 0.0734375
5 0.11796875 0.71484375 0.0765625 0.0546875
5 0.4625 0.59765625 0.08125 0.0609375
5 0.4578125 0.56015625 0.08125 0.0609375
5 0.50703125 0.54765625 0.0703125 0.0640625
5 0.503125 0.5078125 0.08125 0.065625
5 0.25 0.53984375 0.06875 0.0546875
5 0.2515625 0.4875 0.065625 0.059375
5 0.2890625 0.465625 0.071875 0.05
5 0.28984375 0.425 0.0859375 0.05625
5 0.32734375 0.37578125 0.0796875 0.0671875
5 0.3828125 0.2828125 0.071875 0.059375
5 0.440625 0.2484375 0.06875 0.059375
5 0.3828125 0.24453125 0.075 0.0578125
5 0.6625 0.221875 0.05625 0.05625
5 0.6890625 0.17890625 0.0625 0.0578125
5 0.46484375 0.6546875 0.0796875 0.05625
5 0.1328125 0.75625 0.075 0.059375
5 0.165625 0.6640625 0.115625 0.078125
5 0.06796875 0.83359375 0.0796875 0.0609375
5 0.56015625 0.0390625 0.0796875 0.053125
6 0.965625 0.66484375 0.05625 0.0390625
6 0.953125 0.69453125 0.05625 0.0515625
6 0.50078125 0.05625 0.0546875 0.04375
