6 0.93984375 0.153125 0.0421875 0.053125
6 0.97265625 0.0890625 0.0515625 0.059375
6 0.91640625 0.20625 0.0390625 0.053125
6 0.87421875 0.26171875 0.0453125 0.0546875
6 0.4828125 0.50859375 0.059375 0.0234375
6 0.375 0.634375 0.034375 0.04375
6 0.35859375 0.66640625 0.0484375 0.0515625
6 0.17734375 0.6859375 0.0609375 0.04375
6 0.53984375 0.82578125 0.0390625 0.0546875
6 0.575 0.7640625 0.04375 0.053125
6 0.60703125 0.70234375 0.0421875 0.0515625
6 0.63828125 0.6515625 0.0453125 0.053125
6 0.6640625 0.603125 0.0375 0.046875
6 0.41171875 0.5921875 0.0421875 0.065625
6 0.75078125 0.58203125 0.0359375 0.0453125
6 0.7359375 0.49140625 0.05 0.0546875
6 0.76953125 0.43828125 0.0421875 0.0546875
6 0.8046875 0.371875 0.040625 0.046875
6 0.840625 0.31875 0.04375 0.053125
6 0.25234375 0.853125 0.0421875 0.040625
6 0.3265625 0.74921875 0.034375 0.0453125
6 0.2515625 0.9421875 0.0375 0.05
5 0.28203125 0.81796875 0.0515625 0.0671875
5 0.30859375 0.771875 0.0421875 0.075
