6 0.4015625 0.415625 0.04375 0.059375
6 0.6859375 0.125 0.05 0.059375
6 0.62890625 0.33828125 0.0453125 0.0546875
6 0.6546875 0.35546875 0.046875 0.0578125
6 0.68203125 0.36640625 0.0484375 0.0578125
6 0.7078125 0.38125 0.04375 0.053125
6 0.7609375 0.4625 0.059375 0.046875
6 0.7765625 0.4375 0.05 0.0375
6 0.78671875 0.40390625 0.0515625 0.0421875
6 0.80234375 0.38125 0.0453125 0.0375
6 0.815625 0.3671875 0.05 0.040625
6 0.83515625 0.33828125 0.0546875 0.0453125
6 0.84921875 0.3078125 0.0484375 0.04375
6 0.87109375 0.28359375 0.0515625 0.0421875
6 0.88671875 0.25390625 0.0546875 0.0421875
6 0.89609375 0.2203125 0.0515625 0.040625
6 0.365625 0.39765625 0.046875 0.0546875
6 0.425 0.4375 0.04375 0.0625
6 0.62421875 0.08515625 0.0484375 0.0546875
6 0.459375 0.45703125 0.046875 0.0578125
6 0.5890625 0.73984375 0.053125 0.0453125
6 0.6109375 0.715625 0.05 0.04375
6 0.7640625 0.58984375 0.05 0.0484375
6 0.33359375 0.4453125 0.0453125 0.059375
6 0.5578125 0.5171875 0.046875 0.05625
6 0.5359375 0.5015625 0.04375 0.05
6 0.509375 0.4875 0.034375 0.04375
6 0.48203125 0.4734375 0.0421875 0.05
6 0.5125 0.415625 0.05 0.05625
6 0.7578125 0.22890625 0.03125 0.0515625
6 0.64765625 0.0984375 0.0453125 0.0625
5 0.28203125 0.29375 0.1453125 0.2125
6 0.95234375 0.35390625 0.0453125 0.0546875
6 0.721875 0.140625 0.046875 0.059375
6 0.91484375 0.41484375 0.0421875 0.0515625
6 0.71015625 0.309375 0.0390625 0.040625
6 0.68203125 0.2984375 0.0390625 0.05
6 0.65703125 0.2828125 0.0421875 0.05
6 0.60625 0.31328125 0.0375 0.0453125
6 0.58515625 0.3015625 0.0359375 0.04375
6 0.5546875 0.2875 0.0375 0.046875
6 0.5265625 0.2765625 0.0375 0.05
6 0.5015625 0.2578125 0.0375 0.04375
6 0.475 0.24921875 0.034375 0.0484375
6 0.63125 0.26796875 0.040625 0.0484375
6 0.60859375 0.2515625 0.0421875 0.05
6 0.58125 0.23515625 0.040625 0.0515625
6 0.5546875 0.22421875 0.0375 0.0515625
6 0.53203125 0.203125 0.0390625 0.053125
6 0.5046875 0.19140625 0.040625 0.0546875
5 0.903125 0.06875 0.078125 0.05625
5 0.40859375 0.6203125 0.0765625 0.065625
5 0.39296875 0.51484375 0.0796875 0.1015625
5 0.4578125 0.221875 0.06875 0.096875
5 0.45859375 0.15859375 0.0484375 0.0578125
5 0.7671875 0.14453125 0.06875 0.0859375
6 0.90703125 0.83046875 0.0578125 0.0546875
