6 0.82265625 0.2390625 0.0671875 0.046875
6 0.79296875 0.29375 0.0671875 0.0625
6 0.93984375 0.29296875 0.0546875 0.0390625
6 0.95625 0.2703125 0.05625 0.040625
6 0.83828125 0.21328125 0.0578125 0.0390625
6 0.85 0.18359375 0.059375 0.0390625
6 0.86640625 0.1609375 0.0546875 0.04375
6 0.8796875 0.1421875 0.05625 0.053125
6 0.8953125 0.115625 0.059375 0.04375
6 0.909375 0.09140625 0.05625 0.0390625
6 0.9234375 0.06953125 0.059375 0.0484375
6 0.9359375 0.0453125 0.05625 0.04375
6 0.95703125 0.03046875 0.0609375 0.0484375
6 0.971875 0.2515625 0.05 0.040625
6 0.81171875 0.2609375 0.0609375 0.046875
5 0.46328125 0.8890625 0.0578125 0.0625
5 0.3921875 0.85390625 0.059375 0.0546875
5 0.3609375 0.825 0.05625 0.053125
5 0.32421875 0.8109375 0.0546875 0.05625
5 0.28828125 0.784375 0.0703125 0.059375
