6 0.9546875 0.4671875 0.06875 0.053125
6 0.87109375 0.50625 0.0640625 0.046875
6 0.92578125 0.5390625 0.0578125 0.04375
6 0.89453125 0.5671875 0.0578125 0.05625
6 0.8421875 0.53671875 0.065625 0.0453125
6 0.865625 0.6265625 0.053125 0.0625
6 0.81640625 0.5953125 0.0671875 0.046875
6 0.834375 0.66875 0.059375 0.05
6 0.80390625 0.71640625 0.0578125 0.0421875
6 0.7609375 0.68359375 0.065625 0.0453125
6 0.75234375 0.72890625 0.0578125 0.0421875
6 0.8140625 0.75625 0.059375 0.05
6 0.74609375 0.75546875 0.0546875 0.0390625
6 0.92421875 0.8265625 0.0609375 0.040625
5 0.94765625 0.3796875 0.0921875 0.0625
6 0.91484375 0.85390625 0.0546875 0.0421875
6 0.8578125 0.78984375 0.0375 0.0546875
6 0.82578125 0.8203125 0.0421875 0.0625
6 0.75 0.79453125 0.059375 0.0453125
6 0.70078125 0.775 0.0546875 0.04375
6 0.296875 0.46171875 0.046875 0.0578125
