4 0.7453125 0.8171875 0.09375 0.1
4 0.8140625 0.37265625 0.1125 0.1421875
4 0.39765625 0.58125 0.1359375 0.16875
4 0.52109375 0.51640625 0.1328125 0.1515625
4 0.80546875 0.521875 0.1140625 0.1125
4 0.5703125 0.634375 0.05625 0.0625
4 0.7109375 0.55859375 0.11875 0.1171875
4 0.71953125 0.421875 0.1234375 0.1375
4 0.896875 0.33046875 0.078125 0.1265625
4 0.22890625 0.59375 0.1328125 0.1375
4 0.8078125 0.12890625 0.1375 0.1078125
4 0.79609375 0.0578125 0.0984375 0.103125
4 0.74765625 0.178125 0.1359375 0.10625
4 0.725 0.0765625 0.115625 0.115625
4 0.6625 0.2109375 0.13125 0.13125
4 0.6203125 0.1265625 0.1375 0.13125
4 0.32421875 0.5921875 0.1171875 0.128125
4 0.1453125 0.640625 0.121875 0.103125
4 0.5265625 0.16875 0.15625 0.171875
4 0.41875 0.7953125 0.075 0.065625
4 0.69296875 0.86171875 0.0890625 0.0953125
4 0.6421875 0.91640625 0.159375 0.1546875
4 0.34453125 0.80546875 0.0734375 0.0578125
4 0.065625 0.5890625 0.121875 0.096875
4 0.28515625 0.81875 0.0703125 0.06875
4 0.2125 0.84140625 0.109375 0.1015625
4 0.1328125 0.84921875 0.084375 0.0765625
4 0.06171875 0.853125 0.0953125 0.090625
4 0.59765625 0.2453125 0.1046875 0.1
4 0.5234375 0.278125 0.1125 0.109375
4 0.4546875 0.31171875 0.109375 0.1078125
4 0.1203125 0.35234375 0.096875 0.0671875
4 0.4171875 0.2265625 0.10625 0.1
4 0.33125 0.36640625 0.103125 0.1078125
4 0.27578125 0.39296875 0.1140625 0.1109375
4 0.19375 0.40390625 0.134375 0.1421875
4 0.31796875 0.28125 0.0984375 0.1
4 0.25390625 0.30859375 0.0703125 0.0984375
4 0.19609375 0.3140625 0.0859375 0.10625
