5 0.6953125 0.85546875 0.08125 0.0453125
4 0.11640625 0.46953125 0.0828125 0.0859375
4 0.0890625 0.7875 0.10625 0.10625
4 0.215625 0.484375 0.075 0.090625
4 0.28125 0.4984375 0.08125 0.103125
4 0.0859375 0.36484375 0.084375 0.0859375
4 0.1796875 0.09140625 0.175 0.1734375
4 0.14921875 0.35390625 0.0890625 0.0984375
4 0.2078125 0.34375 0.071875 0.109375
4 0.284375 0.334375 0.109375 0.134375
6 0.60859375 0.73828125 0.0328125 0.0265625
6 0.94375 0.775 0.01875 0.028125
6 0.9625 0.765625 0.021875 0.03125
6 0.97890625 0.75546875 0.0203125 0.0265625
