4 0.8828125 0.42109375 0.084375 0.0578125
4 0.896875 0.3390625 0.13125 0.125
4 0.88125 0.16875 0.075 0.10625
4 0.7953125 0.165625 0.115625 0.14375
4 0.6625 0.17734375 0.125 0.1421875
4 0.54140625 0.184375 0.1359375 0.15
4 0.453125 0.171875 0.11875 0.121875
4 0.3578125 0.18046875 0.1 0.1109375
4 0.6203125 0.85234375 0.096875 0.0671875
4 0.9171875 0.7265625 0.10625 0.1
4 0.83125 0.86640625 0.103125 0.1078125
4 0.77578125 0.89296875 0.1140625 0.1109375
4 0.69375 0.90390625 0.134375 0.1421875
4 0.81796875 0.78125 0.0984375 0.1
4 0.75390625 0.80859375 0.0703125 0.0984375
4 0.69609375 0.8140625 0.0859375 0.10625
4 0.4234375 0.696875 0.28125 0.278125
4 0.3390625 0.403125 0.515625 0.503125
