5 0.69921875 0.6953125 0.0640625 0.053125
5 0.67109375 0.728125 0.0953125 0.05625
5 0.65078125 0.76875 0.0734375 0.05625
5 0.63125 0.79375 0.090625 0.071875
5 0.5921875 0.85234375 0.084375 0.0671875
6 0.54375 0.871875 0.065625 0.046875
5 0.209375 0.34296875 0.040625 0.0484375
5 0.37265625 0.190625 0.0671875 0.0875
6 0.95703125 0.7015625 0.0609375 0.05
6 0.96015625 0.2734375 0.0609375 0.053125
5 0.540625 0.95234375 0.0875 0.0609375
5 0.8671875 0.36875 0.078125 0.05625
5 0.75625 0.60234375 0.075 0.0640625
5 0.79453125 0.95234375 0.1078125 0.0828125
5 0.83984375 0.8921875 0.0734375 0.05625
5 0.86953125 0.8265625 0.0796875 0.0625
5 0.91953125 0.77890625 0.0796875 0.0578125
