5 0.1953125 0.85546875 0.08125 0.0453125
4 0.540625 0.0390625 0.090625 0.065625
6 0.92109375 0.4203125 0.0328125 0.03125
6 0.9171875 0.4375 0.034375 0.028125
6 0.915625 0.45546875 0.034375 0.0265625
6 0.91875 0.4765625 0.03125 0.025
6 0.9140625 0.4921875 0.03125 0.028125
6 0.9140625 0.5140625 0.03125 0.021875
6 0.909375 0.52890625 0.03125 0.0265625
6 0.91640625 0.55 0.0296875 0.021875
6 0.946875 0.5328125 0.03125 0.028125
6 0.9453125 0.5109375 0.03125 0.021875
6 0.95 0.49609375 0.034375 0.0265625
6 0.95 0.475 0.0375 0.028125
6 0.95 0.4546875 0.034375 0.028125
6 0.9484375 0.43828125 0.0375 0.0296875
6 0.95234375 0.42109375 0.0296875 0.0234375
6 0.94609375 0.40078125 0.0296875 0.0265625
6 0.9484375 0.3796875 0.03125 0.025
6 0.915625 0.39765625 0.03125 0.0203125
6 0.91796875 0.3796875 0.0296875 0.025
6 0.91875 0.36171875 0.025 0.0265625
6 0.83359375 0.5046875 0.0359375 0.0125
6 0.91484375 0.71953125 0.0328125 0.0203125
6 0.82578125 0.60234375 0.0296875 0.0171875
6 0.8265625 0.584375 0.03125 0.0125
6 0.8265625 0.56875 0.03125 0.0125
6 0.83125 0.55234375 0.034375 0.0140625
6 0.83359375 0.53671875 0.0328125 0.0140625
6 0.8359375 0.52109375 0.034375 0.0109375
6 0.83125 0.47109375 0.028125 0.0140625
6 0.8359375 0.3125 0.034375 0.015625
6 0.83125 0.4546875 0.034375 0.015625
6 0.8296875 0.4390625 0.028125 0.0125
6 0.83125 0.4234375 0.028125 0.0125
6 0.83203125 0.4078125 0.0296875 0.0125
6 0.8375 0.39140625 0.0375 0.0140625
6 0.8328125 0.35625 0.03125 0.015625
6 0.8359375 0.34375 0.025 0.0125
6 0.95546875 0.36171875 0.0359375 0.0328125
6 0.9234375 0.646875 0.025 0.0375
6 0.978125 0.2875 0.015625 0.03125
6 0.9453125 0.2828125 0.015625 0.034375
6 0.925 0.28046875 0.015625 0.0296875
6 0.89609375 0.28203125 0.0171875 0.0328125
6 0.89296875 0.6625 0.0296875 0.034375
6 0.9078125 0.65 0.028125 0.034375
6 0.93828125 0.6375 0.0234375 0.034375
6 0.9515625 0.63046875 0.028125 0.0359375
6 0.98046875 0.6125 0.0265625 0.0375
6 0.49453125 0.78515625 0.0234375 0.0296875
6 0.621875 0.43671875 0.0375 0.0203125
6 0.10859375 0.73828125 0.0328125 0.0265625
6 0.44375 0.775 0.01875 0.028125
6 0.4625 0.765625 0.021875 0.03125
6 0.47890625 0.75546875 0.0203125 0.0265625
6 0.51484375 0.7734375 0.0296875 0.028125
6 0.49375 0.74375 0.021875 0.03125
6 0.51484375 0.7421875 0.0203125 0.028125
6 0.53203125 0.734375 0.0234375 0.03125
6 0.5421875 0.71953125 0.021875 0.0296875
6 0.5703125 0.71328125 0.025 0.0296875
