6 0.35546875 0.39921875 0.0359375 0.0578125
6 0.3265625 0.34296875 0.03125 0.0453125
6 0.29296875 0.33203125 0.0328125 0.0515625
6 0.26875 0.3203125 0.0375 0.059375
6 0.21640625 0.2453125 0.0453125 0.04375
6 0.23671875 0.2625 0.0484375 0.05
6 0.24765625 0.28828125 0.0453125 0.0515625
6 0.33359375 0.215625 0.0359375 0.046875
6 0.22421875 0.209375 0.0421875 0.040625
6 0.20703125 0.13125 0.0484375 0.04375
6 0.1953125 0.11484375 0.05625 0.0390625
6 0.3578125 0.17734375 0.05 0.0390625
6 0.35078125 0.14609375 0.0671875 0.0421875
6 0.3265625 0.13046875 0.05625 0.0421875
6 0.36171875 0.3390625 0.0296875 0.05625
6 0.74375 0.36640625 0.059375 0.0421875
5 0.7828125 0.784375 0.053125 0.065625
5 0.678125 0.790625 0.05625 0.075
5 0.16953125 0.434375 0.0921875 0.059375
5 0.21796875 0.175 0.0671875 0.053125
5 0.15859375 0.05625 0.0796875 0.05
