5 0.8109375 0.73984375 0.084375 0.0734375
5 0.59296875 0.65234375 0.0859375 0.0640625
6 0.74921875 0.7953125 0.0578125 0.05625
6 0.4546875 0.9671875 0.06875 0.053125
6 0.6484375 0.82421875 0.05 0.0609375
6 0.81953125 0.3796875 0.0578125 0.065625
5 0.4609375 0.92265625 0.078125 0.0609375
5 0.71796875 0.90859375 0.1015625 0.0765625
5 0.44765625 0.8796875 0.0921875 0.0625
5 0.50546875 0.81171875 0.1109375 0.0734375
6 0.61015625 0.615625 0.0734375 0.05625
6 0.871875 0.41015625 0.059375 0.0859375
6 0.8484375 0.1828125 0.04375 0.05
6 0.9328125 0.1140625 0.0625 0.05
