6 0.475 0.21328125 0.015625 0.0296875
6 0.44453125 0.26015625 0.0328125 0.0140625
6 0.4765625 0.2625 0.028125 0.015625
6 0.53125 0.27734375 0.028125 0.0140625
6 0.346875 0.33203125 0.028125 0.0171875
6 0.34921875 0.3046875 0.0296875 0.0125
6 0.35234375 0.27421875 0.0296875 0.0140625
6 0.35 0.29140625 0.028125 0.0171875
6 0.3875 0.26484375 0.034375 0.0140625
6 0.38359375 0.2828125 0.0296875 0.0125
6 0.3828125 0.296875 0.03125 0.0125
6 0.403125 0.31796875 0.015625 0.0265625
6 0.38046875 0.31484375 0.0328125 0.0234375
6 0.334375 0.209375 0.0375 0.015625
6 0.36015625 0.11796875 0.0328125 0.0171875
6 0.5296875 0.2921875 0.03125 0.0125
6 0.728125 0.134375 0.0375 0.015625
6 0.88984375 0.2859375 0.0234375 0.0375
6 0.62734375 0.12109375 0.0328125 0.0140625
6 0.51328125 0.32578125 0.0296875 0.0140625
6 0.42421875 0.3125 0.0140625 0.028125
6 0.4390625 0.31796875 0.01875 0.0296875
6 0.4546875 0.31328125 0.01875 0.0296875
6 0.475 0.30859375 0.028125 0.0109375
6 0.46484375 0.29140625 0.0328125 0.0140625
6 0.5 0.28984375 0.028125 0.0140625
