4 0.12421875 0.896875 0.0828125 0.090625
4 0.2578125 0.8828125 0.134375 0.13125
4 0.2953125 0.94921875 0.08125 0.0765625
4 0.4375 0.8703125 0.09375 0.1125
4 0.5109375 0.87109375 0.090625 0.1046875
4 0.5859375 0.86484375 0.084375 0.0859375
4 0.6796875 0.59140625 0.175 0.1734375
4 0.53828125 0.5984375 0.1984375 0.19375
4 0.41640625 0.6046875 0.2015625 0.2125
4 0.30078125 0.6453125 0.1671875 0.15625
4 0.64921875 0.85390625 0.0890625 0.0984375
4 0.7078125 0.84375 0.071875 0.109375
4 0.784375 0.834375 0.109375 0.134375
