6 0.43984375 0.653125 0.0421875 0.053125
6 0.47265625 0.5890625 0.0515625 0.059375
6 0.5296875 0.5046875 0.046875 0.053125
6 0.5625 0.45 0.05625 0.065625
6 0.63359375 0.3296875 0.0515625 0.059375
6 0.66015625 0.27734375 0.0453125 0.0546875
6 0.6953125 0.21953125 0.05 0.0578125
6 0.81796875 0.1296875 0.0546875 0.0625
6 0.79140625 0.11015625 0.0453125 0.0578125
6 0.7609375 0.109375 0.046875 0.0625
6 0.41640625 0.70625 0.0390625 0.053125
6 0.37421875 0.76171875 0.0453125 0.0546875
6 0.26953125 0.93828125 0.0421875 0.0546875
6 0.3046875 0.871875 0.040625 0.046875
6 0.340625 0.81875 0.04375 0.053125
6 0.47421875 0.02890625 0.0453125 0.0546875
5 0.66796875 0.1296875 0.0578125 0.075
