4 0.465625 0.79453125 0.384375 0.4078125
4 0.7453125 0.3171875 0.09375 0.1
4 0.5703125 0.134375 0.05625 0.0625
4 0.7109375 0.05859375 0.11875 0.1171875
4 0.22890625 0.09375 0.1328125 0.1375
4 0.32421875 0.0921875 0.1171875 0.128125
4 0.1453125 0.140625 0.121875 0.103125
4 0.41875 0.2953125 0.075 0.065625
4 0.69296875 0.36171875 0.0890625 0.0953125
4 0.6421875 0.41640625 0.159375 0.1546875
4 0.52421875 0.45390625 0.2078125 0.2234375
4 0.3984375 0.5140625 0.23125 0.21875
4 0.21015625 0.559375 0.2328125 0.23125
4 0.34453125 0.30546875 0.0734375 0.0578125
4 0.065625 0.0890625 0.121875 0.096875
4 0.28515625 0.31875 0.0703125 0.06875
4 0.2125 0.34140625 0.109375 0.1015625
4 0.1328125 0.34921875 0.084375 0.0765625
4 0.06171875 0.353125 0.0953125 0.090625
