4 0.2453125 0.8171875 0.09375 0.1
4 0.3140625 0.37265625 0.1125 0.1421875
4 0.47109375 0.45546875 0.1140625 0.1109375
4 0.30546875 0.521875 0.1140625 0.1125
4 0.0703125 0.634375 0.05625 0.0625
4 0.2109375 0.55859375 0.11875 0.1171875
4 0.21953125 0.421875 0.1234375 0.1375
4 0.396875 0.33046875 0.078125 0.1265625
4 0.47578125 0.2734375 0.1015625 0.128125
4 0.3078125 0.12890625 0.1375 0.1078125
4 0.29609375 0.0578125 0.0984375 0.103125
4 0.24765625 0.178125 0.1359375 0.10625
4 0.225 0.0765625 0.115625 0.115625
4 0.1625 0.2109375 0.13125 0.13125
4 0.1203125 0.1265625 0.1375 0.13125
4 0.19296875 0.86171875 0.0890625 0.0953125
4 0.1421875 0.91640625 0.159375 0.1546875
4 0.09765625 0.2453125 0.1046875 0.1
