6 0.87890625 0.13046875 0.0609375 0.0578125
6 0.87421875 0.30625 0.0421875 0.059375
6 0.734375 0.334375 0.071875 0.046875
6 0.5078125 0.70703125 0.059375 0.0421875
6 0.77265625 0.66953125 0.0546875 0.0453125
6 0.746875 0.71953125 0.0625 0.0453125
6 0.728125 0.753125 0.0625 0.05
5 0.67109375 0.3859375 0.0671875 0.053125
5 0.73984375 0.28671875 0.0890625 0.0609375
5 0.640625 0.46640625 0.078125 0.0640625
5 0.60546875 0.509375 0.0703125 0.059375
6 0.7953125 0.25234375 0.059375 0.0515625
6 0.91328125 0.04765625 0.0578125 0.0421875
6 0.85859375 0.15703125 0.0546875 0.0484375
6 0.8078125 0.22109375 0.0625 0.0421875
6 0.76484375 0.1625 0.0578125 0.053125
5 0.378125 0.84140625 0.071875 0.0453125
5 0.5984375 0.66953125 0.0625 0.0796875
5 0.471875 0.88671875 0.06875 0.0921875
5 0.11328125 0.9453125 0.0859375 0.03125
