6 0.09296875 0.1359375 0.0359375 0.015625
6 0.17578125 0.1140625 0.0328125 0.025
6 0.09375 0.11875 0.03125 0.01875
6 0.03828125 0.08515625 0.0171875 0.0265625
6 0.021875 0.09140625 0.0125 0.0359375
6 0.05625 0.08671875 0.015625 0.0265625
6 0.0734375 0.08828125 0.015625 0.0296875
6 0.2859375 0.09921875 0.015625 0.0359375
6 0.23046875 0.0953125 0.0140625 0.034375
6 0.20859375 0.08359375 0.0140625 0.0328125
6 0.2 0.05 0.034375 0.025
6 0.23515625 0.0546875 0.0296875 0.0375
5 0.93671875 0.50234375 0.0203125 0.0328125
5 0.9171875 0.50546875 0.015625 0.0328125
5 0.83984375 0.49921875 0.0203125 0.0359375
5 0.81484375 0.5015625 0.0171875 0.03125
5 0.79140625 0.503125 0.0171875 0.034375
6 0.7953125 0.33046875 0.015625 0.0484375
6 0.18359375 0.08125 0.0171875 0.034375
6 0.1671875 0.06875 0.0125 0.034375
5 0.6953125 0.3359375 0.021875 0.1125
6 0.32734375 0.32109375 0.0203125 0.0359375
