6 0.840625 0.51796875 0.028125 0.0171875
6 0.646875 0.81640625 0.03125 0.0140625
6 0.6125 0.87109375 0.025 0.0234375
6 0.6078125 0.7015625 0.034375 0.015625
6 0.6390625 0.596875 0.03125 0.015625
6 0.57421875 0.65 0.0171875 0.03125
6 0.50625 0.74609375 0.015625 0.0390625
6 0.4078125 0.58828125 0.034375 0.0140625
6 0.678125 0.70625 0.028125 0.01875
6 0.6484375 0.70390625 0.028125 0.0140625
6 0.70859375 0.709375 0.0328125 0.015625
6 0.74375 0.70703125 0.0375 0.0140625
6 0.97421875 0.634375 0.0453125 0.021875
