6 0.32265625 0.2390625 0.0671875 0.046875
6 0.7625 0.4828125 0.05625 0.04375
6 0.72890625 0.52265625 0.0515625 0.0609375
6 0.69609375 0.53828125 0.0453125 0.0578125
6 0.67734375 0.55546875 0.0515625 0.0640625
6 0.64375 0.553125 0.028125 0.05625
6 0.61015625 0.54609375 0.0265625 0.0578125
6 0.53515625 0.4109375 0.0515625 0.03125
6 0.54375 0.38046875 0.0625 0.0296875
6 0.55703125 0.35625 0.0515625 0.03125
6 0.60703125 0.31171875 0.0578125 0.0296875
6 0.64375 0.3515625 0.05625 0.05
6 0.63984375 0.29453125 0.0578125 0.0265625
6 0.74609375 0.50546875 0.0515625 0.0515625
6 0.54375 0.128125 0.05 0.046875
6 0.51796875 0.17578125 0.0546875 0.0453125
6 0.29296875 0.29375 0.0671875 0.0625
6 0.43984375 0.29296875 0.0546875 0.0390625
6 0.45625 0.2703125 0.05625 0.040625
6 0.33828125 0.21328125 0.0578125 0.0390625
6 0.35 0.18359375 0.059375 0.0390625
6 0.36640625 0.1609375 0.0546875 0.04375
6 0.3796875 0.1421875 0.05625 0.053125
6 0.3953125 0.115625 0.059375 0.04375
6 0.409375 0.09140625 0.05625 0.0390625
6 0.4234375 0.06953125 0.059375 0.0484375
6 0.4359375 0.0453125 0.05625 0.04375
6 0.45703125 0.03046875 0.0609375 0.0484375
6 0.471875 0.2515625 0.05 0.040625
6 0.48359375 0.22890625 0.0484375 0.0390625
6 0.49609375 0.2015625 0.0578125 0.04375
6 0.31171875 0.2609375 0.0609375 0.046875
6 0.70078125 0.25546875 0.0484375 0.0515625
