6 0.565625 0.0859375 0.075 0.053125
6 0.42578125 0.0390625 0.0578125 0.04375
6 0.39453125 0.0671875 0.0578125 0.05625
6 0.3421875 0.03671875 0.065625 0.0453125
6 0.365625 0.1265625 0.053125 0.0625
6 0.31640625 0.0953125 0.0671875 0.046875
6 0.334375 0.16875 0.059375 0.05
6 0.30390625 0.21640625 0.0578125 0.0421875
6 0.2609375 0.18359375 0.065625 0.0453125
6 0.25234375 0.22890625 0.0578125 0.0421875
6 0.3140625 0.25625 0.059375 0.05
6 0.24609375 0.25546875 0.0546875 0.0390625
6 0.42421875 0.3265625 0.0609375 0.040625
6 0.48671875 0.33359375 0.0515625 0.0421875
6 0.41484375 0.35390625 0.0546875 0.0421875
5 0.16640625 0.58125 0.0640625 0.053125
5 0.36015625 0.69453125 0.0703125 0.0421875
6 0.3578125 0.28984375 0.0375 0.0546875
6 0.32578125 0.3203125 0.0421875 0.0625
6 0.25 0.29453125 0.059375 0.0453125
6 0.20078125 0.275 0.0546875 0.04375
6 0.56484375 0.96484375 0.0515625 0.0484375
6 0.4484375 0.9 0.053125 0.04375
6 0.50625 0.93125 0.05 0.046875
6 0.25234375 0.7703125 0.0640625 0.05625
6 0.0359375 0.64296875 0.065625 0.0421875
