5 0.1953125 0.35546875 0.08125 0.0453125
6 0.9140625 0.0140625 0.03125 0.021875
6 0.909375 0.02890625 0.03125 0.0265625
6 0.91640625 0.05 0.0296875 0.021875
6 0.946875 0.0328125 0.03125 0.028125
6 0.9453125 0.0109375 0.03125 0.021875
6 0.91484375 0.21953125 0.0328125 0.0203125
6 0.82578125 0.10234375 0.0296875 0.0171875
6 0.8265625 0.084375 0.03125 0.0125
6 0.8265625 0.06875 0.03125 0.0125
6 0.83125 0.05234375 0.034375 0.0140625
6 0.83359375 0.03671875 0.0328125 0.0140625
6 0.8359375 0.02109375 0.034375 0.0109375
6 0.9234375 0.146875 0.025 0.0375
6 0.89296875 0.1625 0.0296875 0.034375
6 0.9078125 0.15 0.028125 0.034375
6 0.93828125 0.1375 0.0234375 0.034375
6 0.9515625 0.13046875 0.028125 0.0359375
6 0.98046875 0.1125 0.0265625 0.0375
6 0.49453125 0.28515625 0.0234375 0.0296875
6 0.10859375 0.23828125 0.0328125 0.0265625
6 0.44375 0.275 0.01875 0.028125
6 0.4625 0.265625 0.021875 0.03125
6 0.47890625 0.25546875 0.0203125 0.0265625
6 0.51484375 0.2734375 0.0296875 0.028125
6 0.49375 0.24375 0.021875 0.03125
6 0.51484375 0.2421875 0.0203125 0.028125
6 0.53203125 0.234375 0.0234375 0.03125
6 0.5421875 0.21953125 0.021875 0.0296875
6 0.5703125 0.21328125 0.025 0.0296875
6 0.984375 0.81796875 0.021875 0.0328125
6 0.971875 0.83125 0.028125 0.034375
6 0.95546875 0.83515625 0.0203125 0.0328125
6 0.89140625 0.853125 0.0265625 0.034375
6 0.909375 0.85 0.021875 0.03125
6 0.92421875 0.84296875 0.0234375 0.0359375
6 0.940625 0.8359375 0.021875 0.040625
6 0.98125 0.71953125 0.021875 0.0328125
6 0.9671875 0.728125 0.021875 0.03125
6 0.9546875 0.7375 0.025 0.034375
6 0.9375 0.7453125 0.01875 0.034375
6 0.9828125 0.68359375 0.028125 0.0328125
6 0.9046875 0.62109375 0.025 0.0359375
6 0.96640625 0.6875 0.0234375 0.03125
6 0.9515625 0.69609375 0.028125 0.0328125
6 0.9390625 0.70390625 0.025 0.0359375
6 0.9265625 0.7140625 0.021875 0.03125
6 0.90859375 0.7171875 0.0296875 0.0375
6 0.90390625 0.75703125 0.0234375 0.0328125
6 0.92421875 0.7515625 0.0234375 0.03125
6 0.8671875 0.65 0.03125 0.0375
6 0.8109375 0.728125 0.03125 0.0125
6 0.80625 0.79375 0.03125 0.0125
6 0.8046875 0.77734375 0.03125 0.0140625
6 0.80546875 0.76171875 0.0328125 0.0140625
6 0.80859375 0.74375 0.0296875 0.015625
