6 0.52734375 0.8390625 0.0296875 0.028125
6 0.02734375 0.4203125 0.0296875 0.03125
6 0.02265625 0.38203125 0.0296875 0.0296875
6 0.48984375 0.8328125 0.0265625 0.021875
6 0.55625 0.659375 0.03125 0.025
6 0.54453125 0.64375 0.0328125 0.025
6 0.45 0.71015625 0.034375 0.0296875
6 0.453125 0.7296875 0.040625 0.03125
6 0.46484375 0.75078125 0.0328125 0.0234375
6 0.48046875 0.8 0.0296875 0.01875
6 0.48671875 0.81796875 0.0328125 0.0234375
6 0.49375 0.8546875 0.034375 0.028125
6 0.590625 0.646875 0.03125 0.025
6 0.4984375 0.8703125 0.034375 0.028125
6 0.50703125 0.89296875 0.0328125 0.0328125
6 0.51328125 0.9125 0.0296875 0.028125
6 0.52109375 0.928125 0.0328125 0.025
6 0.525 0.9484375 0.028125 0.021875
6 0.54921875 0.8953125 0.0296875 0.028125
6 0.54140625 0.875 0.0328125 0.03125
6 0.59765625 0.66015625 0.0328125 0.0203125
6 0.57890625 0.6265625 0.0296875 0.025
6 0.02109375 0.36484375 0.0296875 0.0328125
6 0.3421875 0.634375 0.025 0.034375
6 0.0375 0.5828125 0.03125 0.040625
6 0.0515625 0.57421875 0.028125 0.0328125
6 0.40078125 0.9015625 0.0234375 0.0375
5 0.51875 0.3921875 0.04375 0.03125
5 0.52734375 0.41796875 0.0421875 0.0328125
5 0.56328125 0.56328125 0.0734375 0.0453125
5 0.40234375 0.63203125 0.0390625 0.0515625
5 0.36640625 0.440625 0.0609375 0.03125
5 0.38046875 0.65234375 0.0453125 0.0671875
6 0.53203125 0.859375 0.0296875 0.028125
6 0.52265625 0.82265625 0.0296875 0.0234375
6 0.51875 0.809375 0.03125 0.021875
6 0.5578125 0.9171875 0.034375 0.021875
6 0.56171875 0.93515625 0.0359375 0.0265625
6 0.565625 0.95234375 0.028125 0.0234375
6 0.5296875 0.9640625 0.034375 0.025
6 0.64375 0.9390625 0.034375 0.01875
6 0.6484375 0.959375 0.034375 0.021875
6 0.6515625 0.97890625 0.034375 0.0203125
6 0.63515625 0.8828125 0.0328125 0.025
6 0.57578125 0.971875 0.0328125 0.025
6 0.5765625 0.9875 0.03125 0.021875
6 0.6359375 0.90234375 0.0375 0.0234375
6 0.6296875 0.8671875 0.034375 0.021875
6 0.61953125 0.728125 0.0328125 0.028125
6 0.5109375 0.7921875 0.03125 0.021875
6 0.50625 0.7546875 0.034375 0.025
6 0.49375 0.734375 0.034375 0.03125
6 0.4875 0.7125 0.028125 0.021875
6 0.478125 0.69765625 0.028125 0.0234375
6 0.60390625 0.6890625 0.0328125 0.021875
6 0.61640625 0.7125 0.0296875 0.021875
6 0.56796875 0.70546875 0.0328125 0.0265625
6 0.62578125 0.84921875 0.0359375 0.0234375
6 0.58046875 0.71875 0.0296875 0.025
6 0.59140625 0.73984375 0.0328125 0.0234375
6 0.59921875 0.75625 0.0390625 0.028125
6 0.603125 0.778125 0.03125 0.025
6 0.60234375 0.79609375 0.0328125 0.0234375
6 0.615625 0.8125 0.0375 0.03125
6 0.62265625 0.82890625 0.0328125 0.0234375
