6 0.375 0.134375 0.034375 0.04375
6 0.35859375 0.16640625 0.0484375 0.0515625
6 0.17734375 0.1859375 0.0609375 0.04375
6 0.53984375 0.32578125 0.0390625 0.0546875
6 0.575 0.2640625 0.04375 0.053125
6 0.60703125 0.20234375 0.0421875 0.0515625
6 0.63828125 0.1515625 0.0453125 0.053125
6 0.6640625 0.103125 0.0375 0.046875
6 0.41171875 0.0921875 0.0421875 0.065625
6 0.75078125 0.08203125 0.0359375 0.0453125
6 0.25234375 0.353125 0.0421875 0.040625
6 0.3265625 0.24921875 0.034375 0.0453125
6 0.2515625 0.4421875 0.0375 0.05
6 0.2953125 0.50625 0.040625 0.05625
6 0.35546875 0.89921875 0.0359375 0.0578125
6 0.3265625 0.84296875 0.03125 0.0453125
6 0.29296875 0.83203125 0.0328125 0.0515625
6 0.26875 0.8203125 0.0375 0.059375
6 0.21640625 0.7453125 0.0453125 0.04375
6 0.23671875 0.7625 0.0484375 0.05
6 0.24765625 0.78828125 0.0453125 0.0515625
6 0.33359375 0.715625 0.0359375 0.046875
6 0.22421875 0.709375 0.0421875 0.040625
6 0.20703125 0.63125 0.0484375 0.04375
6 0.1953125 0.61484375 0.05625 0.0390625
6 0.3578125 0.67734375 0.05 0.0390625
6 0.35078125 0.64609375 0.0671875 0.0421875
6 0.3265625 0.63046875 0.05625 0.0421875
6 0.1828125 0.50859375 0.05625 0.0515625
6 0.1984375 0.484375 0.059375 0.05
6 0.36171875 0.8390625 0.0296875 0.05625
6 0.74375 0.86640625 0.059375 0.0421875
5 0.16953125 0.934375 0.0921875 0.059375
5 0.21796875 0.675 0.0671875 0.053125
5 0.15859375 0.55625 0.0796875 0.05
5 0.28203125 0.31796875 0.0515625 0.0671875
5 0.30859375 0.271875 0.0421875 0.075
