6 0.28515625 0.0390625 0.0140625 0.034375
6 0.303125 0.04453125 0.01875 0.0359375
6 0.31953125 0.04375 0.0171875 0.034375
6 0.33671875 0.0484375 0.0171875 0.034375
6 0.353125 0.04765625 0.015625 0.0328125
6 0.26796875 0.040625 0.0140625 0.03125
6 0.271875 0.1359375 0.015625 0.0375
6 0.2359375 0.13203125 0.01875 0.0359375
6 0.215625 0.125 0.015625 0.040625
6 0.196875 0.12890625 0.015625 0.0359375
6 0.18046875 0.12734375 0.0171875 0.0359375
6 0.23359375 0.0375 0.0140625 0.03125
6 0.24921875 0.03984375 0.0171875 0.0359375
6 0.1265625 0.121875 0.01875 0.034375
5 0.20546875 0.04296875 0.0203125 0.0484375
6 0.0625 0.03203125 0.01875 0.0359375
6 0.078125 0.03125 0.01875 0.034375
6 0.11328125 0.03203125 0.0203125 0.0359375
6 0.146875 0.0359375 0.015625 0.03125
6 0.16640625 0.0375 0.0171875 0.03125
6 0.18359375 0.04453125 0.0140625 0.0390625
6 0.1625 0.12734375 0.01875 0.0390625
6 0.10546875 0.12265625 0.0171875 0.0328125
6 0.32265625 0.26171875 0.0421875 0.0265625
6 0.028125 0.1671875 0.015625 0.03125
6 0.0484375 0.16484375 0.01875 0.0296875
6 0.06640625 0.16484375 0.0171875 0.0296875
6 0.0828125 0.16484375 0.01875 0.0328125
6 0.103125 0.16796875 0.01875 0.0359375
6 0.12265625 0.165625 0.0171875 0.03125
6 0.18125 0.23125 0.04375 0.01875
6 0.0609375 0.22109375 0.0375 0.0171875
6 0.01171875 0.16796875 0.0171875 0.0296875
6 0.0890625 0.12109375 0.015625 0.0359375
6 0.23203125 0.17890625 0.0171875 0.0328125
6 0.07109375 0.11640625 0.0171875 0.0328125
6 0.05 0.11875 0.01875 0.034375
6 0.0328125 0.11796875 0.01875 0.0328125
6 0.01484375 0.11875 0.0171875 0.0375
6 0.3 0.18203125 0.015625 0.0390625
6 0.25078125 0.17890625 0.0171875 0.0359375
6 0.2140625 0.17734375 0.021875 0.0328125
6 0.19609375 0.17578125 0.0171875 0.0328125
6 0.17890625 0.17578125 0.0171875 0.0328125
6 0.1421875 0.1734375 0.01875 0.0375
6 0.88203125 0.7953125 0.0359375 0.015625
6 0.946875 0.8375 0.015625 0.034375
6 0.890625 0.6796875 0.034375 0.0125
6 0.8890625 0.7 0.034375 0.015625
6 0.88828125 0.7203125 0.0359375 0.01875
6 0.88515625 0.7359375 0.0328125 0.015625
6 0.884375 0.75390625 0.040625 0.0203125
6 0.88046875 0.77265625 0.0390625 0.0140625
6 0.90703125 0.840625 0.0171875 0.034375
6 0.92734375 0.84375 0.0171875 0.034375
6 0.8390625 0.6953125 0.040625 0.021875
6 0.83828125 0.73671875 0.0328125 0.0171875
6 0.83046875 0.85078125 0.0390625 0.0328125
6 0.825 0.88046875 0.04375 0.0328125
6 0.7515625 0.7078125 0.0375 0.015625
6 0.75 0.7453125 0.0375 0.015625
6 0.7390625 0.871875 0.0375 0.01875
6 0.96953125 0.721875 0.0171875 0.034375
6 0.98671875 0.71953125 0.0140625 0.0328125
6 0.96328125 0.759375 0.0171875 0.034375
6 0.98515625 0.75546875 0.0140625 0.0328125
6 0.74453125 0.834375 0.0390625 0.015625
6 0.73828125 0.88984375 0.0359375 0.0171875
6 0.7390625 0.90859375 0.034375 0.0140625
5 0.54140625 0.9671875 0.0171875 0.046875
6 0.734375 0.9453125 0.0375 0.015625
5 0.82265625 0.9640625 0.0421875 0.03125
5 0.68359375 0.96796875 0.0171875 0.0390625
5 0.6671875 0.96171875 0.01875 0.0390625
6 0.63046875 0.96171875 0.0203125 0.0390625
6 0.6109375 0.96015625 0.01875 0.0296875
6 0.73359375 0.98125 0.0296875 0.0125
6 0.90078125 0.403125 0.0328125 0.015625
6 0.90703125 0.365625 0.0328125 0.015625
6 0.9 0.44140625 0.0375 0.0140625
6 0.8625 0.40390625 0.034375 0.0140625
6 0.8625 0.38046875 0.0375 0.0140625
6 0.77421875 0.40625 0.0328125 0.015625
6 0.76796875 0.46328125 0.0359375 0.0140625
6 0.76875 0.4796875 0.034375 0.015625
6 0.76015625 0.49921875 0.0328125 0.0140625
6 0.90859375 0.35 0.0328125 0.0125
6 0.76015625 0.55546875 0.0328125 0.0171875
6 0.8734375 0.2234375 0.034375 0.015625
6 0.57578125 0.19921875 0.0171875 0.0359375
6 0.59453125 0.203125 0.0171875 0.03125
6 0.68046875 0.20546875 0.0171875 0.0328125
6 0.696875 0.20859375 0.01875 0.0328125
6 0.715625 0.21015625 0.015625 0.0328125
6 0.73203125 0.20859375 0.0171875 0.0359375
6 0.87578125 0.2046875 0.0328125 0.015625
6 0.86953125 0.240625 0.0328125 0.01875
6 0.90703125 0.33125 0.0328125 0.015625
6 0.91953125 0.18203125 0.0359375 0.0171875
6 0.9171875 0.2 0.034375 0.015625
6 0.915625 0.21953125 0.034375 0.0140625
6 0.9140625 0.2390625 0.0375 0.015625
6 0.9125 0.25625 0.034375 0.0125
6 0.91015625 0.27578125 0.0359375 0.0140625
6 0.909375 0.31328125 0.034375 0.0140625
6 0.7609375 0.5375 0.034375 0.015625
6 0.85703125 0.47109375 0.0296875 0.0140625
6 0.53984375 0.19765625 0.0171875 0.0359375
6 0.85234375 0.4890625 0.0359375 0.0125
6 0.84609375 0.62890625 0.0359375 0.0171875
6 0.85546875 0.50625 0.0359375 0.015625
6 0.8515625 0.54140625 0.040625 0.0203125
6 0.846875 0.56796875 0.0375 0.0140625
6 0.76015625 0.596875 0.0390625 0.015625
6 0.75859375 0.6359375 0.0359375 0.015625
6 0.75546875 0.65546875 0.0328125 0.0140625
6 0.8484375 0.60703125 0.0375 0.0140625
6 0.8375 0.67890625 0.040625 0.0140625
6 0.55859375 0.20078125 0.0171875 0.0328125
6 0.70078125 0.16015625 0.0171875 0.0328125
6 0.6671875 0.15703125 0.015625 0.0359375
6 0.68359375 0.071875 0.0171875 0.034375
6 0.5609375 0.0609375 0.015625 0.034375
6 0.57890625 0.0640625 0.0171875 0.03125
5 0.59609375 0.06484375 0.0140625 0.0328125
6 0.61328125 0.0640625 0.0140625 0.034375
6 0.6328125 0.06640625 0.015625 0.0296875
6 0.64921875 0.07265625 0.0171875 0.0328125
6 0.665625 0.0734375 0.015625 0.0375
6 0.5265625 0.153125 0.015625 0.034375
6 0.51171875 0.05859375 0.0171875 0.0296875
6 0.546875 0.1546875 0.0125 0.034375
6 0.56328125 0.1515625 0.0140625 0.034375
6 0.57890625 0.16015625 0.0171875 0.0328125
6 0.59609375 0.159375 0.0171875 0.03125
6 0.6140625 0.16015625 0.0125 0.0359375
6 0.63203125 0.15703125 0.0140625 0.0328125
6 0.65 0.15859375 0.01875 0.0359375
6 0.54296875 0.0625 0.0171875 0.0375
6 0.49296875 0.05859375 0.0203125 0.0390625
6 0.45546875 0.059375 0.0171875 0.03125
