5 0.13828125 0.86015625 0.0484375 0.1015625
4 0.69765625 0.77890625 0.2796875 0.3328125
6 0.365625 0.4578125 0.01875 0.025
6 0.5296875 0.72265625 0.03125 0.0234375
6 0.5328125 0.74609375 0.03125 0.0234375
6 0.53984375 0.7703125 0.0296875 0.021875
5 0.9703125 0.26171875 0.021875 0.0390625
5 0.89296875 0.58828125 0.0234375 0.0390625
5 0.91875 0.5953125 0.021875 0.040625
5 0.62421875 0.90703125 0.0328125 0.0328125
5 0.49296875 0.4765625 0.0765625 0.0375
6 0.259375 0.8515625 0.034375 0.01875
6 0.2953125 0.98828125 0.025 0.0171875
6 0.28203125 0.96328125 0.0359375 0.0234375
6 0.27890625 0.92421875 0.0296875 0.0203125
6 0.26640625 0.90390625 0.0359375 0.0171875
6 0.2625 0.8703125 0.0375 0.01875
6 0.25859375 0.83515625 0.0328125 0.0140625
6 0.2578125 0.81640625 0.03125 0.0203125
6 0.25234375 0.796875 0.0421875 0.025
6 0.4421875 0.7765625 0.015625 0.025
5 0.0859375 0.703125 0.040625 0.025
5 0.16484375 0.68671875 0.0359375 0.0203125
5 0.2078125 0.675 0.0375 0.021875
5 0.24765625 0.6609375 0.0390625 0.01875
5 0.30234375 0.66875 0.0453125 0.025
