5 0.7171875 0.22109375 0.075 0.0734375
6 0.0796875 0.51015625 0.0375 0.0359375
6 0.02421875 0.575 0.0296875 0.03125
6 0.0359375 0.56328125 0.03125 0.0296875
6 0.04453125 0.54921875 0.0328125 0.0296875
6 0.05625 0.53359375 0.028125 0.0265625
6 0.06875 0.52265625 0.03125 0.0296875
6 0.09609375 0.49609375 0.0328125 0.0328125
6 0.0609375 0.71328125 0.034375 0.0328125
6 0.02734375 0.45703125 0.0296875 0.0296875
6 0.03984375 0.44296875 0.0359375 0.0359375
6 0.16953125 0.4484375 0.0359375 0.0375
6 0.1859375 0.4640625 0.03125 0.0375
6 0.2 0.4765625 0.0375 0.040625
6 0.2171875 0.49296875 0.0375 0.0421875
6 0.23203125 0.50234375 0.0296875 0.0328125
6 0.128125 0.63203125 0.03125 0.0328125
6 0.1125 0.64609375 0.03125 0.0296875
6 0.10234375 0.65859375 0.0296875 0.0296875
6 0.090625 0.67578125 0.03125 0.0296875
6 0.07578125 0.69140625 0.0328125 0.0328125
5 0.53125 0.82734375 0.05625 0.0515625
6 0.11953125 0.521875 0.0359375 0.034375
6 0.01640625 0.63671875 0.0328125 0.0328125
6 0.02734375 0.625 0.0296875 0.03125
6 0.0375 0.61171875 0.03125 0.0328125
6 0.04921875 0.5984375 0.0328125 0.028125
6 0.059375 0.58515625 0.034375 0.0328125
6 0.0828125 0.55703125 0.03125 0.0296875
6 0.0953125 0.5484375 0.03125 0.03125
6 0.10703125 0.5375 0.0296875 0.034375
6 0.0734375 0.5703125 0.03125 0.034375
5 0.47421875 0.18828125 0.0421875 0.0390625
5 0.34765625 0.0359375 0.0359375 0.034375
5 0.34609375 0.0625 0.0390625 0.034375
5 0.39921875 0.0859375 0.0453125 0.040625
5 0.4515625 0.13046875 0.046875 0.0390625
5 0.6609375 0.0265625 0.028125 0.03125
5 0.49453125 0.17265625 0.0296875 0.0328125
6 0.56015625 0.66171875 0.0296875 0.0234375
6 0.753125 0.59765625 0.028125 0.0296875
6 0.76484375 0.61484375 0.0328125 0.0296875
