6 0.9875 0.4015625 0.021875 0.0375
6 0.86875 0.3765625 0.03125 0.015625
6 0.98671875 0.36328125 0.0171875 0.0265625
6 0.9703125 0.36484375 0.015625 0.0296875
6 0.87578125 0.3390625 0.0296875 0.015625
6 0.87265625 0.35625 0.0265625 0.01875
5 0.88203125 0.3078125 0.0484375 0.021875
6 0.92109375 0.26875 0.0171875 0.034375
6 0.94296875 0.2734375 0.0140625 0.034375
6 0.9609375 0.275 0.015625 0.0375
5 0.7703125 0.171875 0.0375 0.025
5 0.7390625 0.34765625 0.0375 0.0234375
5 0.81640625 0.3515625 0.0328125 0.0125
5 0.625 0.4296875 0.0375 0.021875
5 0.740625 0.47890625 0.01875 0.0421875
