6 0.70625 0.0625 0.03125 0.03125
6 0.57265625 0.21328125 0.0296875 0.0296875
6 0.52890625 0.1390625 0.0328125 0.034375
6 0.5578125 0.0984375 0.034375 0.034375
6 0.553125 0.05078125 0.0375 0.0328125
6 0.18515625 0.3125 0.0328125 0.025
6 0.278125 0.20078125 0.03125 0.0296875
6 0.22421875 0.265625 0.0296875 0.03125
6 0.2921875 0.2375 0.034375 0.03125
6 0.28203125 0.25234375 0.0328125 0.0359375
6 0.259375 0.27734375 0.03125 0.0328125
6 0.2484375 0.2875 0.034375 0.028125
6 0.178125 0.33125 0.028125 0.025
6 0.20234375 0.3625 0.0421875 0.028125
6 0.16875 0.34765625 0.0375 0.0265625
6 0.190625 0.39609375 0.0375 0.0234375
6 0.1859375 0.4125 0.034375 0.01875
6 0.06171875 0.4046875 0.0359375 0.021875
6 0.06015625 0.3875 0.0328125 0.01875
6 0.29921875 0.178125 0.0328125 0.03125
6 0.3359375 0.1875 0.03125 0.034375
6 0.34765625 0.17734375 0.0328125 0.0328125
6 0.325 0.15390625 0.0375 0.0296875
6 0.34375 0.12578125 0.03125 0.0328125
6 0.38359375 0.1796875 0.0328125 0.015625
6 0.38359375 0.14765625 0.0390625 0.0203125
6 0.08203125 0.1671875 0.0359375 0.015625
6 0.08671875 0.1171875 0.0296875 0.015625
6 0.08984375 0.0671875 0.0359375 0.01875
6 0.08828125 0.084375 0.0296875 0.015625
6 0.0875 0.09765625 0.03125 0.0171875
6 0.09140625 0.03203125 0.0328125 0.0171875
6 0.73984375 0.025 0.0359375 0.034375
6 0.73125 0.0390625 0.034375 0.034375
6 0.48046875 0.1875 0.0328125 0.03125
6 0.49296875 0.175 0.0359375 0.0375
6 0.50390625 0.16015625 0.0328125 0.0328125
6 0.51640625 0.1484375 0.0328125 0.034375
6 0.53671875 0.121875 0.0328125 0.034375
6 0.5484375 0.11015625 0.03125 0.0359375
6 0.56953125 0.08671875 0.0296875 0.0296875
6 0.58125 0.07421875 0.03125 0.0328125
6 0.59609375 0.0640625 0.0359375 0.034375
6 0.60546875 0.05234375 0.0328125 0.0328125
6 0.61640625 0.03515625 0.0390625 0.0390625
6 0.62578125 0.025 0.0328125 0.034375
6 0.5546875 0.23828125 0.03125 0.0328125
6 0.52734375 0.2609375 0.0390625 0.040625
6 0.54296875 0.2484375 0.0359375 0.034375
6 0.5609375 0.221875 0.0375 0.0375
6 0.5828125 0.20078125 0.034375 0.0328125
6 0.59609375 0.1890625 0.0296875 0.028125
6 0.6046875 0.17265625 0.0375 0.0359375
6 0.61875 0.1609375 0.03125 0.0375
6 0.66171875 0.1109375 0.0328125 0.034375
6 0.67578125 0.096875 0.0328125 0.03125
6 0.696875 0.0734375 0.03125 0.034375
6 0.71796875 0.0484375 0.0328125 0.03125
6 0.32109375 0.32890625 0.0328125 0.0328125
6 0.45078125 0.35078125 0.0328125 0.0359375
6 0.3453125 0.38984375 0.01875 0.0359375
6 0.36484375 0.27890625 0.0359375 0.0328125
6 0.353125 0.29140625 0.034375 0.0328125
6 0.340625 0.30390625 0.034375 0.0328125
6 0.33046875 0.3171875 0.0328125 0.0375
6 0.31015625 0.34140625 0.0328125 0.0359375
6 0.2921875 0.19140625 0.028125 0.0296875
6 0.2984375 0.35546875 0.034375 0.0359375
6 0.28515625 0.371875 0.0390625 0.03125
6 0.278125 0.390625 0.034375 0.028125
6 0.275 0.40703125 0.0375 0.0234375
6 0.2703125 0.265625 0.034375 0.034375
6 0.3125 0.1625 0.034375 0.03125
6 0.43359375 0.33828125 0.0328125 0.0328125
6 0.4265625 0.32265625 0.03125 0.0328125
6 0.4140625 0.309375 0.03125 0.034375
6 0.40234375 0.28671875 0.0328125 0.0234375
6 0.39296875 0.25078125 0.0390625 0.0203125
6 0.38984375 0.23125 0.0359375 0.01875
6 0.3875 0.21328125 0.034375 0.0203125
6 0.3859375 0.19609375 0.0375 0.0140625
6 0.384375 0.1640625 0.034375 0.01875
6 0.378125 0.13203125 0.03125 0.0203125
6 0.37578125 0.11171875 0.0359375 0.0203125
6 0.37265625 0.09296875 0.0421875 0.0203125
6 0.36640625 0.075 0.0359375 0.021875
6 0.3625 0.05390625 0.040625 0.0234375
6 0.35859375 0.03515625 0.0390625 0.0234375
6 0.35390625 0.015625 0.0390625 0.025
6 0.21796875 0.15234375 0.0453125 0.0484375
6 0.334375 0.1390625 0.034375 0.03125
6 0.32578125 0.1984375 0.0296875 0.028125
6 0.06640625 0.3703125 0.0328125 0.021875
6 0.315625 0.209375 0.03125 0.03125
6 0.15 0.40625 0.0375 0.021875
6 0.15859375 0.3859375 0.0359375 0.021875
6 0.1625 0.36796875 0.0375 0.0234375
6 0.196875 0.378125 0.034375 0.025
6 0.24921875 0.34609375 0.0296875 0.0359375
6 0.20859375 0.3453125 0.0328125 0.025
6 0.215625 0.328125 0.034375 0.025
6 0.22109375 0.3109375 0.0296875 0.025
6 0.19296875 0.2921875 0.0328125 0.028125
6 0.2328125 0.296875 0.034375 0.03125
6 0.21015625 0.275 0.0296875 0.03125
6 0.2328125 0.25078125 0.034375 0.0328125
6 0.24375 0.23671875 0.0375 0.0328125
6 0.25625 0.22421875 0.034375 0.0328125
6 0.265625 0.209375 0.034375 0.034375
6 0.3 0.28046875 0.03125 0.0328125
6 0.303125 0.2234375 0.03125 0.03125
6 0.13125 0.165625 0.028125 0.0375
6 0.14609375 0.06640625 0.0171875 0.0328125
6 0.08515625 0.1515625 0.0359375 0.015625
6 0.0921875 0.13125 0.034375 0.015625
6 0.08984375 0.04921875 0.0328125 0.0171875
6 0.0921875 0.015625 0.028125 0.01875
6 0.5890625 0.0140625 0.03125 0.028125
6 0.58046875 0.02734375 0.0328125 0.0296875
6 0.5703125 0.04140625 0.034375 0.0328125
6 0.54375 0.0625 0.03125 0.03125
6 0.5328125 0.071875 0.03125 0.03125
6 0.525 0.0890625 0.03125 0.03125
6 0.509375 0.09765625 0.03125 0.0328125
6 0.503125 0.11328125 0.034375 0.0328125
6 0.490625 0.1265625 0.034375 0.03125
6 0.47890625 0.1375 0.0359375 0.03125
6 0.4515625 0.04609375 0.03125 0.0296875
6 0.465625 0.1515625 0.03125 0.034375
6 0.4640625 0.0328125 0.03125 0.028125
6 0.47578125 0.02265625 0.0328125 0.0328125
