5 0.56796875 0.7546875 0.0234375 0.065625
6 0.29921875 0.28671875 0.0359375 0.0171875
6 0.315625 0.04296875 0.034375 0.0140625
6 0.3140625 0.06171875 0.034375 0.0140625
6 0.309375 0.08125 0.0375 0.015625
6 0.309375 0.146875 0.034375 0.015625
6 0.3078125 0.221875 0.0375 0.01875
6 0.30390625 0.2421875 0.0328125 0.01875
6 0.40703125 0.05 0.0359375 0.015625
6 0.4421875 0.05390625 0.0375 0.0171875
6 0.43515625 0.0734375 0.0296875 0.015625
6 0.43984375 0.0953125 0.0328125 0.015625
6 0.43515625 0.115625 0.0359375 0.015625
6 0.434375 0.1375 0.0375 0.01875
6 0.43203125 0.15390625 0.0328125 0.0171875
6 0.43046875 0.17578125 0.0328125 0.0171875
5 0.46484375 0.2171875 0.0171875 0.040625
6 0.42890625 0.19765625 0.0328125 0.0140625
6 0.4265625 0.21640625 0.034375 0.0171875
6 0.45625 0.38671875 0.01875 0.0359375
6 0.5859375 0.2609375 0.0375 0.015625
6 0.5890625 0.28203125 0.0375 0.0171875
6 0.5890625 0.30859375 0.034375 0.0171875
6 0.5875 0.32734375 0.0375 0.0171875
6 0.2859375 0.3765625 0.01875 0.034375
6 0.30859375 0.37734375 0.0140625 0.0296875
6 0.4390625 0.38671875 0.01875 0.0359375
6 0.475 0.390625 0.015625 0.03125
6 0.5875 0.22265625 0.034375 0.0140625
6 0.49140625 0.3890625 0.0171875 0.0375
6 0.5296875 0.3953125 0.01875 0.034375
6 0.509375 0.390625 0.021875 0.034375
6 0.4046875 0.7765625 0.015625 0.03125
6 0.371875 0.7796875 0.015625 0.034375
6 0.58671875 0.2421875 0.0359375 0.015625
6 0.5921875 0.2046875 0.03125 0.015625
6 0.425 0.23671875 0.034375 0.0140625
6 0.3875 0.2109375 0.0375 0.01875
6 0.4 0.07109375 0.0375 0.0171875
6 0.40234375 0.0921875 0.0359375 0.015625
6 0.40078125 0.11171875 0.0359375 0.0140625
6 0.3984375 0.1296875 0.03125 0.01875
6 0.3953125 0.15 0.034375 0.015625
6 0.39453125 0.1703125 0.0328125 0.015625
6 0.3921875 0.19296875 0.034375 0.0171875
6 0.38671875 0.23359375 0.0359375 0.0203125
6 0.59140625 0.1796875 0.0328125 0.015625
6 0.39921875 0.26015625 0.0328125 0.0140625
6 0.4296875 0.26015625 0.03125 0.0171875
6 0.390625 0.27578125 0.034375 0.0171875
6 0.4265625 0.278125 0.034375 0.015625
6 0.42265625 0.29921875 0.0328125 0.0171875
6 0.3875 0.29375 0.034375 0.0125
6 0.59140625 0.159375 0.0296875 0.015625
