5 0.72578125 0.734375 0.1015625 0.084375
6 0.02421875 0.075 0.0296875 0.03125
6 0.0359375 0.06328125 0.03125 0.0296875
6 0.04453125 0.04921875 0.0328125 0.0296875
6 0.05625 0.03359375 0.028125 0.0265625
6 0.06875 0.02265625 0.03125 0.0296875
6 0.0609375 0.21328125 0.034375 0.0328125
6 0.128125 0.13203125 0.03125 0.0328125
6 0.1125 0.14609375 0.03125 0.0296875
6 0.10234375 0.15859375 0.0296875 0.0296875
6 0.090625 0.17578125 0.03125 0.0296875
6 0.07578125 0.19140625 0.0328125 0.0328125
6 0.3390625 0.68203125 0.034375 0.0328125
5 0.328125 0.66484375 0.04375 0.0359375
5 0.51328125 0.56484375 0.0453125 0.0421875
5 0.53125 0.32734375 0.05625 0.0515625
6 0.3515625 0.6984375 0.034375 0.03125
6 0.5453125 0.64921875 0.028125 0.0328125
6 0.51875 0.68203125 0.028125 0.0328125
6 0.52265625 0.9046875 0.0328125 0.03125
6 0.11953125 0.021875 0.0359375 0.034375
6 0.01640625 0.13671875 0.0328125 0.0328125
6 0.02734375 0.125 0.0296875 0.03125
6 0.0375 0.11171875 0.03125 0.0328125
6 0.04921875 0.0984375 0.0328125 0.028125
6 0.059375 0.08515625 0.034375 0.0328125
6 0.0828125 0.05703125 0.03125 0.0296875
6 0.0953125 0.0484375 0.03125 0.03125
6 0.10703125 0.0375 0.0296875 0.034375
6 0.0734375 0.0703125 0.03125 0.034375
6 0.80546875 0.60625 0.0359375 0.03125
6 0.84921875 0.72109375 0.0421875 0.0328125
6 0.9640625 0.853125 0.03125 0.034375
5 0.97109375 0.83828125 0.0421875 0.0421875
6 0.621875 0.540625 0.03125 0.028125
6 0.64453125 0.571875 0.0234375 0.0375
6 0.56015625 0.16171875 0.0296875 0.0234375
6 0.753125 0.09765625 0.028125 0.0296875
6 0.76484375 0.11484375 0.0328125 0.0296875
