5 0.021875 0.06875 0.01875 0.0375
5 0.0234375 0.02109375 0.01875 0.0390625
6 0.18515625 0.3703125 0.0328125 0.0125
6 0.18125 0.38671875 0.028125 0.0140625
6 0.18203125 0.40546875 0.0328125 0.0140625
6 0.18046875 0.42265625 0.0296875 0.0171875
6 0.08203125 0.3734375 0.0171875 0.03125
6 0.03359375 0.2671875 0.0328125 0.025
6 0.18828125 0.33203125 0.0328125 0.0140625
6 0.18359375 0.34921875 0.0296875 0.0140625
6 0.1875 0.31328125 0.03125 0.0171875
6 0.2703125 0.33515625 0.03125 0.0140625
6 0.31640625 0.23046875 0.0328125 0.0140625
6 0.28125 0.2265625 0.03125 0.01875
6 0.27734375 0.246875 0.0296875 0.015625
6 0.27734375 0.26328125 0.0359375 0.0171875
6 0.27578125 0.28203125 0.0359375 0.0140625
6 0.27421875 0.29921875 0.0296875 0.0171875
6 0.27109375 0.31796875 0.0328125 0.0140625
6 0.265625 0.37265625 0.03125 0.0140625
6 0.1875 0.29375 0.03125 0.015625
6 0.26796875 0.3921875 0.0296875 0.0125
6 0.26796875 0.4109375 0.0328125 0.015625
6 0.26484375 0.428125 0.0328125 0.0125
6 0.26328125 0.44609375 0.0328125 0.0140625
6 0.18984375 0.23828125 0.0359375 0.0171875
6 0.19140625 0.259375 0.0359375 0.015625
6 0.190625 0.27578125 0.03125 0.0140625
6 0.315625 0.25078125 0.034375 0.0171875
6 0.31171875 0.26484375 0.0328125 0.0140625
6 0.3125 0.28515625 0.034375 0.0140625
6 0.30859375 0.3234375 0.0328125 0.015625
6 0.32265625 0.0875 0.0328125 0.015625
6 0.33125 0.0140625 0.03125 0.015625
6 0.32578125 0.03046875 0.0328125 0.0140625
6 0.3234375 0.04921875 0.03125 0.0140625
6 0.2859375 0.04609375 0.03125 0.0140625
6 0.2859375 0.06640625 0.034375 0.0171875
6 0.32421875 0.06875 0.0328125 0.015625
6 0.2875 0.08515625 0.034375 0.0140625
6 0.32265625 0.10703125 0.0328125 0.0171875
6 0.2875 0.103125 0.034375 0.015625
6 0.4015625 0.09765625 0.01875 0.0328125
6 0.2953125 0.0125 0.034375 0.015625
6 0.3046875 0.59921875 0.0125 0.0359375
6 0.50546875 0.38515625 0.0234375 0.0390625
6 0.38359375 0.47578125 0.0296875 0.0171875
6 0.38203125 0.4921875 0.0265625 0.015625
6 0.38046875 0.53046875 0.0328125 0.0140625
6 0.3734375 0.5671875 0.034375 0.015625
6 0.3453125 0.60390625 0.01875 0.0328125
6 0.325 0.60078125 0.01875 0.0359375
6 0.2515625 0.596875 0.01875 0.03125
6 0.38515625 0.42109375 0.0328125 0.0140625
6 0.26328125 0.4875 0.0359375 0.015625
6 0.29921875 0.46953125 0.0328125 0.0171875
6 0.30078125 0.44921875 0.0328125 0.0171875
6 0.3015625 0.43046875 0.034375 0.0140625
6 0.3046875 0.3765625 0.034375 0.0125
6 0.30859375 0.35859375 0.0328125 0.0140625
6 0.30625 0.3390625 0.03125 0.01875
6 0.38515625 0.4375 0.0328125 0.015625
6 0.38359375 0.40078125 0.0328125 0.0171875
6 0.49296875 0.1640625 0.0328125 0.034375
6 0.20078125 0.025 0.0328125 0.015625
6 0.20625 0.04296875 0.0375 0.0140625
6 0.20234375 0.078125 0.0390625 0.015625
6 0.43046875 0.15703125 0.0359375 0.0328125
6 0.4625 0.16171875 0.034375 0.0359375
6 0.5140625 0.171875 0.046875 0.0375
6 0.38515625 0.38359375 0.0328125 0.0140625
6 0.4140625 0.22734375 0.0375 0.0296875
6 0.39765625 0.27265625 0.0296875 0.0140625
6 0.39609375 0.28828125 0.0296875 0.0171875
6 0.39765625 0.31015625 0.0328125 0.0140625
6 0.390625 0.3265625 0.034375 0.015625
6 0.3890625 0.34453125 0.03125 0.0171875
6 0.38828125 0.36640625 0.0328125 0.0171875
