6 0.38203125 0.2953125 0.0359375 0.015625
6 0.446875 0.3375 0.015625 0.034375
6 0.390625 0.1796875 0.034375 0.0125
6 0.3890625 0.2 0.034375 0.015625
6 0.38828125 0.2203125 0.0359375 0.01875
6 0.38515625 0.2359375 0.0328125 0.015625
6 0.384375 0.25390625 0.040625 0.0203125
6 0.38046875 0.27265625 0.0390625 0.0140625
6 0.40703125 0.340625 0.0171875 0.034375
6 0.53515625 0.34140625 0.0171875 0.0421875
6 0.42734375 0.34375 0.0171875 0.034375
6 0.3390625 0.1953125 0.040625 0.021875
6 0.33828125 0.23671875 0.0328125 0.0171875
6 0.33046875 0.35078125 0.0390625 0.0328125
6 0.325 0.38046875 0.04375 0.0328125
6 0.2515625 0.2078125 0.0375 0.015625
6 0.25 0.2453125 0.0375 0.015625
6 0.49921875 0.34765625 0.0203125 0.0421875
6 0.55625 0.35 0.0125 0.034375
6 0.2390625 0.371875 0.0375 0.01875
6 0.46953125 0.221875 0.0171875 0.034375
6 0.596875 0.23125 0.015625 0.03125
6 0.57890625 0.23359375 0.0171875 0.0296875
6 0.56015625 0.2328125 0.0140625 0.028125
6 0.5421875 0.228125 0.01875 0.034375
6 0.52421875 0.2265625 0.0140625 0.0375
6 0.50546875 0.225 0.0171875 0.0375
6 0.48671875 0.21953125 0.0140625 0.0328125
6 0.46328125 0.259375 0.0171875 0.034375
6 0.59140625 0.35390625 0.0171875 0.0359375
6 0.48515625 0.25546875 0.0140625 0.0328125
6 0.50390625 0.2609375 0.0171875 0.034375
6 0.55703125 0.26640625 0.0171875 0.0328125
6 0.59609375 0.27109375 0.0171875 0.0328125
6 0.65078125 0.271875 0.0203125 0.034375
6 0.6625 0.35625 0.015625 0.040625
6 0.625 0.35390625 0.015625 0.0390625
6 0.24453125 0.334375 0.0390625 0.015625
6 0.23828125 0.38984375 0.0359375 0.0171875
6 0.2390625 0.40859375 0.034375 0.0140625
5 0.04140625 0.4671875 0.0171875 0.046875
6 0.234375 0.4453125 0.0375 0.015625
5 0.32265625 0.4640625 0.0421875 0.03125
5 0.321875 0.54375 0.040625 0.034375
5 0.36796875 0.58046875 0.0171875 0.0484375
5 0.32109375 0.59921875 0.0453125 0.0359375
5 0.32890625 0.61796875 0.0484375 0.0359375
5 0.3375 0.66015625 0.040625 0.0234375
5 0.23203125 0.50078125 0.0421875 0.0140625
5 0.21328125 0.525 0.0453125 0.01875
5 0.2125 0.54296875 0.04375 0.0171875
5 0.18359375 0.46796875 0.0171875 0.0390625
5 0.1671875 0.46171875 0.01875 0.0390625
6 0.13046875 0.46171875 0.0203125 0.0390625
6 0.1109375 0.46015625 0.01875 0.0296875
6 0.23359375 0.48125 0.0296875 0.0125
6 0.61640625 0.228125 0.0171875 0.0375
6 0.6328125 0.23046875 0.015625 0.0328125
6 0.6546875 0.234375 0.015625 0.034375
6 0.746875 0.31875 0.0375 0.015625
6 0.26015625 0.05546875 0.0328125 0.0171875
6 0.2609375 0.0375 0.034375 0.015625
6 0.6125 0.08515625 0.0375 0.0203125
6 0.5859375 0.0125 0.03125 0.021875
6 0.59921875 0.05234375 0.0328125 0.0203125
6 0.503125 0.1234375 0.015625 0.0375
6 0.56875 0.08203125 0.0375 0.0265625
6 0.6078125 0.06953125 0.03125 0.0203125
6 0.61640625 0.10625 0.0328125 0.021875
6 0.6953125 0.08984375 0.034375 0.0234375
6 0.62109375 0.12578125 0.0328125 0.0203125
6 0.6234375 0.14609375 0.034375 0.0234375
6 0.578125 0.1359375 0.04375 0.028125
6 0.58359375 0.15625 0.0359375 0.021875
6 0.7203125 0.178125 0.0375 0.021875
6 0.7265625 0.2171875 0.040625 0.025
6 0.74375 0.24921875 0.040625 0.0265625
6 0.709375 0.14609375 0.040625 0.0234375
6 0.68046875 0.0359375 0.0359375 0.025
6 0.34609375 0.12890625 0.0359375 0.0171875
6 0.3515625 0.04140625 0.040625 0.0203125
6 0.346875 0.06796875 0.0375 0.0140625
6 0.26015625 0.096875 0.0390625 0.015625
6 0.25859375 0.1359375 0.0359375 0.015625
6 0.25546875 0.15546875 0.0328125 0.0140625
6 0.3484375 0.10703125 0.0375 0.0140625
6 0.3375 0.17890625 0.040625 0.0140625
