5 0.88671875 0.734375 0.1296875 0.034375
5 0.8875 0.81953125 0.140625 0.0359375
5 0.51328125 0.0484375 0.0390625 0.015625
5 0.5125 0.028125 0.0375 0.0125
5 0.28828125 0.578125 0.0296875 0.040625
5 0.259375 0.61953125 0.028125 0.0390625
5 0.22109375 0.58203125 0.0328125 0.0421875
5 0.21796875 0.62109375 0.0296875 0.0421875
5 0.2890625 0.70078125 0.040625 0.0203125
5 0.83671875 0.928125 0.0671875 0.025
5 0.8390625 0.86796875 0.0625 0.0234375
5 0.8453125 0.76640625 0.071875 0.0265625
5 0.834375 0.66953125 0.04375 0.0171875
6 0.8328125 0.5140625 0.025 0.0375
6 0.79921875 0.525 0.0234375 0.0375
6 0.75 0.51953125 0.021875 0.0390625
6 0.73046875 0.5203125 0.0203125 0.040625
6 0.71171875 0.51953125 0.0203125 0.0328125
6 0.6921875 0.515625 0.01875 0.034375
6 0.66640625 0.5125 0.0140625 0.028125
6 0.8703125 0.515625 0.025 0.0375
6 0.98125 0.43984375 0.021875 0.0359375
6 0.96171875 0.43984375 0.0234375 0.0390625
6 0.94453125 0.43671875 0.0234375 0.0390625
6 0.925 0.43515625 0.021875 0.0359375
6 0.90703125 0.43359375 0.0203125 0.0328125
6 0.8515625 0.51484375 0.028125 0.0421875
6 0.89375 0.51484375 0.028125 0.0390625
6 0.871875 0.43203125 0.025 0.0359375
5 0.6828125 0.29765625 0.021875 0.0421875
5 0.70625 0.30078125 0.021875 0.0359375
6 0.91171875 0.51640625 0.0265625 0.0390625
6 0.97109375 0.52421875 0.0265625 0.0390625
6 0.9515625 0.521875 0.025 0.034375
6 0.93125 0.51953125 0.028125 0.0453125
6 0.8890625 0.4328125 0.021875 0.034375
6 0.853125 0.43046875 0.021875 0.0359375
6 0.93671875 0.40078125 0.0234375 0.0359375
6 0.953125 0.4015625 0.025 0.040625
6 0.9171875 0.3984375 0.021875 0.0375
6 0.834375 0.43125 0.025 0.040625
6 0.7359375 0.38671875 0.025 0.0359375
6 0.82109375 0.43125 0.0234375 0.0375
6 0.7984375 0.428125 0.021875 0.0375
6 0.78203125 0.42890625 0.0234375 0.0390625
6 0.7640625 0.42578125 0.021875 0.0328125
6 0.746875 0.42109375 0.025 0.0328125
6 0.72734375 0.425 0.0265625 0.0375
6 0.71640625 0.3859375 0.0203125 0.0375
6 0.75625 0.3875 0.025 0.0375
6 0.88125 0.396875 0.021875 0.0375
6 0.775 0.39140625 0.025 0.0421875
6 0.81171875 0.39375 0.0234375 0.0375
6 0.82734375 0.39765625 0.0203125 0.0296875
6 0.74375 0.3046875 0.01875 0.0375
6 0.94140625 0.32109375 0.0203125 0.0390625
6 0.86171875 0.39375 0.0234375 0.0375
