5 0.06796875 0.2546875 0.0234375 0.065625
5 0.025 0.94140625 0.021875 0.0421875
5 0.13671875 0.91328125 0.0171875 0.0421875
5 0.0921875 0.78203125 0.021875 0.0765625
5 0.09765625 0.65078125 0.0265625 0.0703125
5 0.153125 0.61171875 0.01875 0.0359375
6 0.296875 0.99140625 0.03125 0.0140625
6 0.22578125 0.765625 0.0328125 0.015625
6 0.22421875 0.784375 0.0328125 0.015625
6 0.21875 0.821875 0.034375 0.0125
6 0.221875 0.84140625 0.0375 0.0140625
6 0.215625 0.8578125 0.034375 0.015625
6 0.2984375 0.975 0.034375 0.015625
6 0.2140625 0.91484375 0.03125 0.0140625
6 0.33671875 0.97890625 0.0328125 0.0140625
6 0.33984375 0.85 0.0359375 0.01875
6 0.3390625 0.86953125 0.040625 0.0203125
6 0.33515625 0.884375 0.0296875 0.015625
6 0.33515625 0.90078125 0.0328125 0.0171875
6 0.3328125 0.91796875 0.03125 0.0140625
6 0.33515625 0.93828125 0.0359375 0.0171875
6 0.33125 0.95859375 0.034375 0.0140625
6 0.3078125 0.75546875 0.0375 0.0171875
6 0.29921875 0.91875 0.0296875 0.0125
6 0.31015625 0.771875 0.0359375 0.015625
6 0.3078125 0.7890625 0.03125 0.015625
6 0.30703125 0.809375 0.0296875 0.015625
6 0.3046875 0.828125 0.03125 0.0125
6 0.3046875 0.84453125 0.03125 0.0140625
6 0.30078125 0.8640625 0.0265625 0.0125
6 0.3 0.884375 0.03125 0.015625
6 0.2125 0.8953125 0.034375 0.015625
6 0.2109375 0.93359375 0.0375 0.0203125
6 0.34453125 0.79453125 0.0328125 0.0171875
6 0.20859375 0.96796875 0.0390625 0.0203125
6 0.2078125 0.9859375 0.034375 0.015625
6 0.3421875 0.81328125 0.03125 0.0171875
6 0.3453125 0.75546875 0.034375 0.0140625
6 0.37109375 0.60859375 0.0140625 0.0296875
6 0.78515625 0.5390625 0.0140625 0.034375
6 0.803125 0.54453125 0.01875 0.0359375
6 0.81953125 0.54375 0.0171875 0.034375
6 0.83671875 0.5484375 0.0171875 0.034375
6 0.853125 0.54765625 0.015625 0.0328125
6 0.240625 0.54140625 0.0375 0.0171875
6 0.2390625 0.56171875 0.034375 0.0171875
6 0.4046875 0.6125 0.015625 0.034375
6 0.76796875 0.540625 0.0140625 0.03125
6 0.440625 0.6125 0.015625 0.03125
6 0.45859375 0.61328125 0.0171875 0.0328125
6 0.771875 0.6359375 0.015625 0.0375
6 0.7359375 0.63203125 0.01875 0.0359375
6 0.715625 0.625 0.015625 0.040625
6 0.696875 0.62890625 0.015625 0.0359375
6 0.68046875 0.62734375 0.0171875 0.0359375
6 0.73359375 0.5375 0.0140625 0.03125
6 0.74921875 0.53984375 0.0171875 0.0359375
6 0.6265625 0.621875 0.01875 0.034375
6 0.45859375 0.5234375 0.0140625 0.03125
6 0.2828125 0.51171875 0.01875 0.0421875
6 0.30390625 0.5078125 0.0171875 0.034375
6 0.321875 0.5125 0.01875 0.03125
6 0.33984375 0.5125 0.0171875 0.03125
6 0.36796875 0.515625 0.0171875 0.034375
6 0.40625 0.51640625 0.01875 0.0359375
6 0.43984375 0.5203125 0.0203125 0.034375
6 0.4765625 0.52265625 0.01875 0.0359375
5 0.70546875 0.54296875 0.0203125 0.0484375
6 0.5015625 0.52578125 0.015625 0.0328125
6 0.5625 0.53203125 0.01875 0.0359375
6 0.578125 0.53125 0.01875 0.034375
6 0.61328125 0.53203125 0.0203125 0.0359375
6 0.646875 0.5359375 0.015625 0.03125
6 0.66640625 0.5375 0.0171875 0.03125
6 0.68359375 0.54453125 0.0140625 0.0390625
6 0.6625 0.62734375 0.01875 0.0390625
6 0.60546875 0.62265625 0.0171875 0.0328125
6 0.41796875 0.9296875 0.0328125 0.015625
6 0.82265625 0.76171875 0.0421875 0.0265625
6 0.528125 0.6671875 0.015625 0.03125
6 0.5484375 0.66484375 0.01875 0.0296875
6 0.56640625 0.66484375 0.0171875 0.0296875
6 0.5828125 0.66484375 0.01875 0.0328125
6 0.603125 0.66796875 0.01875 0.0359375
6 0.62265625 0.665625 0.0171875 0.03125
6 0.68125 0.73125 0.04375 0.01875
6 0.5609375 0.72109375 0.0375 0.0171875
6 0.49296875 0.66171875 0.0171875 0.0359375
6 0.42890625 0.76328125 0.0359375 0.0171875
6 0.4234375 0.78125 0.034375 0.015625
6 0.4234375 0.83671875 0.034375 0.0171875
6 0.4203125 0.85546875 0.03125 0.0140625
6 0.42109375 0.8765625 0.0328125 0.015625
6 0.41796875 0.89296875 0.0328125 0.0140625
6 0.4171875 0.91171875 0.040625 0.0203125
6 0.51171875 0.66796875 0.0171875 0.0296875
6 0.4734375 0.66328125 0.01875 0.0328125
6 0.5890625 0.62109375 0.015625 0.0359375
6 0.73203125 0.67890625 0.0171875 0.0328125
6 0.57109375 0.61640625 0.0171875 0.0328125
6 0.55 0.61875 0.01875 0.034375
6 0.5328125 0.61796875 0.01875 0.0328125
6 0.51484375 0.61875 0.0171875 0.0375
6 0.496875 0.615625 0.01875 0.034375
6 0.8 0.68203125 0.015625 0.0390625
6 0.75078125 0.67890625 0.0171875 0.0359375
6 0.7140625 0.67734375 0.021875 0.0328125
6 0.4375 0.66015625 0.01875 0.0359375
6 0.69609375 0.67578125 0.0171875 0.0328125
6 0.67890625 0.67578125 0.0171875 0.0328125
6 0.6421875 0.6734375 0.01875 0.0375
6 0.35078125 0.64375 0.0171875 0.034375
6 0.36875 0.6515625 0.015625 0.028125
6 0.40234375 0.65703125 0.0171875 0.0328125
6 0.41875 0.659375 0.0125 0.03125
6 0.95546875 0.559375 0.0171875 0.03125
