6 0.82109375 0.25703125 0.0140625 0.0359375
6 0.69453125 0.25 0.0140625 0.034375
6 0.7140625 0.2484375 0.015625 0.03125
6 0.73203125 0.25234375 0.0140625 0.0359375
6 0.75 0.25546875 0.015625 0.0359375
6 0.7671875 0.2515625 0.015625 0.03125
6 0.78671875 0.25078125 0.0140625 0.0296875
6 0.8015625 0.25625 0.015625 0.034375
6 0.8375 0.25625 0.0125 0.03125
6 0.6609375 0.253125 0.0125 0.028125
6 0.8546875 0.2515625 0.015625 0.03125
6 0.8734375 0.25625 0.015625 0.03125
6 0.8921875 0.2546875 0.015625 0.03125
6 0.91015625 0.2578125 0.0171875 0.0375
6 0.946875 0.25546875 0.015625 0.0328125
6 0.9640625 0.2546875 0.015625 0.03125
6 0.98046875 0.2546875 0.0171875 0.034375
6 0.67890625 0.25078125 0.0140625 0.0296875
6 0.6421875 0.2515625 0.015625 0.03125
6 0.62578125 0.25078125 0.0140625 0.0296875
6 0.440625 0.4390625 0.03125 0.015625
5 0.70078125 0.51015625 0.0203125 0.0484375
6 0.4421875 0.29765625 0.03125 0.0140625
6 0.4453125 0.3203125 0.03125 0.015625
6 0.44453125 0.3421875 0.0328125 0.015625
6 0.465625 0.40859375 0.015625 0.0328125
6 0.43828125 0.4046875 0.0328125 0.015625
6 0.4375 0.4578125 0.034375 0.015625
5 0.67265625 0.45078125 0.0390625 0.1484375
5 0.79609375 0.2953125 0.1578125 0.05
5 0.74765625 0.371875 0.1421875 0.140625
5 0.8921875 0.46484375 0.0375 0.1453125
5 0.91953125 0.46953125 0.0390625 0.1421875
5 0.346875 0.453125 0.05625 0.01875
5 0.05546875 0.7140625 0.0390625 0.01875
5 0.0859375 0.6140625 0.0375 0.01875
5 0.134375 0.61953125 0.0375 0.0171875
5 0.18515625 0.5953125 0.0203125 0.040625
5 0.2046875 0.59765625 0.01875 0.0421875
5 0.23515625 0.596875 0.0203125 0.0375
5 0.1265625 0.58671875 0.015625 0.0390625
5 0.053125 0.66015625 0.040625 0.0140625
5 0.05859375 0.7375 0.0453125 0.01875
5 0.1375 0.76171875 0.015625 0.0296875
5 0.08984375 0.759375 0.0140625 0.028125
5 0.2296875 0.54140625 0.01875 0.0390625
