6 0.425 0.05546875 0.040625 0.0453125
6 0.4890625 0.92109375 0.034375 0.0296875
6 0.52578125 0.75625 0.0421875 0.0375
6 0.55703125 0.80234375 0.0421875 0.0328125
6 0.56484375 0.81875 0.0390625 0.028125
6 0.5859375 0.8484375 0.03125 0.028125
6 0.60390625 0.88046875 0.0359375 0.0296875
6 0.6140625 0.89453125 0.034375 0.0296875
6 0.49609375 0.87578125 0.0359375 0.0328125
6 0.40078125 0.903125 0.0328125 0.015625
6 0.40703125 0.865625 0.0328125 0.015625
6 0.4 0.94140625 0.0375 0.0140625
6 0.3625 0.90390625 0.034375 0.0140625
6 0.3625 0.88046875 0.0375 0.0140625
6 0.27421875 0.90625 0.0328125 0.015625
6 0.26796875 0.96328125 0.0359375 0.0140625
6 0.26875 0.9796875 0.034375 0.015625
6 0.51015625 0.721875 0.0390625 0.03125
6 0.40859375 0.85 0.0328125 0.0125
6 0.3734375 0.7234375 0.034375 0.015625
6 0.07578125 0.69921875 0.0171875 0.0359375
6 0.09453125 0.703125 0.0171875 0.03125
6 0.18046875 0.70546875 0.0171875 0.0328125
6 0.196875 0.70859375 0.01875 0.0328125
6 0.215625 0.71015625 0.015625 0.0328125
6 0.23203125 0.70859375 0.0171875 0.0359375
6 0.37578125 0.7046875 0.0328125 0.015625
6 0.36953125 0.740625 0.0328125 0.01875
6 0.40703125 0.83125 0.0328125 0.015625
6 0.41953125 0.68203125 0.0359375 0.0171875
6 0.4171875 0.7 0.034375 0.015625
6 0.415625 0.71953125 0.034375 0.0140625
6 0.4140625 0.7390625 0.0375 0.015625
6 0.4125 0.75625 0.034375 0.0125
6 0.41015625 0.77578125 0.0359375 0.0140625
6 0.409375 0.81328125 0.034375 0.0140625
6 0.35703125 0.97109375 0.0296875 0.0140625
6 0.03984375 0.69765625 0.0171875 0.0359375
6 0.35234375 0.9890625 0.0359375 0.0125
6 0.6640625 0.9859375 0.034375 0.025
6 0.53046875 0.9203125 0.0296875 0.025
6 0.540625 0.93515625 0.03125 0.0265625
6 0.5515625 0.9515625 0.028125 0.025
6 0.515625 0.96953125 0.034375 0.0265625
6 0.53046875 0.98515625 0.0359375 0.0265625
6 0.56171875 0.96875 0.0328125 0.028125
6 0.6609375 0.9671875 0.028125 0.021875
6 0.05859375 0.70078125 0.0171875 0.0328125
6 0.20078125 0.66015625 0.0171875 0.0328125
6 0.1671875 0.65703125 0.015625 0.0359375
6 0.18359375 0.571875 0.0171875 0.034375
6 0.0609375 0.5609375 0.015625 0.034375
6 0.07890625 0.5640625 0.0171875 0.03125
5 0.09609375 0.56484375 0.0140625 0.0328125
6 0.11328125 0.5640625 0.0140625 0.034375
6 0.1328125 0.56640625 0.015625 0.0296875
6 0.14921875 0.57265625 0.0171875 0.0328125
6 0.165625 0.5734375 0.015625 0.0375
6 0.0265625 0.653125 0.015625 0.034375
6 0.01171875 0.55859375 0.0171875 0.0296875
6 0.046875 0.6546875 0.0125 0.034375
6 0.06328125 0.6515625 0.0140625 0.034375
6 0.07890625 0.66015625 0.0171875 0.0328125
6 0.09609375 0.659375 0.0171875 0.03125
6 0.1140625 0.66015625 0.0125 0.0359375
6 0.13203125 0.65703125 0.0140625 0.0328125
6 0.15 0.65859375 0.01875 0.0359375
6 0.04296875 0.5625 0.0171875 0.0375
