4 0.70859375 0.52890625 0.4296875 0.3921875
5 0.725 0.80390625 0.0375 0.0390625
5 0.50625 0.425 0.021875 0.034375
5 0.46015625 0.4171875 0.0421875 0.03125
5 0.42890625 0.36640625 0.0421875 0.0265625
5 0.778125 0.06328125 0.040625 0.0171875
5 0.7546875 0.8359375 0.034375 0.0375
5 0.0734375 0.74453125 0.0375 0.0703125
5 0.05234375 0.740625 0.0328125 0.06875
5 0.04140625 0.05625 0.0328125 0.03125
5 0.03046875 0.7375 0.0296875 0.071875
5 0.065625 0.0296875 0.040625 0.0375
5 0.371875 0.93046875 0.03125 0.0296875
5 0.39375 0.9484375 0.0375 0.0375
5 0.43125 0.95703125 0.034375 0.0390625
5 0.071875 0.928125 0.021875 0.03125
5 0.11796875 0.75390625 0.0265625 0.0421875
