5 0.2171875 0.22109375 0.075 0.0734375
5 0.03125 0.82734375 0.05625 0.0515625
6 0.971875 0.90625 0.034375 0.021875
6 0.92265625 0.959375 0.0421875 0.028125
6 0.64296875 0.95390625 0.0390625 0.0296875
6 0.89296875 0.80078125 0.0328125 0.0203125
5 0.1609375 0.0265625 0.028125 0.03125
6 0.06015625 0.66171875 0.0296875 0.0234375
6 0.253125 0.59765625 0.028125 0.0296875
6 0.26484375 0.61484375 0.0328125 0.0296875
6 0.8171875 0.24453125 0.01875 0.0390625
6 0.85625 0.228125 0.015625 0.0375
6 0.83828125 0.35 0.0421875 0.025
