4 0.30234375 0.73125 0.4734375 0.45625
6 0.82265625 0.8125 0.0171875 0.0375
6 0.99140625 0.82109375 0.0140625 0.0328125
6 0.86171875 0.89453125 0.0203125 0.0421875
6 0.84765625 0.93203125 0.0109375 0.0328125
6 0.89375 0.90546875 0.01875 0.0359375
6 0.8671875 0.93203125 0.01875 0.0359375
5 0.80859375 0.9328125 0.0171875 0.0375
5 0.63046875 0.7359375 0.0203125 0.046875
5 0.6546875 0.73125 0.01875 0.0375
5 0.62734375 0.6734375 0.0421875 0.021875
5 0.659375 0.6015625 0.040625 0.021875
6 0.89140625 0.9390625 0.0171875 0.034375
6 0.93125 0.90390625 0.01875 0.0359375
6 0.92421875 0.94609375 0.0171875 0.0359375
6 0.9453125 0.94453125 0.015625 0.0359375
6 0.9625 0.9109375 0.021875 0.040625
6 0.98359375 0.9109375 0.0171875 0.03125
6 0.978125 0.9484375 0.01875 0.034375
5 0.215625 0.8140625 0.03125 0.04375
6 0.571875 0.4796875 0.015625 0.03125
