5 0.9578125 0.0296875 0.021875 0.034375
5 0.22578125 0.109375 0.0390625 0.028125
5 0.3078125 0.30078125 0.028125 0.0421875
5 0.32421875 0.29609375 0.0328125 0.0515625
5 0.3453125 0.28984375 0.03125 0.0421875
5 0.38359375 0.33125 0.0234375 0.0375
5 0.2265625 0.3234375 0.015625 0.0375
5 0.246875 0.32890625 0.025 0.0390625
5 0.26640625 0.32265625 0.0234375 0.0390625
5 0.37109375 0.29453125 0.0234375 0.0359375
5 0.2890625 0.309375 0.028125 0.040625
5 0.20078125 0.25390625 0.0359375 0.0265625
5 0.19375 0.27734375 0.040625 0.0203125
5 0.10390625 0.228125 0.0203125 0.0375
5 0.13125 0.0125 0.034375 0.025
