6 0.27734375 0.4234375 0.0140625 0.034375
6 0.2984375 0.41328125 0.01875 0.0296875
6 0.29921875 0.3796875 0.0140625 0.03125
6 0.19609375 0.38125 0.0203125 0.034375
6 0.1796875 0.38125 0.015625 0.03125
6 0.1625 0.37734375 0.015625 0.0328125
6 0.0734375 0.40859375 0.015625 0.0328125
6 0.14296875 0.41015625 0.0140625 0.0359375
6 0.15859375 0.4125 0.0171875 0.034375
6 0.1765625 0.4171875 0.015625 0.034375
6 0.19375 0.4171875 0.01875 0.034375
6 0.2125 0.4171875 0.015625 0.03125
6 0.34921875 0.3921875 0.0171875 0.034375
6 0.36953125 0.390625 0.0171875 0.03125
6 0.33203125 0.428125 0.0140625 0.034375
6 0.109375 0.41171875 0.015625 0.0328125
6 0.125 0.40859375 0.015625 0.0296875
6 0.2453125 0.41796875 0.015625 0.0328125
6 0.35234375 0.0234375 0.0421875 0.01875
6 0.0921875 0.37109375 0.01875 0.0296875
6 0.17578125 0.34296875 0.0421875 0.0203125
6 0.0234375 0.365625 0.015625 0.03125
6 0.1875 0.50234375 0.015625 0.0328125
6 0.2296875 0.41640625 0.0125 0.0328125
6 0.11796875 0.50078125 0.0171875 0.0328125
6 0.08984375 0.50390625 0.0203125 0.0359375
6 0.2921875 0.50859375 0.01875 0.0328125
6 0.42890625 0.51796875 0.0140625 0.0328125
6 0.31640625 0.42265625 0.0171875 0.0296875
6 0.38515625 0.4296875 0.0140625 0.03125
6 0.26015625 0.41953125 0.0140625 0.0296875
6 0.34921875 0.4265625 0.0140625 0.03125
6 0.36875 0.43046875 0.015625 0.0328125
5 0.3328125 0.10078125 0.04375 0.0203125
5 0.34140625 0.04765625 0.0453125 0.0140625
5 0.521875 0.06875 0.01875 0.0375
5 0.5234375 0.02109375 0.01875 0.0390625
6 0.4109375 0.52421875 0.01875 0.0328125
6 0.39296875 0.521875 0.0171875 0.034375
6 0.27421875 0.509375 0.0140625 0.034375
6 0.25546875 0.509375 0.0171875 0.034375
6 0.221875 0.50703125 0.015625 0.0328125
6 0.1265625 0.3734375 0.01875 0.03125
6 0.1453125 0.3734375 0.01875 0.034375
6 0.215625 0.3796875 0.015625 0.03125
6 0.48828125 0.37109375 0.0359375 0.0140625
6 0.68515625 0.3703125 0.0328125 0.0125
6 0.68125 0.38671875 0.028125 0.0140625
6 0.68203125 0.40546875 0.0328125 0.0140625
6 0.68046875 0.42265625 0.0296875 0.0171875
6 0.58203125 0.3734375 0.0171875 0.03125
6 0.53359375 0.2671875 0.0328125 0.025
6 0.4921875 0.33828125 0.034375 0.0171875
6 0.484375 0.39140625 0.040625 0.0171875
6 0.68828125 0.33203125 0.0328125 0.0140625
6 0.48671875 0.40625 0.0296875 0.0125
6 0.4859375 0.42421875 0.03125 0.0140625
6 0.4859375 0.4390625 0.03125 0.015625
6 0.48359375 0.47578125 0.0296875 0.0140625
6 0.48046875 0.4921875 0.0328125 0.015625
6 0.68359375 0.34921875 0.0296875 0.0140625
6 0.6875 0.31328125 0.03125 0.0171875
6 0.7703125 0.33515625 0.03125 0.0140625
6 0.81640625 0.23046875 0.0328125 0.0140625
6 0.78125 0.2265625 0.03125 0.01875
6 0.77734375 0.246875 0.0296875 0.015625
6 0.77734375 0.26328125 0.0359375 0.0171875
6 0.77578125 0.28203125 0.0359375 0.0140625
6 0.77421875 0.29921875 0.0296875 0.0171875
6 0.77109375 0.31796875 0.0328125 0.0140625
6 0.765625 0.37265625 0.03125 0.0140625
6 0.6875 0.29375 0.03125 0.015625
6 0.76796875 0.3921875 0.0296875 0.0125
6 0.76796875 0.4109375 0.0328125 0.015625
6 0.76484375 0.428125 0.0328125 0.0125
6 0.76328125 0.44609375 0.0328125 0.0140625
6 0.68984375 0.23828125 0.0359375 0.0171875
6 0.69140625 0.259375 0.0359375 0.015625
6 0.690625 0.27578125 0.03125 0.0140625
6 0.23359375 0.3796875 0.0171875 0.03125
6 0.3375 0.3015625 0.015625 0.03125
6 0.18671875 0.2890625 0.0140625 0.034375
6 0.2375 0.29609375 0.015625 0.0328125
6 0.25546875 0.29609375 0.0171875 0.0328125
6 0.26953125 0.296875 0.0171875 0.03125
6 0.28671875 0.29609375 0.0203125 0.0359375
6 0.3046875 0.2953125 0.0125 0.03125
6 0.32265625 0.2984375 0.0171875 0.034375
6 0.353125 0.30390625 0.015625 0.0359375
6 0.15078125 0.29140625 0.0140625 0.0328125
6 0.371875 0.3 0.015625 0.03125
6 0.38671875 0.39453125 0.0140625 0.0328125
6 0.33515625 0.38984375 0.0171875 0.0328125
6 0.2625 0.38125 0.0125 0.034375
6 0.28359375 0.37734375 0.0140625 0.0359375
6 0.31640625 0.3875 0.0171875 0.034375
6 0.2484375 0.38125 0.01875 0.03125
6 0.16875 0.28828125 0.01875 0.0390625
6 0.134375 0.2828125 0.015625 0.03125
6 0.31171875 0.19921875 0.0359375 0.0140625
6 0.3734375 0.20625 0.034375 0.01875
6 0.39140625 0.30390625 0.0171875 0.0359375
6 0.115625 0.28828125 0.01875 0.0359375
6 0.01328125 0.2765625 0.0140625 0.03125
6 0.03046875 0.28046875 0.0171875 0.0328125
6 0.046875 0.28046875 0.015625 0.0328125
6 0.0640625 0.2828125 0.01875 0.034375
6 0.0890625 0.284375 0.015625 0.034375
6 0.815625 0.25078125 0.034375 0.0171875
6 0.81171875 0.26484375 0.0328125 0.0140625
6 0.8125 0.28515625 0.034375 0.0140625
6 0.80859375 0.3234375 0.0328125 0.015625
6 0.82265625 0.0875 0.0328125 0.015625
6 0.83125 0.0140625 0.03125 0.015625
6 0.82578125 0.03046875 0.0328125 0.0140625
6 0.8234375 0.04921875 0.03125 0.0140625
6 0.7859375 0.04609375 0.03125 0.0140625
6 0.7859375 0.06640625 0.034375 0.0171875
6 0.82421875 0.06875 0.0328125 0.015625
6 0.7875 0.08515625 0.034375 0.0140625
6 0.82265625 0.10703125 0.0328125 0.0171875
6 0.7875 0.103125 0.034375 0.015625
6 0.9015625 0.09765625 0.01875 0.0328125
6 0.7953125 0.0125 0.034375 0.015625
6 0.8046875 0.59921875 0.0125 0.0359375
6 0.88359375 0.47578125 0.0296875 0.0171875
6 0.88203125 0.4921875 0.0265625 0.015625
6 0.88046875 0.53046875 0.0328125 0.0140625
6 0.8734375 0.5671875 0.034375 0.015625
6 0.8453125 0.60390625 0.01875 0.0328125
6 0.825 0.60078125 0.01875 0.0359375
6 0.7515625 0.596875 0.01875 0.03125
6 0.88515625 0.42109375 0.0328125 0.0140625
6 0.76328125 0.4875 0.0359375 0.015625
6 0.79921875 0.46953125 0.0328125 0.0171875
6 0.80078125 0.44921875 0.0328125 0.0171875
6 0.8015625 0.43046875 0.034375 0.0140625
6 0.8046875 0.3765625 0.034375 0.0125
6 0.80859375 0.35859375 0.0328125 0.0140625
6 0.80625 0.3390625 0.03125 0.01875
6 0.88515625 0.4375 0.0328125 0.015625
6 0.88359375 0.40078125 0.0328125 0.0171875
6 0.70078125 0.025 0.0328125 0.015625
6 0.70625 0.04296875 0.0375 0.0140625
6 0.70234375 0.078125 0.0390625 0.015625
6 0.93046875 0.15703125 0.0359375 0.0328125
6 0.9625 0.16171875 0.034375 0.0359375
6 0.88515625 0.38359375 0.0328125 0.0140625
6 0.9140625 0.22734375 0.0375 0.0296875
6 0.89765625 0.27265625 0.0296875 0.0140625
6 0.89609375 0.28828125 0.0296875 0.0171875
6 0.89765625 0.31015625 0.0328125 0.0140625
6 0.890625 0.3265625 0.034375 0.015625
6 0.8890625 0.34453125 0.03125 0.0171875
6 0.88828125 0.36640625 0.0328125 0.0171875
6 0.38046875 0.1609375 0.0328125 0.01875
