6 0.02421875 0.5875 0.0296875 0.03125
6 0.08203125 0.64375 0.0296875 0.028125
6 0.06953125 0.65625 0.0328125 0.03125
6 0.14296875 0.63125 0.0328125 0.03125
6 0.13203125 0.646875 0.0296875 0.028125
6 0.1640625 0.90859375 0.034375 0.0328125
6 0.31171875 0.753125 0.0296875 0.028125
6 0.3078125 0.9703125 0.03125 0.03125
6 0.3515625 0.91875 0.03125 0.03125
6 0.040625 0.91875 0.034375 0.03125
6 0.23828125 0.69375 0.0296875 0.028125
6 0.01875 0.71875 0.03125 0.03125
6 0.0390625 0.69375 0.03125 0.03125
6 0.15859375 0.7359375 0.0328125 0.028125
6 0.16796875 0.721875 0.0328125 0.028125
6 0.18125 0.71171875 0.03125 0.0296875
6 0.190625 0.69765625 0.03125 0.0296875
6 0.0375 0.28203125 0.025 0.0359375
6 0.02265625 0.26328125 0.0203125 0.0328125
6 0.05390625 0.284375 0.0265625 0.034375
6 0.08515625 0.30078125 0.0234375 0.0328125
6 0.10546875 0.44921875 0.0296875 0.0328125
6 0.56953125 0.7109375 0.0265625 0.034375
6 0.21171875 0.55390625 0.0296875 0.0296875
6 0.19765625 0.56796875 0.0296875 0.0328125
6 0.1859375 0.53203125 0.03125 0.0328125
6 0.1296875 0.47265625 0.03125 0.0328125
6 0.33125 0.51015625 0.034375 0.0359375
6 0.2859375 0.4609375 0.034375 0.034375
6 0.2703125 0.4515625 0.034375 0.034375
6 0.209375 0.390625 0.03125 0.0375
6 0.159375 0.34375 0.028125 0.0375
6 0.10078125 0.31328125 0.0265625 0.0359375
6 0.9375 0.6953125 0.01875 0.034375
6 0.81171875 0.5109375 0.0234375 0.034375
6 0.871875 0.71953125 0.021875 0.0359375
6 0.91796875 0.6359375 0.0265625 0.040625
6 0.9328125 0.6 0.021875 0.034375
6 0.86171875 0.58671875 0.0203125 0.0328125
5 0.89765625 0.54140625 0.0359375 0.0546875
6 0.871875 0.528125 0.021875 0.034375
6 0.8390625 0.5359375 0.025 0.034375
6 0.8890625 0.4859375 0.021875 0.034375
6 0.4640625 0.04453125 0.0375 0.0421875
6 0.61171875 0.1671875 0.0328125 0.034375
6 0.5734375 0.15234375 0.034375 0.0390625
6 0.5984375 0.0765625 0.034375 0.034375
6 0.565625 0.07890625 0.040625 0.0390625
6 0.5390625 0.11484375 0.040625 0.0296875
6 0.509375 0.07890625 0.03125 0.0265625
6 0.5078125 0.03828125 0.03125 0.0296875
6 0.8109375 0.47265625 0.028125 0.0265625
6 0.64140625 0.15859375 0.0328125 0.0328125
6 0.684375 0.21015625 0.03125 0.0328125
6 0.6484375 0.2171875 0.03125 0.03125
6 0.68671875 0.27734375 0.0265625 0.0359375
6 0.65625 0.2515625 0.034375 0.0375
6 0.72109375 0.2625 0.0328125 0.040625
6 0.715625 0.2 0.034375 0.034375
6 0.79140625 0.30859375 0.0390625 0.0359375
6 0.784375 0.3390625 0.0375 0.0375
6 0.73515625 0.35546875 0.0328125 0.0390625
6 0.8203125 0.353125 0.01875 0.034375
6 0.85 0.4125 0.028125 0.0375
6 0.75859375 0.40078125 0.0234375 0.0328125
6 0.790625 0.4171875 0.028125 0.034375
6 0.82890625 0.4234375 0.0234375 0.034375
6 0.78125 0.440625 0.025 0.03125
6 0.74765625 0.42265625 0.0203125 0.0296875
6 0.975 0.8359375 0.015625 0.034375
6 0.78359375 0.86171875 0.0140625 0.0328125
6 0.81484375 0.89375 0.0140625 0.03125
6 0.95546875 0.78125 0.0203125 0.034375
6 0.95 0.7359375 0.01875 0.03125
6 0.825 0.5765625 0.025 0.03125
6 0.32734375 0.94296875 0.0328125 0.0328125
6 0.38515625 0.8796875 0.0328125 0.03125
6 0.37421875 0.89609375 0.0328125 0.0328125
6 0.36328125 0.9078125 0.0328125 0.03125
6 0.27421875 0.734375 0.0296875 0.040625
6 0.33515625 0.7234375 0.0328125 0.03125
6 0.32578125 0.73671875 0.0296875 0.0265625
6 0.28828125 0.77265625 0.0359375 0.0328125
6 0.275 0.78671875 0.03125 0.0296875
6 0.26015625 0.7953125 0.0296875 0.03125
6 0.2515625 0.8171875 0.03125 0.034375
6 0.23671875 0.82734375 0.0328125 0.0328125
6 0.22109375 0.83984375 0.0328125 0.0328125
6 0.20703125 0.85859375 0.0296875 0.0296875
6 0.19609375 0.86953125 0.0265625 0.0296875
6 0.184375 0.8828125 0.03125 0.028125
6 0.171875 0.89453125 0.034375 0.0328125
6 0.3390625 0.93203125 0.03125 0.0328125
6 0.31875 0.95859375 0.03125 0.0296875
6 0.2953125 0.9828125 0.028125 0.03125
6 0.153125 0.9171875 0.03125 0.03125
6 0.14140625 0.934375 0.0296875 0.028125
6 0.13125 0.9453125 0.03125 0.03125
6 0.3109375 0.484375 0.03125 0.03125
6 0.38828125 0.57734375 0.0328125 0.0296875
6 0.378125 0.5609375 0.034375 0.028125
6 0.371875 0.5421875 0.028125 0.03125
6 0.3546875 0.53515625 0.03125 0.0296875
6 0.34453125 0.52109375 0.0328125 0.0328125
6 0.32265625 0.4984375 0.0296875 0.028125
6 0.30078125 0.47265625 0.0359375 0.0359375
6 0.121875 0.95859375 0.03125 0.0328125
6 0.2640625 0.4375 0.028125 0.03125
6 0.24921875 0.42578125 0.0328125 0.0328125
6 0.2390625 0.41015625 0.028125 0.0328125
6 0.22578125 0.4 0.0265625 0.03125
6 0.20078125 0.3765625 0.0328125 0.0375
6 0.18671875 0.36640625 0.0296875 0.0359375
6 0.390625 0.5953125 0.034375 0.03125
6 0.403125 0.61015625 0.03125 0.0328125
6 0.4171875 0.62578125 0.028125 0.0265625
6 0.10625 0.16484375 0.034375 0.0234375
6 0.12265625 0.14921875 0.0359375 0.0265625
6 0.1671875 0.16796875 0.0375 0.0296875
6 0.20390625 0.190625 0.0359375 0.03125
6 0.24140625 0.2171875 0.0328125 0.025
6 0.284375 0.240625 0.034375 0.03125
6 0.13359375 0.20390625 0.0390625 0.0328125
6 0.20703125 0.21875 0.0359375 0.03125
6 0.23984375 0.275 0.0359375 0.0375
6 0.29375 0.28203125 0.03125 0.0296875
6 0.32421875 0.27109375 0.0328125 0.0296875
6 0.35 0.3078125 0.0375 0.034375
6 0.33203125 0.32734375 0.0328125 0.0265625
6 0.36796875 0.365625 0.0328125 0.0375
6 0.17265625 0.35703125 0.0265625 0.0328125
6 0.14921875 0.33125 0.0265625 0.034375
6 0.13359375 0.32265625 0.0296875 0.0390625
6 0.490625 0.80859375 0.034375 0.0234375
6 0.10703125 0.9703125 0.0359375 0.034375
6 0.09609375 0.9828125 0.0296875 0.03125
6 0.60703125 0.8625 0.0203125 0.0375
6 0.5890625 0.7796875 0.01875 0.034375
6 0.553125 0.75078125 0.01875 0.0359375
6 0.48671875 0.78984375 0.0359375 0.0234375
6 0.496875 0.8265625 0.034375 0.021875
6 0.115625 0.3171875 0.028125 0.04375
6 0.50234375 0.8453125 0.0328125 0.025
6 0.5078125 0.8671875 0.03125 0.021875
6 0.515625 0.88203125 0.028125 0.0203125
6 0.51953125 0.89921875 0.0296875 0.0234375
6 0.52421875 0.915625 0.0328125 0.021875
6 0.52734375 0.9328125 0.0328125 0.021875
6 0.5296875 0.95 0.03125 0.021875
6 0.534375 0.96484375 0.03125 0.0234375
6 0.5390625 0.98046875 0.0375 0.0265625
6 0.07265625 0.29140625 0.0265625 0.0359375
6 0.42734375 0.42578125 0.0234375 0.0390625
6 0.41875 0.97734375 0.0375 0.0359375
6 0.3921875 0.40546875 0.034375 0.0359375
6 0.428125 0.38828125 0.03125 0.0390625
6 0.05 0.51015625 0.034375 0.0359375
6 0.0828125 0.521875 0.034375 0.034375
6 0.0578125 0.496875 0.03125 0.03125
6 0.06875 0.48671875 0.034375 0.0359375
6 0.07890625 0.46953125 0.0328125 0.0296875
6 0.09375 0.45703125 0.03125 0.0328125
6 0.11953125 0.48125 0.0328125 0.03125
6 0.10859375 0.4953125 0.0359375 0.03125
6 0.09609375 0.50859375 0.0328125 0.0328125
6 0.07421875 0.53203125 0.0328125 0.0296875
6 0.03671875 0.57421875 0.0328125 0.0296875
6 0.0375 0.39921875 0.03125 0.0328125
6 0.0140625 0.42421875 0.028125 0.0296875
6 0.02421875 0.4125 0.0296875 0.03125
6 0.4828125 0.2171875 0.03125 0.03125
6 0.2765625 0.6578125 0.028125 0.03125
6 0.29609375 0.6296875 0.0328125 0.028125
6 0.28671875 0.64453125 0.0296875 0.0296875
6 0.265625 0.66953125 0.028125 0.0296875
6 0.16328125 0.784375 0.0328125 0.03125
6 0.25234375 0.68125 0.0328125 0.03125
6 0.228125 0.7078125 0.03125 0.028125
6 0.215625 0.71640625 0.03125 0.0328125
6 0.20703125 0.73046875 0.0328125 0.0296875
6 0.19453125 0.74453125 0.0296875 0.0296875
6 0.18671875 0.7578125 0.0296875 0.03125
6 0.2734375 0.603125 0.03125 0.03125
6 0.26171875 0.61875 0.0328125 0.03125
6 0.25 0.6359375 0.03125 0.03125
6 0.2390625 0.646875 0.034375 0.03125
6 0.175 0.76953125 0.034375 0.0328125
6 0.15390625 0.79921875 0.0328125 0.0328125
6 0.140625 0.80859375 0.03125 0.0359375
6 0.50546875 0.55234375 0.0296875 0.0328125
6 0.46640625 0.534375 0.0296875 0.040625
6 0.50703125 0.475 0.0265625 0.040625
6 0.47890625 0.434375 0.0265625 0.03125
6 0.46875 0.49453125 0.028125 0.0359375
6 0.0203125 0.94375 0.03125 0.03125
6 0.0265625 0.92734375 0.03125 0.0328125
6 0.0515625 0.90546875 0.03125 0.0296875
6 0.0640625 0.8953125 0.03125 0.034375
6 0.075 0.8859375 0.03125 0.034375
6 0.08515625 0.871875 0.0328125 0.034375
6 0.1 0.86171875 0.03125 0.0296875
6 0.10703125 0.846875 0.0328125 0.03125
6 0.11875 0.8359375 0.03125 0.03125
6 0.1296875 0.821875 0.03125 0.034375
6 0.225 0.65625 0.034375 0.034375
6 0.2140625 0.67109375 0.03125 0.0296875
6 0.20390625 0.6828125 0.0328125 0.03125
6 0.07578125 0.7046875 0.0328125 0.03125
6 0.159375 0.55546875 0.034375 0.0296875
6 0.17578125 0.5421875 0.0296875 0.03125
6 0.1203125 0.6578125 0.028125 0.028125
6 0.11015625 0.66640625 0.0328125 0.0328125
6 0.096875 0.6765625 0.03125 0.028125
6 0.08828125 0.69296875 0.0328125 0.0328125
6 0.0640625 0.71953125 0.03125 0.0328125
6 0.14765625 0.7453125 0.0328125 0.028125
6 0.05390625 0.73046875 0.0359375 0.0328125
6 0.04375 0.740625 0.03125 0.034375
6 0.0328125 0.7546875 0.03125 0.034375
6 0.021875 0.76953125 0.034375 0.0359375
6 0.14921875 0.56953125 0.0328125 0.0296875
6 0.1359375 0.578125 0.0375 0.034375
6 0.12890625 0.5953125 0.0328125 0.03125
6 0.1171875 0.6046875 0.03125 0.03125
6 0.10859375 0.61875 0.0359375 0.034375
6 0.0984375 0.63125 0.03125 0.028125
6 0.06328125 0.66875 0.0328125 0.03125
6 0.05 0.6796875 0.034375 0.03125
6 0.0296875 0.70546875 0.034375 0.0328125
6 0.1859375 0.57890625 0.03125 0.0296875
6 0.1359375 0.75859375 0.034375 0.0296875
6 0.12734375 0.7734375 0.0328125 0.034375
6 0.11328125 0.784375 0.0328125 0.03125
6 0.10390625 0.79921875 0.0328125 0.0296875
6 0.09296875 0.81015625 0.0328125 0.0296875
6 0.08359375 0.821875 0.0296875 0.028125
6 0.0734375 0.83359375 0.034375 0.0328125
6 0.06171875 0.84609375 0.0359375 0.0328125
6 0.046875 0.8578125 0.034375 0.03125
6 0.0359375 0.8703125 0.034375 0.03125
6 0.025 0.88046875 0.034375 0.0328125
6 0.015625 0.89609375 0.03125 0.0296875
6 0.1625 0.60390625 0.028125 0.0296875
6 0.15703125 0.62109375 0.0328125 0.0296875
