4 0.5015625 0.2984375 0.440625 0.43125
5 0.22265625 0.3765625 0.0328125 0.0375
5 0.87734375 0.2703125 0.0359375 0.0375
5 0.96015625 0.9171875 0.0421875 0.03125
5 0.92890625 0.86640625 0.0421875 0.0265625
5 0.45234375 0.15390625 0.0359375 0.0453125
5 0.6609375 0.3515625 0.03125 0.03125
5 0.603125 0.48046875 0.034375 0.0328125
5 0.459375 0.51171875 0.034375 0.0328125
5 0.38671875 0.6125 0.0296875 0.040625
5 0.421875 0.55390625 0.034375 0.0328125
5 0.40703125 0.5046875 0.0328125 0.034375
5 0.41875 0.4890625 0.0375 0.040625
5 0.43203125 0.475 0.0359375 0.034375
5 0.45 0.52421875 0.034375 0.0359375
5 0.54140625 0.55625 0.0328125 0.03125
5 0.565625 0.5296875 0.040625 0.0375
5 0.50078125 0.6453125 0.0359375 0.034375
