6 0.9875 0.9015625 0.021875 0.0375
6 0.86875 0.8765625 0.03125 0.015625
6 0.98671875 0.86328125 0.0171875 0.0265625
6 0.9703125 0.86484375 0.015625 0.0296875
6 0.87578125 0.8390625 0.0296875 0.015625
6 0.87265625 0.85625 0.0265625 0.01875
5 0.88203125 0.8078125 0.0484375 0.021875
6 0.92109375 0.76875 0.0171875 0.034375
6 0.94296875 0.7734375 0.0140625 0.034375
6 0.9609375 0.775 0.015625 0.0375
4 0.4109375 0.58671875 0.44375 0.3984375
5 0.79296875 0.1078125 0.0421875 0.01875
5 0.79765625 0.0171875 0.0390625 0.01875
5 0.809375 0.0609375 0.04375 0.01875
5 0.7609375 0.05859375 0.0375 0.0171875
5 0.8609375 0.06640625 0.0375 0.0171875
5 0.6453125 0.20546875 0.040625 0.0234375
5 0.7703125 0.671875 0.0375 0.025
5 0.7390625 0.84765625 0.0375 0.0234375
5 0.81640625 0.8515625 0.0328125 0.0125
5 0.625 0.9296875 0.0375 0.021875
