5 0.88671875 0.234375 0.1296875 0.034375
5 0.8875 0.31953125 0.140625 0.0359375
5 0.28828125 0.078125 0.0296875 0.040625
5 0.259375 0.11953125 0.028125 0.0390625
5 0.22109375 0.08203125 0.0328125 0.0421875
5 0.21796875 0.12109375 0.0296875 0.0421875
5 0.2890625 0.20078125 0.040625 0.0203125
6 0.846875 0.8609375 0.034375 0.015625
5 0.82421875 0.6953125 0.0421875 0.01875
5 0.83671875 0.428125 0.0671875 0.025
5 0.8390625 0.36796875 0.0625 0.0234375
5 0.8453125 0.26640625 0.071875 0.0265625
5 0.834375 0.16953125 0.04375 0.0171875
6 0.79921875 0.025 0.0234375 0.0375
6 0.75 0.01953125 0.021875 0.0390625
6 0.73046875 0.0203125 0.0203125 0.040625
6 0.71171875 0.01953125 0.0203125 0.0328125
6 0.97109375 0.02421875 0.0265625 0.0390625
6 0.9515625 0.021875 0.025 0.034375
