6 0.79921875 0.28671875 0.0359375 0.0171875
6 0.815625 0.04296875 0.034375 0.0140625
6 0.8140625 0.06171875 0.034375 0.0140625
6 0.809375 0.08125 0.0375 0.015625
6 0.809375 0.146875 0.034375 0.015625
6 0.8078125 0.221875 0.0375 0.01875
6 0.80390625 0.2421875 0.0328125 0.01875
6 0.90703125 0.05 0.0359375 0.015625
6 0.9421875 0.05390625 0.0375 0.0171875
6 0.93515625 0.0734375 0.0296875 0.015625
6 0.93984375 0.0953125 0.0328125 0.015625
6 0.93515625 0.115625 0.0359375 0.015625
6 0.934375 0.1375 0.0375 0.01875
6 0.93203125 0.15390625 0.0328125 0.0171875
6 0.93046875 0.17578125 0.0328125 0.0171875
5 0.96484375 0.2171875 0.0171875 0.040625
6 0.92890625 0.19765625 0.0328125 0.0140625
6 0.9265625 0.21640625 0.034375 0.0171875
6 0.95625 0.38671875 0.01875 0.0359375
6 0.7859375 0.3765625 0.01875 0.034375
6 0.80859375 0.37734375 0.0140625 0.0296875
6 0.9390625 0.38671875 0.01875 0.0359375
6 0.975 0.390625 0.015625 0.03125
6 0.50625 0.45703125 0.04375 0.0203125
6 0.9046875 0.7765625 0.015625 0.03125
6 0.871875 0.7796875 0.015625 0.034375
6 0.925 0.23671875 0.034375 0.0140625
6 0.8875 0.2109375 0.0375 0.01875
6 0.9 0.07109375 0.0375 0.0171875
6 0.90234375 0.0921875 0.0359375 0.015625
6 0.90078125 0.11171875 0.0359375 0.0140625
6 0.8984375 0.1296875 0.03125 0.01875
6 0.8953125 0.15 0.034375 0.015625
6 0.89453125 0.1703125 0.0328125 0.015625
6 0.8921875 0.19296875 0.034375 0.0171875
6 0.88671875 0.23359375 0.0359375 0.0203125
6 0.89921875 0.26015625 0.0328125 0.0140625
6 0.9296875 0.26015625 0.03125 0.0171875
6 0.890625 0.27578125 0.034375 0.0171875
6 0.9265625 0.278125 0.034375 0.015625
6 0.92265625 0.29921875 0.0328125 0.0171875
6 0.8875 0.29375 0.034375 0.0125
