5 0.84609375 0.86875 0.1015625 0.025
5 0.82109375 0.89296875 0.0421875 0.0171875
6 0.9578125 0.71328125 0.015625 0.0359375
6 0.93984375 0.71328125 0.0203125 0.0359375
6 0.909375 0.73984375 0.03125 0.0171875
6 0.91953125 0.7109375 0.0171875 0.03125
6 0.89921875 0.70625 0.0171875 0.03125
6 0.8796875 0.7078125 0.015625 0.034375
6 0.8578125 0.7078125 0.015625 0.0375
6 0.8390625 0.70625 0.01875 0.0375
6 0.80234375 0.703125 0.0171875 0.03125
6 0.85625 0.796875 0.0375 0.01875
6 0.9046875 0.2765625 0.015625 0.03125
6 0.871875 0.2796875 0.015625 0.034375
6 0.890625 0.6 0.015625 0.040625
6 0.9265625 0.60390625 0.01875 0.0359375
6 0.9078125 0.6046875 0.01875 0.0375
6 0.871875 0.6 0.01875 0.040625
6 0.853125 0.59609375 0.015625 0.0328125
5 0.29296875 0.6078125 0.0421875 0.01875
5 0.29765625 0.5171875 0.0390625 0.01875
5 0.309375 0.5609375 0.04375 0.01875
5 0.2609375 0.55859375 0.0375 0.0171875
5 0.3609375 0.56640625 0.0375 0.0171875
5 0.1453125 0.70546875 0.040625 0.0234375
