4 0.8 0.74375 0.38125 0.378125
5 0.9578125 0.19296875 0.0375 0.0328125
5 0.74140625 0.07109375 0.0359375 0.0359375
5 0.29453125 0.515625 0.0359375 0.040625
5 0.6140625 0.63046875 0.034375 0.0328125
5 0.16640625 0.64453125 0.0359375 0.0328125
5 0.4546875 0.32734375 0.03125 0.0296875
5 0.43671875 0.2796875 0.0359375 0.0375
5 0.20625 0.54296875 0.03125 0.0140625
5 0.203125 0.6078125 0.0375 0.03125
5 0.18984375 0.6296875 0.0390625 0.034375
5 0.36015625 0.89140625 0.0390625 0.0390625
5 0.34609375 0.9234375 0.0421875 0.040625
