5 0.3203125 0.71484375 0.11875 0.0359375
5 0.58515625 0.1203125 0.1453125 0.11875
5 0.721875 0.190625 0.040625 0.15625
5 0.57109375 0.26171875 0.1453125 0.1140625
5 0.525 0.9359375 0.159375 0.03125
6 0.31640625 0.7984375 0.0359375 0.015625
6 0.52421875 0.57265625 0.0359375 0.0171875
6 0.51953125 0.55 0.0359375 0.015625
6 0.346875 0.3609375 0.034375 0.015625
5 0.32421875 0.1953125 0.0421875 0.01875
6 0.84453125 0.43046875 0.0296875 0.0171875
6 0.7640625 0.246875 0.03125 0.015625
6 0.7625 0.26875 0.034375 0.015625
6 0.76015625 0.2875 0.0296875 0.015625
6 0.76015625 0.32421875 0.0359375 0.0140625
6 0.75546875 0.3703125 0.0328125 0.0125
6 0.75390625 0.4046875 0.0328125 0.015625
6 0.84296875 0.390625 0.0296875 0.015625
6 0.76640625 0.21171875 0.0328125 0.0171875
6 0.76796875 0.228125 0.0328125 0.015625
6 0.84921875 0.30703125 0.0359375 0.0140625
6 0.8671875 0.025 0.040625 0.01875
6 0.85234375 0.28671875 0.0328125 0.0140625
6 0.865625 0.0453125 0.034375 0.015625
6 0.86640625 0.07890625 0.0296875 0.0171875
6 0.77578125 0.025 0.0359375 0.0125
6 0.76875 0.1125 0.03125 0.0125
6 0.8609375 0.18515625 0.03125 0.0140625
6 0.85625 0.21875 0.03125 0.0125
