5 0.596875 0.8359375 0.0375 0.028125
5 0.71640625 0.8265625 0.0140625 0.034375
5 0.61015625 0.815625 0.0390625 0.028125
5 0.67734375 0.83046875 0.0203125 0.0390625
5 0.73828125 0.8328125 0.0140625 0.0375
5 0.865625 0.8421875 0.01875 0.04375
6 0.02578125 0.75625 0.0421875 0.0375
6 0.05703125 0.80234375 0.0421875 0.0328125
6 0.06484375 0.81875 0.0390625 0.028125
6 0.0859375 0.8484375 0.03125 0.028125
6 0.10390625 0.88046875 0.0359375 0.0296875
6 0.1140625 0.89453125 0.034375 0.0296875
6 0.1640625 0.9859375 0.034375 0.025
6 0.03046875 0.9203125 0.0296875 0.025
6 0.040625 0.93515625 0.03125 0.0265625
6 0.0515625 0.9515625 0.028125 0.025
6 0.03046875 0.98515625 0.0359375 0.0265625
6 0.06171875 0.96875 0.0328125 0.028125
6 0.1609375 0.9671875 0.028125 0.021875
