6 0.6546875 0.96875 0.03125 0.0375
6 0.96640625 0.88671875 0.0390625 0.0328125
6 0.94921875 0.8765625 0.0328125 0.034375
6 0.928125 0.85390625 0.034375 0.0359375
6 0.91640625 0.84453125 0.0328125 0.0359375
6 0.90390625 0.83359375 0.0359375 0.0359375
6 0.89140625 0.82265625 0.0359375 0.0421875
6 0.878125 0.81171875 0.034375 0.0359375
6 0.86875 0.7984375 0.03125 0.034375
6 0.85546875 0.790625 0.0390625 0.0375
6 0.2953125 0.66875 0.0375 0.021875
6 0.8484375 0.8984375 0.034375 0.028125
6 0.85390625 0.91640625 0.0390625 0.0265625
6 0.85625 0.93125 0.034375 0.028125
6 0.8640625 0.94375 0.0375 0.028125
6 0.8703125 0.9625 0.040625 0.028125
6 0.878125 0.978125 0.0375 0.021875
6 0.84375 0.77421875 0.034375 0.0359375
6 0.83203125 0.76484375 0.0296875 0.0328125
6 0.8203125 0.7546875 0.034375 0.0375
6 0.8078125 0.7421875 0.0375 0.04375
6 0.79296875 0.7328125 0.0328125 0.034375
6 0.78125 0.72109375 0.034375 0.0359375
6 0.76953125 0.70625 0.0359375 0.0375
6 0.98828125 0.94140625 0.0171875 0.0453125
6 0.96953125 0.9265625 0.0171875 0.04375
6 0.21484375 0.67890625 0.0296875 0.0203125
6 0.3359375 0.6640625 0.034375 0.01875
6 0.39453125 0.65078125 0.0203125 0.0390625
6 0.54921875 0.95078125 0.0359375 0.0328125
6 0.60625 0.95546875 0.025 0.0328125
6 0.65 0.921875 0.0375 0.034375
6 0.6109375 0.928125 0.034375 0.034375
6 0.57578125 0.934375 0.0359375 0.028125
6 0.575 0.89765625 0.040625 0.0328125
6 0.60390625 0.87421875 0.0234375 0.0359375
6 0.615625 0.825 0.034375 0.03125
6 0.6328125 0.80390625 0.034375 0.0328125
6 0.37890625 0.865625 0.0390625 0.028125
6 0.44921875 0.7390625 0.0359375 0.025
6 0.4796875 0.78515625 0.040625 0.0296875
6 0.55703125 0.82265625 0.0359375 0.0265625
6 0.6609375 0.69375 0.0375 0.040625
5 0.22578125 0.234375 0.1015625 0.084375
6 0.0453125 0.14921875 0.028125 0.0328125
6 0.01875 0.18203125 0.028125 0.0328125
6 0.02265625 0.4046875 0.0328125 0.03125
6 0.60859375 0.55234375 0.0328125 0.0359375
6 0.6765625 0.478125 0.03125 0.03125
6 0.66875 0.4890625 0.03125 0.028125
6 0.65546875 0.50234375 0.0328125 0.0328125
6 0.64609375 0.51875 0.0328125 0.03125
6 0.634375 0.528125 0.028125 0.028125
6 0.62265625 0.54140625 0.0296875 0.0328125
6 0.60078125 0.56796875 0.0390625 0.0359375
6 0.70390625 0.565625 0.0359375 0.034375
6 0.87734375 0.25546875 0.0296875 0.0328125
6 0.88828125 0.24296875 0.0328125 0.0296875
6 0.8984375 0.22890625 0.034375 0.0296875
6 0.9109375 0.2140625 0.03125 0.028125
6 0.92265625 0.20234375 0.0296875 0.0296875
6 0.93359375 0.18828125 0.0296875 0.0296875
6 0.6890625 0.4640625 0.03125 0.034375
6 0.6984375 0.4515625 0.028125 0.03125
6 0.71328125 0.440625 0.0296875 0.034375
6 0.72421875 0.4265625 0.0328125 0.034375
6 0.7359375 0.41484375 0.03125 0.0359375
6 0.746875 0.4046875 0.028125 0.03125
6 0.75625 0.38984375 0.03125 0.0328125
6 0.76953125 0.37578125 0.0359375 0.0328125
6 0.78203125 0.36328125 0.0296875 0.0328125
6 0.7921875 0.353125 0.03125 0.03125
6 0.8015625 0.3375 0.028125 0.03125
6 0.81640625 0.3234375 0.0328125 0.03125
6 0.83828125 0.30390625 0.0296875 0.0296875
6 0.85078125 0.28984375 0.0328125 0.0296875
6 0.5875 0.52421875 0.028125 0.0296875
6 0.59765625 0.5125 0.0296875 0.034375
6 0.6078125 0.5 0.034375 0.0375
6 0.9515625 0.175 0.0375 0.034375
6 0.71796875 0.553125 0.0328125 0.034375
6 0.91015625 0.3953125 0.0296875 0.03125
6 0.93671875 0.30625 0.0296875 0.03125
6 0.95078125 0.29921875 0.0359375 0.0359375
6 0.9625 0.28203125 0.034375 0.0328125
6 0.9734375 0.26875 0.034375 0.03125
6 0.7296875 0.53984375 0.03125 0.0359375
6 0.97734375 0.31953125 0.0328125 0.0296875
6 0.96328125 0.3328125 0.0328125 0.034375
6 0.9515625 0.34453125 0.03125 0.0328125
6 0.940625 0.359375 0.03125 0.03125
6 0.93125 0.3703125 0.03125 0.028125
6 0.92265625 0.328125 0.0296875 0.025
6 0.909375 0.3421875 0.03125 0.03125
6 0.90078125 0.35625 0.0296875 0.034375
6 0.88515625 0.36953125 0.0296875 0.0296875
6 0.875 0.38203125 0.028125 0.0265625
6 0.8625 0.3921875 0.034375 0.034375
6 0.85078125 0.4046875 0.0359375 0.028125
6 0.83984375 0.4171875 0.0328125 0.028125
6 0.8296875 0.43125 0.03125 0.028125
6 0.81796875 0.44140625 0.0328125 0.0328125
6 0.80703125 0.45390625 0.0296875 0.0296875
6 0.79453125 0.46796875 0.0359375 0.0328125
6 0.7828125 0.48125 0.034375 0.03125
6 0.771875 0.49453125 0.03125 0.0296875
6 0.7609375 0.50546875 0.03125 0.0328125
6 0.75 0.51875 0.0375 0.034375
6 0.7390625 0.52890625 0.034375 0.0296875
6 0.62109375 0.48828125 0.0328125 0.0359375
6 0.63046875 0.47578125 0.0296875 0.0328125
6 0.64453125 0.46640625 0.0328125 0.0359375
6 0.30546875 0.10625 0.0359375 0.03125
6 0.72734375 0.0984375 0.0296875 0.01875
6 0.34921875 0.22109375 0.0421875 0.0328125
6 0.65390625 0.45390625 0.0328125 0.0359375
6 0.4640625 0.353125 0.03125 0.034375
5 0.47109375 0.33828125 0.0421875 0.0421875
6 0.4859375 0.3265625 0.03125 0.034375
6 0.50390625 0.31875 0.0328125 0.034375
6 0.509375 0.3 0.0375 0.034375
6 0.5203125 0.28671875 0.034375 0.0328125
6 0.5890625 0.034375 0.03125 0.025
6 0.53359375 0.27734375 0.0328125 0.0328125
6 0.54140625 0.2625 0.0328125 0.03125
6 0.55625 0.25234375 0.028125 0.0296875
6 0.82109375 0.26796875 0.0296875 0.0296875
6 0.6640625 0.4375 0.0375 0.0375
6 0.6765625 0.425 0.03125 0.034375
6 0.6875 0.41484375 0.034375 0.0328125
6 0.696875 0.403125 0.03125 0.03125
6 0.7078125 0.39140625 0.034375 0.0359375
6 0.7203125 0.37890625 0.034375 0.0359375
6 0.7328125 0.365625 0.03125 0.034375
6 0.7421875 0.35234375 0.034375 0.0359375
6 0.75390625 0.34140625 0.0328125 0.0328125
6 0.7671875 0.32734375 0.034375 0.0359375
6 0.7765625 0.315625 0.03125 0.03125
6 0.78828125 0.3046875 0.0328125 0.03125
6 0.796875 0.29296875 0.03125 0.0265625
6 0.81015625 0.2796875 0.0296875 0.03125
6 0.83359375 0.2546875 0.0296875 0.03125
6 0.56640625 0.240625 0.0328125 0.03125
6 0.82578125 0.21796875 0.0328125 0.0203125
6 0.80078125 0.17890625 0.0203125 0.0328125
6 0.77890625 0.17734375 0.0171875 0.0328125
6 0.759375 0.18046875 0.01875 0.0359375
6 0.7421875 0.17578125 0.01875 0.0328125
6 0.71171875 0.25546875 0.0359375 0.0328125
6 0.6984375 0.2703125 0.03125 0.03125
6 0.68984375 0.28046875 0.0296875 0.0328125
6 0.67734375 0.29609375 0.0296875 0.0296875
6 0.66875 0.309375 0.034375 0.034375
6 0.63828125 0.28671875 0.0328125 0.0359375
6 0.65078125 0.27421875 0.0296875 0.0328125
6 0.66484375 0.26015625 0.0296875 0.0296875
6 0.58203125 0.228125 0.0328125 0.034375
6 0.92421875 0.38359375 0.0328125 0.0328125
6 0.89921875 0.4046875 0.0328125 0.034375
6 0.93828125 0.659375 0.0328125 0.03125
6 0.95390625 0.65078125 0.0328125 0.0296875
6 0.96484375 0.63828125 0.0296875 0.0328125
6 0.97578125 0.6265625 0.0359375 0.034375
6 0.9296875 0.6765625 0.034375 0.028125
6 0.91953125 0.6890625 0.0328125 0.03125
6 0.90546875 0.6921875 0.0296875 0.028125
6 0.9 0.709375 0.028125 0.028125
6 0.834375 0.65234375 0.028125 0.0328125
6 0.84609375 0.63671875 0.0296875 0.0265625
6 0.8546875 0.6265625 0.028125 0.03125
6 0.8671875 0.61328125 0.028125 0.0296875
6 0.88046875 0.6015625 0.0265625 0.03125
6 0.89140625 0.590625 0.0296875 0.03125
6 0.9046875 0.58125 0.03125 0.03125
6 0.9125 0.56640625 0.03125 0.0296875
6 0.92265625 0.5515625 0.0296875 0.028125
6 0.9328125 0.53515625 0.028125 0.0296875
6 0.94609375 0.528125 0.0296875 0.028125
6 0.88671875 0.41953125 0.0359375 0.0390625
6 0.95703125 0.515625 0.0296875 0.03125
6 0.971875 0.50625 0.028125 0.03125
6 0.98203125 0.4921875 0.0328125 0.03125
6 0.73046875 0.596875 0.0328125 0.03125
6 0.740625 0.58359375 0.03125 0.0359375
6 0.7546875 0.5671875 0.03125 0.028125
6 0.76640625 0.5546875 0.0328125 0.03125
6 0.77734375 0.54296875 0.0296875 0.0296875
6 0.78515625 0.5328125 0.0296875 0.03125
6 0.7984375 0.51953125 0.03125 0.0328125
6 0.8109375 0.50859375 0.03125 0.0328125
6 0.82109375 0.496875 0.0328125 0.03125
6 0.8296875 0.4828125 0.034375 0.03125
6 0.84453125 0.4703125 0.0390625 0.0375
6 0.8578125 0.45859375 0.034375 0.0328125
6 0.86484375 0.44296875 0.0328125 0.0328125
6 0.87734375 0.43125 0.0296875 0.028125
6 0.8171875 0.6140625 0.03125 0.03125
6 0.80546875 0.62734375 0.0296875 0.0296875
6 0.8296875 0.60078125 0.03125 0.0328125
6 0.8421875 0.58984375 0.028125 0.0328125
6 0.86328125 0.565625 0.0265625 0.025
6 0.87890625 0.5578125 0.0265625 0.028125
6 0.88671875 0.54140625 0.0328125 0.0328125
6 0.89453125 0.52734375 0.0296875 0.0296875
6 0.90546875 0.515625 0.0328125 0.03125
6 0.91953125 0.503125 0.0328125 0.028125
6 0.93046875 0.48984375 0.0296875 0.0265625
6 0.94140625 0.478125 0.0296875 0.028125
6 0.95390625 0.46875 0.0328125 0.03125
6 0.965625 0.45625 0.034375 0.034375
6 0.98046875 0.43828125 0.0359375 0.0359375
6 0.121875 0.040625 0.03125 0.028125
6 0.14453125 0.071875 0.0234375 0.0375
