5 0.08515625 0.6203125 0.1453125 0.11875
5 0.221875 0.690625 0.040625 0.15625
6 0.34375 0.11875 0.0375 0.021875
6 0.56171875 0.1171875 0.0421875 0.028125
6 0.55234375 0.13515625 0.0390625 0.0234375
6 0.54765625 0.15390625 0.0359375 0.0234375
6 0.5375 0.18359375 0.0375 0.0265625
6 0.51875 0.234375 0.0375 0.025
6 0.38984375 0.2015625 0.0328125 0.015625
6 0.38828125 0.23671875 0.0328125 0.0140625
6 0.29765625 0.22890625 0.0359375 0.0140625
6 0.3875 0.271875 0.034375 0.015625
6 0.296875 0.24375 0.03125 0.015625
6 0.29453125 0.26484375 0.0328125 0.0140625
6 0.34453125 0.93046875 0.0296875 0.0171875
6 0.2640625 0.746875 0.03125 0.015625
6 0.2625 0.76875 0.034375 0.015625
6 0.26015625 0.7875 0.0296875 0.015625
6 0.26015625 0.82421875 0.0359375 0.0140625
6 0.25546875 0.8703125 0.0328125 0.0125
6 0.25390625 0.9046875 0.0328125 0.015625
6 0.34296875 0.890625 0.0296875 0.015625
6 0.26640625 0.71171875 0.0328125 0.0171875
6 0.26796875 0.728125 0.0328125 0.015625
6 0.34921875 0.80703125 0.0359375 0.0140625
6 0.51328125 0.2921875 0.0328125 0.0125
6 0.37265625 0.496875 0.0328125 0.0125
6 0.5109375 0.3265625 0.034375 0.015625
6 0.5953125 0.32734375 0.021875 0.0453125
6 0.38046875 0.35625 0.0359375 0.0125
6 0.2875 0.40390625 0.03125 0.0140625
6 0.37734375 0.40625 0.0359375 0.015625
6 0.37734375 0.4421875 0.0328125 0.015625
6 0.37734375 0.47734375 0.0328125 0.0140625
6 0.3671875 0.525 0.040625 0.01875
6 0.35234375 0.78671875 0.0328125 0.0140625
6 0.365625 0.5453125 0.034375 0.015625
6 0.36640625 0.57890625 0.0296875 0.0171875
6 0.27578125 0.525 0.0359375 0.0125
6 0.26875 0.6125 0.03125 0.0125
6 0.5828125 0.59921875 0.040625 0.0140625
6 0.3609375 0.68515625 0.03125 0.0140625
6 0.35625 0.71875 0.03125 0.0125
6 0.08515625 0.03046875 0.0203125 0.0328125
6 0.2046875 0.03515625 0.025 0.0421875
6 0.11171875 0.13359375 0.0359375 0.0296875
6 0.1546875 0.03125 0.025 0.0375
6 0.12109375 0.034375 0.0234375 0.0375
6 0.06640625 0.025 0.0234375 0.034375
6 0.05 0.02421875 0.021875 0.0328125
6 0.03203125 0.02578125 0.0234375 0.0359375
6 0.01015625 0.025 0.0203125 0.034375
