6 0.3171875 0.74453125 0.01875 0.0390625
6 0.35625 0.728125 0.015625 0.0375
6 0.33828125 0.85 0.0421875 0.025
5 0.72578125 0.109375 0.0390625 0.028125
5 0.8078125 0.30078125 0.028125 0.0421875
5 0.82421875 0.29609375 0.0328125 0.0515625
5 0.8453125 0.28984375 0.03125 0.0421875
5 0.88359375 0.33125 0.0234375 0.0375
5 0.7265625 0.3234375 0.015625 0.0375
5 0.746875 0.32890625 0.025 0.0390625
5 0.76640625 0.32265625 0.0234375 0.0390625
5 0.87109375 0.29453125 0.0234375 0.0359375
5 0.7890625 0.309375 0.028125 0.040625
5 0.70078125 0.25390625 0.0359375 0.0265625
5 0.69375 0.27734375 0.040625 0.0203125
5 0.60390625 0.228125 0.0203125 0.0375
5 0.63125 0.0125 0.034375 0.025
