5 0.95 0.73203125 0.025 0.0390625
5 0.96953125 0.7203125 0.0296875 0.046875
6 0.934375 0.74375 0.01875 0.034375
6 0.9015625 0.89765625 0.028125 0.0359375
6 0.92265625 0.8921875 0.0265625 0.034375
6 0.884375 0.9078125 0.03125 0.0375
6 0.86875 0.915625 0.028125 0.0375
6 0.85390625 0.9265625 0.0265625 0.0375
6 0.83203125 0.93203125 0.0234375 0.0328125
6 0.82265625 0.946875 0.0265625 0.03125
6 0.81015625 0.95859375 0.0296875 0.0328125
6 0.7890625 0.96640625 0.028125 0.0390625
6 0.92421875 0.97734375 0.0265625 0.0328125
6 0.94375 0.97421875 0.028125 0.0359375
6 0.95625 0.965625 0.03125 0.04375
6 0.97578125 0.95703125 0.0265625 0.0390625
6 0.778125 0.97734375 0.03125 0.0328125
6 0.53828125 0.9796875 0.0328125 0.03125
6 0.209375 0.06875 0.03125 0.03125
6 0.70703125 0.22265625 0.0328125 0.0359375
6 0.5734375 0.32109375 0.04375 0.0453125
6 0.525 0.3390625 0.034375 0.034375
6 0.4875 0.41875 0.03125 0.03125
6 0.790625 0.29140625 0.025 0.0421875
6 0.25625 0.690625 0.034375 0.0375
6 0.284375 0.6984375 0.03125 0.0375
6 0.175 0.803125 0.034375 0.0375
6 0.06484375 0.9765625 0.0453125 0.04375
6 0.0359375 0.946875 0.03125 0.03125
