6 0.3875 0.52578125 0.034375 0.0265625
6 0.09375 0.6203125 0.03125 0.03125
6 0.1171875 0.61171875 0.034375 0.0328125
6 0.18125 0.50390625 0.028125 0.0328125
6 0.12109375 0.50859375 0.0328125 0.0328125
6 0.1546875 0.46875 0.03125 0.0375
6 0.49765625 0.59375 0.0328125 0.021875
6 0.5765625 0.690625 0.034375 0.025
6 0.6265625 0.8484375 0.034375 0.03125
6 0.58046875 0.71015625 0.0390625 0.0265625
6 0.428125 0.65234375 0.03125 0.0234375
6 0.4375 0.684375 0.034375 0.028125
6 0.70546875 0.76484375 0.0328125 0.0328125
6 0.69453125 0.775 0.0328125 0.028125
6 0.659375 0.809375 0.03125 0.03125
6 0.91640625 0.90625 0.0296875 0.03125
6 0.97265625 0.84453125 0.0328125 0.0328125
6 0.925 0.84375 0.03125 0.03125
6 0.934375 0.828125 0.034375 0.03125
6 0.6375 0.83671875 0.034375 0.0328125
6 0.4984375 0.8734375 0.040625 0.028125
6 0.5953125 0.89921875 0.034375 0.0140625
6 0.50234375 0.98203125 0.0328125 0.0140625
6 0.834375 0.121875 0.034375 0.03125
6 0.70703125 0.0890625 0.0328125 0.034375
6 0.68046875 0.11171875 0.0328125 0.0328125
6 0.63671875 0.1609375 0.0296875 0.03125
6 0.61015625 0.18984375 0.0296875 0.0296875
6 0.70625 0.209375 0.03125 0.028125
6 0.86015625 0.1 0.0359375 0.034375
6 0.89765625 0.046875 0.0265625 0.028125
6 0.8609375 0.0359375 0.034375 0.034375
6 0.85 0.04921875 0.03125 0.0328125
6 0.62890625 0.29765625 0.0296875 0.0296875
6 0.73828125 0.34609375 0.0328125 0.0296875
6 0.86328125 0.2109375 0.0328125 0.03125
6 0.9203125 0.15078125 0.03125 0.0296875
6 0.928125 0.13671875 0.03125 0.0296875
6 0.9390625 0.121875 0.03125 0.03125
6 0.8140625 0.3234375 0.03125 0.03125
6 0.8234375 0.31171875 0.03125 0.0328125
6 0.80234375 0.334375 0.0265625 0.028125
6 0.68671875 0.41015625 0.0328125 0.0328125
6 0.703125 0.4484375 0.028125 0.03125
6 0.64453125 0.334375 0.0328125 0.034375
6 0.7078125 0.384375 0.03125 0.03125
6 0.909375 0.6953125 0.03125 0.03125
6 0.9421875 0.53203125 0.028125 0.0296875
6 0.97109375 0.446875 0.0328125 0.03125
6 0.9 0.40625 0.03125 0.03125
6 0.96484375 0.33046875 0.0265625 0.0296875
6 0.975 0.31796875 0.03125 0.0296875
6 0.93828125 0.30625 0.0328125 0.03125
6 0.14296875 0.965625 0.0234375 0.0375
6 0.6296875 0.56015625 0.0375 0.0328125
6 0.57421875 0.49609375 0.0390625 0.0390625
6 0.58515625 0.5078125 0.0359375 0.040625
6 0.596875 0.51953125 0.040625 0.0359375
6 0.609375 0.53125 0.0375 0.0375
6 0.665625 0.5265625 0.028125 0.03125
6 0.61875 0.54453125 0.0375 0.0328125
6 0.63828125 0.5734375 0.0359375 0.03125
6 0.7140625 0.6828125 0.0375 0.03125
6 0.65 0.58671875 0.034375 0.0296875
6 0.6609375 0.59921875 0.0375 0.0359375
6 0.67109375 0.6125 0.0359375 0.03125
6 0.68359375 0.625 0.0390625 0.03125
6 0.68671875 0.6421875 0.0359375 0.034375
6 0.6953125 0.65625 0.034375 0.03125
6 0.56328125 0.48046875 0.0421875 0.0421875
6 0.55 0.47109375 0.0375 0.0359375
6 0.5375 0.459375 0.034375 0.034375
6 0.52578125 0.446875 0.0359375 0.0375
6 0.51484375 0.4359375 0.0328125 0.034375
6 0.503125 0.42265625 0.034375 0.0359375
6 0.490625 0.40859375 0.03125 0.0328125
6 0.4828125 0.3984375 0.034375 0.034375
6 0.46640625 0.38671875 0.0390625 0.0328125
6 0.44921875 0.3765625 0.0328125 0.034375
6 0.428125 0.35390625 0.034375 0.0359375
6 0.41640625 0.34453125 0.0328125 0.0359375
6 0.40390625 0.33359375 0.0359375 0.0359375
6 0.39140625 0.32265625 0.0359375 0.0421875
6 0.378125 0.31171875 0.034375 0.0359375
6 0.36875 0.2984375 0.03125 0.034375
6 0.35546875 0.290625 0.0390625 0.0375
6 0.70546875 0.6703125 0.0359375 0.03125
6 0.72265625 0.6984375 0.0359375 0.03125
6 0.39609375 0.54140625 0.0359375 0.0265625
6 0.4234375 0.63828125 0.034375 0.0234375
6 0.41953125 0.6203125 0.0328125 0.028125
6 0.41171875 0.60625 0.0359375 0.025
6 0.409375 0.58828125 0.0375 0.0265625
6 0.403125 0.5734375 0.034375 0.025
6 0.39921875 0.559375 0.0359375 0.025
6 0.3484375 0.3984375 0.034375 0.028125
6 0.72734375 0.7140625 0.0328125 0.03125
6 0.35390625 0.41640625 0.0390625 0.0265625
6 0.35625 0.43125 0.034375 0.028125
6 0.3640625 0.44375 0.0375 0.028125
6 0.3703125 0.4625 0.040625 0.028125
6 0.378125 0.478125 0.0375 0.021875
6 0.37890625 0.49453125 0.0328125 0.0234375
6 0.4546875 0.7296875 0.040625 0.028125
6 0.44765625 0.7125 0.0421875 0.025
6 0.446875 0.69765625 0.034375 0.0265625
6 0.56015625 0.7859375 0.0359375 0.025
6 0.55859375 0.76796875 0.0453125 0.0296875
6 0.55078125 0.7515625 0.0359375 0.025
6 0.5453125 0.73359375 0.040625 0.0265625
6 0.54296875 0.71796875 0.0359375 0.0234375
6 0.5390625 0.7015625 0.034375 0.025
6 0.5328125 0.6875 0.034375 0.028125
6 0.53046875 0.67109375 0.0359375 0.0265625
6 0.5234375 0.65625 0.0375 0.025
6 0.5140625 0.64140625 0.034375 0.0265625
6 0.5109375 0.6234375 0.03125 0.025
6 0.50859375 0.60859375 0.0328125 0.0234375
6 0.75078125 0.74375 0.0359375 0.028125
6 0.74140625 0.72734375 0.0328125 0.0296875
6 0.34375 0.27421875 0.034375 0.0359375
6 0.33203125 0.26484375 0.0296875 0.0328125
6 0.3203125 0.2546875 0.034375 0.0375
6 0.3078125 0.2421875 0.0375 0.04375
6 0.29296875 0.2328125 0.0328125 0.034375
6 0.28125 0.22109375 0.034375 0.0359375
6 0.26953125 0.20625 0.0359375 0.0375
6 0.634375 0.60234375 0.01875 0.0359375
6 0.61328125 0.5765625 0.0171875 0.040625
6 0.59140625 0.55078125 0.0140625 0.0453125
6 0.57109375 0.5203125 0.0140625 0.040625
6 0.546875 0.50078125 0.015625 0.0421875
6 0.52890625 0.47421875 0.0171875 0.0421875
6 0.5078125 0.45625 0.015625 0.04375
6 0.48828125 0.44140625 0.0171875 0.0453125
6 0.46953125 0.4265625 0.0171875 0.04375
6 0.22734375 0.63359375 0.0265625 0.0328125
6 0.01796875 0.59609375 0.0328125 0.0390625
6 0.03203125 0.60390625 0.0296875 0.0296875
6 0.04140625 0.6171875 0.0328125 0.0375
6 0.46171875 0.74453125 0.0390625 0.0296875
6 0.846875 0.98046875 0.0375 0.0234375
6 0.46328125 0.76328125 0.0390625 0.0265625
6 0.46796875 0.7796875 0.0359375 0.025
6 0.47421875 0.79609375 0.0390625 0.0296875
6 0.48203125 0.8109375 0.0359375 0.028125
6 0.4875 0.825 0.0375 0.025
6 0.49140625 0.83984375 0.0359375 0.0265625
6 0.04921875 0.45078125 0.0359375 0.0328125
6 0.10625 0.45546875 0.025 0.0328125
6 0.14375 0.4953125 0.034375 0.0375
6 0.15 0.421875 0.0375 0.034375
6 0.1109375 0.428125 0.034375 0.034375
6 0.07578125 0.434375 0.0359375 0.028125
6 0.075 0.39765625 0.040625 0.0328125
6 0.10390625 0.37421875 0.0234375 0.0359375
6 0.115625 0.325 0.034375 0.03125
6 0.1328125 0.30390625 0.034375 0.0328125
6 0.05703125 0.32265625 0.0359375 0.0265625
6 0.1609375 0.19375 0.0375 0.040625
6 0.49375 0.8578125 0.0375 0.025
6 0.50234375 0.88984375 0.0359375 0.0265625
6 0.68515625 0.7859375 0.0328125 0.03125
6 0.84140625 0.96640625 0.0390625 0.0234375
6 0.83515625 0.9515625 0.0421875 0.028125
6 0.8296875 0.93515625 0.040625 0.0265625
6 0.8234375 0.91953125 0.040625 0.0265625
6 0.81875 0.903125 0.040625 0.028125
6 0.8125 0.8859375 0.04375 0.028125
6 0.8078125 0.87109375 0.040625 0.0265625
6 0.8015625 0.85625 0.040625 0.03125
6 0.79375 0.840625 0.0375 0.028125
6 0.67421875 0.8 0.0328125 0.03125
6 0.59375 0.98203125 0.03125 0.0171875
6 0.596875 0.96796875 0.03125 0.0140625
6 0.59609375 0.9484375 0.0328125 0.015625
6 0.59609375 0.93203125 0.0359375 0.0171875
6 0.5953125 0.91484375 0.034375 0.0171875
6 0.6 0.8671875 0.034375 0.03125
6 0.61640625 0.859375 0.0328125 0.03125
6 0.6515625 0.82578125 0.034375 0.0328125
6 0.10859375 0.05234375 0.0328125 0.0359375
6 0.14609375 0.01875 0.0328125 0.03125
6 0.134375 0.028125 0.028125 0.028125
6 0.12265625 0.04140625 0.0296875 0.0328125
6 0.10078125 0.06796875 0.0390625 0.0359375
6 0.20390625 0.065625 0.0359375 0.034375
6 0.0875 0.02421875 0.028125 0.0296875
6 0.21796875 0.053125 0.0328125 0.034375
6 0.2296875 0.03984375 0.03125 0.0359375
6 0.25 0.01875 0.0375 0.034375
6 0.2390625 0.02890625 0.034375 0.0296875
6 0.509375 0.08671875 0.03125 0.0328125
6 0.43828125 0.159375 0.0328125 0.03125
6 0.45390625 0.15078125 0.0328125 0.0296875
6 0.46484375 0.13828125 0.0296875 0.0328125
6 0.47578125 0.1265625 0.0359375 0.034375
6 0.4859375 0.11171875 0.03125 0.0296875
6 0.4953125 0.10078125 0.03125 0.0328125
6 0.5203125 0.07578125 0.028125 0.0265625
6 0.52578125 0.06015625 0.0328125 0.0328125
6 0.54296875 0.04921875 0.0296875 0.0296875
6 0.553125 0.03828125 0.034375 0.0359375
6 0.56640625 0.02578125 0.0328125 0.0296875
6 0.578125 0.0140625 0.028125 0.025
6 0.4296875 0.1765625 0.034375 0.028125
6 0.41953125 0.1890625 0.0328125 0.03125
6 0.40546875 0.1921875 0.0296875 0.028125
6 0.4 0.209375 0.028125 0.028125
6 0.334375 0.15234375 0.028125 0.0328125
6 0.34609375 0.13671875 0.0296875 0.0265625
6 0.3546875 0.1265625 0.028125 0.03125
6 0.3671875 0.11328125 0.028125 0.0296875
6 0.38046875 0.1015625 0.0265625 0.03125
6 0.39140625 0.090625 0.0296875 0.03125
6 0.4046875 0.08125 0.03125 0.03125
6 0.4125 0.06640625 0.03125 0.0296875
6 0.42265625 0.0515625 0.0296875 0.028125
6 0.4328125 0.03515625 0.028125 0.0296875
6 0.44609375 0.028125 0.0296875 0.028125
6 0.69140625 0.09609375 0.0265625 0.0265625
6 0.759375 0.02109375 0.028125 0.0328125
6 0.75078125 0.034375 0.0359375 0.03125
6 0.740625 0.0453125 0.034375 0.03125
6 0.72578125 0.0609375 0.0296875 0.034375
6 0.71484375 0.075 0.0296875 0.034375
6 0.67109375 0.12109375 0.0265625 0.0265625
6 0.6609375 0.13828125 0.03125 0.0296875
6 0.65 0.1515625 0.028125 0.03125
6 0.62734375 0.1734375 0.0265625 0.028125
6 0.596875 0.209375 0.03125 0.028125
6 0.5734375 0.2375 0.03125 0.03125
6 0.559375 0.25 0.028125 0.03125
6 0.45703125 0.015625 0.0296875 0.03125
6 0.23046875 0.096875 0.0328125 0.03125
6 0.240625 0.08359375 0.03125 0.0359375
6 0.2546875 0.0671875 0.03125 0.028125
6 0.26640625 0.0546875 0.0328125 0.03125
6 0.27734375 0.04296875 0.0296875 0.0296875
6 0.28515625 0.0328125 0.0296875 0.03125
6 0.2984375 0.01953125 0.03125 0.0328125
6 0.3171875 0.1140625 0.03125 0.03125
6 0.30546875 0.12734375 0.0296875 0.0296875
6 0.3296875 0.10078125 0.03125 0.0328125
6 0.3421875 0.08984375 0.028125 0.0328125
6 0.36328125 0.065625 0.0265625 0.025
6 0.37890625 0.0578125 0.0265625 0.028125
6 0.38671875 0.04140625 0.0328125 0.0328125
6 0.39453125 0.02734375 0.0296875 0.0296875
6 0.40546875 0.015625 0.0328125 0.03125
6 0.53984375 0.2734375 0.0359375 0.03125
6 0.5515625 0.26015625 0.03125 0.0328125
6 0.5296875 0.28671875 0.034375 0.0328125
6 0.8765625 0.73125 0.034375 0.03125
6 0.95078125 0.6484375 0.0328125 0.034375
6 0.93984375 0.65859375 0.0296875 0.0328125
6 0.9296875 0.67109375 0.03125 0.0328125
6 0.91875 0.68046875 0.03125 0.0296875
6 0.89921875 0.709375 0.0328125 0.03125
6 0.8875 0.7203125 0.034375 0.034375
6 0.8625 0.7421875 0.0375 0.03125
6 0.8515625 0.7578125 0.034375 0.034375
6 0.88671875 0.765625 0.0328125 0.028125
6 0.87578125 0.7765625 0.0328125 0.03125
6 0.9609375 0.63203125 0.03125 0.0328125
6 0.97421875 0.621875 0.0359375 0.034375
6 0.94765625 0.8171875 0.0328125 0.034375
6 0.9140625 0.85703125 0.03125 0.0328125
6 0.89609375 0.8640625 0.0359375 0.0375
6 0.96171875 0.85546875 0.0296875 0.0296875
6 0.95078125 0.8671875 0.0328125 0.034375
6 0.9390625 0.88125 0.03125 0.034375
6 0.93203125 0.89375 0.0328125 0.03125
6 0.98046875 0.9609375 0.0359375 0.0375
6 0.9703125 0.975 0.03125 0.03125
6 0.51640625 0.3 0.0296875 0.03125
6 0.8984375 0.17578125 0.034375 0.0328125
6 0.91015625 0.16171875 0.0328125 0.0328125
6 0.9515625 0.11015625 0.028125 0.0296875
6 0.96484375 0.0984375 0.0296875 0.028125
6 0.97421875 0.08515625 0.0359375 0.0328125
6 0.88671875 0.1875 0.0328125 0.03125
6 0.8765625 0.19921875 0.028125 0.0296875
6 0.8546875 0.22265625 0.034375 0.0296875
6 0.84453125 0.2359375 0.0296875 0.03125
6 0.834375 0.25078125 0.028125 0.0296875
6 0.821875 0.25703125 0.034375 0.0328125
6 0.8109375 0.271875 0.034375 0.028125
6 0.8 0.2875 0.03125 0.03125
6 0.78828125 0.29609375 0.0328125 0.0328125
6 0.7765625 0.31171875 0.03125 0.0296875
6 0.7640625 0.32421875 0.03125 0.0296875
6 0.7296875 0.3546875 0.03125 0.03125
6 0.71953125 0.37109375 0.0359375 0.0296875
6 0.70078125 0.3984375 0.0296875 0.03125
6 0.678125 0.421875 0.03125 0.03125
6 0.6640625 0.43359375 0.03125 0.0328125
6 0.6515625 0.446875 0.034375 0.034375
6 0.871875 0.378125 0.03125 0.034375
6 0.77421875 0.49453125 0.0296875 0.0328125
6 0.725 0.42265625 0.03125 0.0328125
6 0.7125 0.434375 0.03125 0.034375
6 0.69140625 0.4609375 0.0328125 0.0375
6 0.67734375 0.46875 0.0265625 0.03125
6 0.73828125 0.52890625 0.0296875 0.0296875
6 0.74765625 0.51484375 0.0328125 0.0328125
6 0.78359375 0.48125 0.0328125 0.034375
6 0.79296875 0.46875 0.0328125 0.034375
6 0.80859375 0.4546875 0.0328125 0.034375
6 0.8171875 0.43984375 0.034375 0.0359375
6 0.8296875 0.43125 0.03125 0.03125
6 0.84140625 0.41796875 0.0328125 0.0328125
6 0.85390625 0.40859375 0.0328125 0.0328125
6 0.73515625 0.4078125 0.0296875 0.034375
6 0.74609375 0.39453125 0.0296875 0.0328125
6 0.75625 0.38125 0.03125 0.034375
6 0.76875 0.3703125 0.03125 0.034375
6 0.7796875 0.359375 0.03125 0.034375
6 0.79375 0.3453125 0.034375 0.03125
6 0.8359375 0.29609375 0.03125 0.0328125
6 0.86953125 0.2609375 0.0296875 0.028125
6 0.88125 0.2484375 0.034375 0.034375
6 0.890625 0.234375 0.03125 0.03125
6 0.90078125 0.22421875 0.0296875 0.0328125
6 0.91328125 0.21015625 0.0328125 0.0328125
6 0.92734375 0.20078125 0.0328125 0.0328125
6 0.93359375 0.1828125 0.0328125 0.034375
6 0.9578125 0.1609375 0.034375 0.034375
6 0.96640625 0.146875 0.0328125 0.034375
6 0.978125 0.13125 0.03125 0.03125
6 0.6 0.384375 0.028125 0.028125
6 0.61328125 0.37265625 0.0296875 0.0265625
6 0.62421875 0.35703125 0.0296875 0.0296875
6 0.80859375 0.09609375 0.0296875 0.0296875
6 0.81953125 0.08671875 0.0296875 0.0296875
6 0.83203125 0.0734375 0.0296875 0.028125
6 0.84375 0.05859375 0.034375 0.0296875
6 0.87578125 0.02265625 0.0328125 0.0328125
6 0.634375 0.346875 0.03125 0.034375
6 0.79765625 0.109375 0.0296875 0.03125
6 0.7859375 0.12421875 0.034375 0.0296875
6 0.77109375 0.13046875 0.0296875 0.0328125
6 0.76484375 0.14609375 0.0296875 0.0296875
6 0.75234375 0.159375 0.0296875 0.03125
6 0.7390625 0.16796875 0.03125 0.0296875
6 0.7296875 0.18359375 0.03125 0.0296875
6 0.68515625 0.23046875 0.0296875 0.0296875
6 0.678125 0.24453125 0.03125 0.0296875
6 0.6671875 0.25859375 0.03125 0.0328125
6 0.653125 0.26953125 0.03125 0.0296875
6 0.6421875 0.28515625 0.03125 0.0328125
6 0.621875 0.30625 0.03125 0.028125
6 0.609375 0.31953125 0.03125 0.0296875
6 0.5984375 0.3328125 0.028125 0.03125
6 0.58828125 0.3453125 0.0296875 0.03125
6 0.575 0.35546875 0.03125 0.0328125
6 0.82578125 0.13671875 0.0328125 0.0328125
6 0.6609375 0.321875 0.03125 0.03125
6 0.66875 0.3078125 0.03125 0.03125
6 0.67890625 0.296875 0.0265625 0.028125
6 0.690625 0.28359375 0.03125 0.0328125
6 0.7 0.26953125 0.03125 0.0328125
6 0.71328125 0.25859375 0.0359375 0.0421875
6 0.7265625 0.2453125 0.03125 0.03125
6 0.746875 0.21953125 0.03125 0.0296875
6 0.75546875 0.20703125 0.0296875 0.0328125
6 0.7640625 0.19609375 0.03125 0.0328125
6 0.7796875 0.1828125 0.03125 0.03125
6 0.78984375 0.16953125 0.0296875 0.0296875
6 0.80390625 0.16015625 0.0328125 0.0296875
6 0.8125 0.14765625 0.034375 0.0328125
6 0.84765625 0.109375 0.0328125 0.034375
6 0.86875 0.08515625 0.03125 0.0296875
6 0.8765625 0.07109375 0.03125 0.0328125
6 0.8890625 0.05859375 0.028125 0.0296875
6 0.91328125 0.03359375 0.0328125 0.0328125
6 0.92265625 0.02109375 0.0328125 0.0328125
6 0.8609375 0.39140625 0.03125 0.0328125
6 0.88359375 0.36484375 0.0328125 0.0359375
6 0.82890625 0.6078125 0.0359375 0.034375
6 0.815625 0.621875 0.03125 0.028125
6 0.80546875 0.63125 0.0296875 0.028125
6 0.79296875 0.640625 0.0359375 0.034375
6 0.8375 0.59609375 0.03125 0.0296875
6 0.846875 0.58359375 0.03125 0.0296875
6 0.859375 0.57109375 0.03125 0.0296875
6 0.8703125 0.55859375 0.03125 0.0296875
6 0.88125 0.546875 0.03125 0.03125
6 0.896875 0.53515625 0.028125 0.0328125
6 0.9046875 0.52109375 0.03125 0.0296875
6 0.91328125 0.50625 0.0328125 0.03125
6 0.9234375 0.49296875 0.034375 0.0359375
6 0.93515625 0.48125 0.0296875 0.028125
6 0.9484375 0.46953125 0.03125 0.0328125
6 0.96171875 0.459375 0.0296875 0.028125
6 0.98046875 0.4328125 0.0328125 0.03125
6 0.89296875 0.353125 0.0328125 0.0375
6 0.83828125 0.6421875 0.0296875 0.03125
6 0.91015625 0.5703125 0.0296875 0.03125
6 0.89765625 0.58125 0.0328125 0.0375
6 0.884375 0.59296875 0.03125 0.0328125
6 0.871875 0.60703125 0.028125 0.0328125
6 0.8640625 0.6203125 0.03125 0.03125
6 0.85625 0.6359375 0.03125 0.034375
6 0.82890625 0.65703125 0.0328125 0.0328125
6 0.81875 0.6671875 0.03125 0.028125
6 0.91953125 0.559375 0.0328125 0.034375
6 0.93203125 0.5453125 0.0296875 0.03125
6 0.95234375 0.52109375 0.0296875 0.0328125
6 0.96484375 0.50546875 0.0328125 0.0328125
6 0.97578125 0.4921875 0.0296875 0.03125
6 0.975 0.26953125 0.03125 0.0296875
6 0.96328125 0.28046875 0.0328125 0.0296875
6 0.95234375 0.28984375 0.0328125 0.0328125
6 0.9265625 0.3171875 0.03125 0.028125
6 0.91796875 0.3296875 0.0328125 0.03125
6 0.9078125 0.34375 0.028125 0.028125
6 0.95390625 0.33984375 0.0296875 0.0328125
6 0.94375 0.35625 0.03125 0.03125
6 0.93359375 0.36875 0.0328125 0.03125
6 0.91953125 0.3796875 0.0328125 0.034375
6 0.765625 0.553125 0.03125 0.028125
6 0.77578125 0.54140625 0.0296875 0.0296875
6 0.7859375 0.528125 0.028125 0.034375
6 0.79921875 0.5171875 0.0296875 0.03125
6 0.8109375 0.50390625 0.028125 0.0296875
6 0.81875 0.48828125 0.03125 0.0328125
6 0.83125 0.47890625 0.028125 0.0296875
6 0.84453125 0.46796875 0.0296875 0.0296875
6 0.85546875 0.45703125 0.0296875 0.0296875
6 0.8671875 0.44453125 0.03125 0.0328125
6 0.8796875 0.43046875 0.028125 0.0296875
6 0.88828125 0.41796875 0.0296875 0.0296875
6 0.91015625 0.39375 0.0296875 0.03125
