6 0.8640625 0.23671875 0.025 0.0328125
6 0.8921875 0.2546875 0.028125 0.034375
6 0.90703125 0.26484375 0.0296875 0.0359375
6 0.925 0.26875 0.021875 0.03125
6 0.94609375 0.28046875 0.0234375 0.0359375
6 0.96328125 0.290625 0.0234375 0.03125
6 0.95703125 0.146875 0.0328125 0.040625
6 0.9125 0.1609375 0.028125 0.0375
6 0.9671875 0.1921875 0.025 0.0375
6 0.984375 0.2015625 0.025 0.034375
6 0.846875 0.23125 0.025 0.034375
6 0.9453125 0.13515625 0.025 0.0328125
6 0.89609375 0.11328125 0.0265625 0.0296875
6 0.06015625 0.45234375 0.0453125 0.0296875
6 0.1921875 0.3984375 0.040625 0.025
6 0.240625 0.8390625 0.021875 0.0375
5 0.2625 0.8015625 0.040625 0.03125
5 0.253125 0.32578125 0.040625 0.0296875
6 0.4078125 0.815625 0.034375 0.040625
6 0.3734375 0.7953125 0.03125 0.034375
6 0.4734375 0.778125 0.03125 0.03125
6 0.6703125 0.29296875 0.028125 0.0359375
6 0.69296875 0.29375 0.0234375 0.03125
6 0.68671875 0.45546875 0.0390625 0.0140625
6 0.5765625 0.41015625 0.03125 0.0390625
6 0.6078125 0.35625 0.03125 0.0375
6 0.55390625 0.45 0.0265625 0.034375
6 0.53515625 0.48671875 0.0296875 0.0359375
6 0.78203125 0.1984375 0.0296875 0.040625
5 0.66640625 0.10390625 0.0796875 0.0828125
6 0.64453125 0.29140625 0.0359375 0.0453125
6 0.34296875 0.3421875 0.0390625 0.025
