5 0.8203125 0.21484375 0.11875 0.0359375
5 0.8015625 0.50859375 0.121875 0.0328125
5 0.80390625 0.53671875 0.1296875 0.0359375
5 0.8 0.59609375 0.128125 0.0390625
5 0.79453125 0.621875 0.1171875 0.0375
6 0.32265625 0.8125 0.0171875 0.0375
6 0.49140625 0.82109375 0.0140625 0.0328125
6 0.52578125 0.8265625 0.0171875 0.034375
6 0.56171875 0.821875 0.0171875 0.034375
6 0.5953125 0.83359375 0.015625 0.0359375
6 0.6484375 0.8328125 0.015625 0.0375
6 0.36171875 0.89453125 0.0203125 0.0421875
6 0.34765625 0.93203125 0.0109375 0.0328125
6 0.39375 0.90546875 0.01875 0.0359375
6 0.3671875 0.93203125 0.01875 0.0359375
5 0.30859375 0.9328125 0.0171875 0.0375
5 0.13046875 0.7359375 0.0203125 0.046875
5 0.1546875 0.73125 0.01875 0.0375
5 0.12734375 0.6734375 0.0421875 0.021875
5 0.159375 0.6015625 0.040625 0.021875
6 0.39140625 0.9390625 0.0171875 0.034375
6 0.43125 0.90390625 0.01875 0.0359375
6 0.42421875 0.94609375 0.0171875 0.0359375
6 0.69375 0.9640625 0.015625 0.0375
6 0.890625 0.8484375 0.015625 0.034375
6 0.659375 0.921875 0.015625 0.034375
6 0.675 0.9234375 0.015625 0.034375
6 0.72734375 0.92578125 0.0203125 0.0359375
6 0.81328125 0.93359375 0.0171875 0.0296875
6 0.81171875 0.96640625 0.0203125 0.0359375
6 0.72265625 0.95859375 0.0171875 0.0328125
6 0.67421875 0.959375 0.0171875 0.034375
6 0.8359375 0.83984375 0.015625 0.0328125
6 0.81640625 0.2984375 0.0359375 0.015625
6 0.8734375 0.8484375 0.015625 0.034375
6 0.81953125 0.84296875 0.0171875 0.0359375
6 0.4453125 0.94453125 0.015625 0.0359375
6 0.58671875 0.91484375 0.0203125 0.0359375
6 0.4625 0.9109375 0.021875 0.040625
6 0.48359375 0.9109375 0.0171875 0.03125
6 0.5015625 0.91171875 0.01875 0.0359375
6 0.51875 0.9140625 0.01875 0.028125
6 0.534375 0.91171875 0.015625 0.0390625
6 0.55234375 0.9140625 0.0171875 0.03125
6 0.56875 0.91484375 0.01875 0.0328125
6 0.62109375 0.91953125 0.0140625 0.0328125
6 0.7953125 0.8421875 0.01875 0.040625
6 0.478125 0.9484375 0.01875 0.034375
6 0.496875 0.95 0.01875 0.0375
6 0.53046875 0.95625 0.0203125 0.0375
6 0.565625 0.9515625 0.01875 0.034375
6 0.68359375 0.8359375 0.0140625 0.03125
6 0.71640625 0.8359375 0.0109375 0.03125
6 0.740625 0.83359375 0.015625 0.0328125
6 0.071875 0.4796875 0.015625 0.03125
5 0.771875 0.5625 0.0625 0.021875
