5 0.38671875 0.734375 0.1296875 0.034375
5 0.3875 0.81953125 0.140625 0.0359375
5 0.33671875 0.928125 0.0671875 0.025
5 0.3390625 0.86796875 0.0625 0.0234375
5 0.3453125 0.76640625 0.071875 0.0265625
6 0.84375 0.61875 0.0375 0.021875
6 0.88984375 0.7015625 0.0328125 0.015625
6 0.88828125 0.73671875 0.0328125 0.0140625
6 0.79765625 0.72890625 0.0359375 0.0140625
6 0.8875 0.771875 0.034375 0.015625
6 0.796875 0.74375 0.03125 0.015625
6 0.79453125 0.76484375 0.0328125 0.0140625
6 0.88046875 0.85625 0.0359375 0.0125
6 0.7875 0.90390625 0.03125 0.0140625
6 0.87734375 0.90625 0.0359375 0.015625
6 0.87734375 0.9421875 0.0328125 0.015625
6 0.87734375 0.97734375 0.0328125 0.0140625
5 0.334375 0.66953125 0.04375 0.0171875
6 0.70703125 0.45234375 0.0171875 0.0328125
6 0.3328125 0.5140625 0.025 0.0375
6 0.29921875 0.525 0.0234375 0.0375
6 0.25 0.51953125 0.021875 0.0390625
6 0.23046875 0.5203125 0.0203125 0.040625
6 0.21171875 0.51953125 0.0203125 0.0328125
6 0.1921875 0.515625 0.01875 0.034375
6 0.16640625 0.5125 0.0140625 0.028125
6 0.61171875 0.44453125 0.0203125 0.0359375
6 0.3703125 0.515625 0.025 0.0375
6 0.5921875 0.4421875 0.025 0.034375
6 0.53515625 0.44765625 0.0234375 0.0390625
6 0.48125 0.43984375 0.021875 0.0359375
6 0.46171875 0.43984375 0.0234375 0.0390625
6 0.44453125 0.43671875 0.0234375 0.0390625
6 0.425 0.43515625 0.021875 0.0359375
6 0.40703125 0.43359375 0.0203125 0.0328125
6 0.3515625 0.51484375 0.028125 0.0421875
6 0.39375 0.51484375 0.028125 0.0390625
6 0.371875 0.43203125 0.025 0.0359375
6 0.58515625 0.53046875 0.0203125 0.0328125
5 0.49921875 0.6734375 0.0578125 0.025
5 0.1828125 0.29765625 0.021875 0.0421875
5 0.20625 0.30078125 0.021875 0.0359375
6 0.7046875 0.53515625 0.025 0.0421875
6 0.61171875 0.63359375 0.0359375 0.0296875
6 0.6546875 0.53125 0.025 0.0375
6 0.62109375 0.534375 0.0234375 0.0375
6 0.56640625 0.525 0.0234375 0.034375
6 0.41171875 0.51640625 0.0265625 0.0390625
6 0.55 0.52421875 0.021875 0.0328125
6 0.53203125 0.52578125 0.0234375 0.0359375
6 0.51015625 0.525 0.0203125 0.034375
6 0.49140625 0.52109375 0.0265625 0.0390625
6 0.47109375 0.52421875 0.0265625 0.0390625
6 0.4515625 0.521875 0.025 0.034375
6 0.43125 0.51953125 0.028125 0.0453125
6 0.3890625 0.4328125 0.021875 0.034375
6 0.353125 0.43046875 0.021875 0.0359375
6 0.7109375 0.42109375 0.021875 0.0328125
6 0.490625 0.4 0.025 0.040625
6 0.52734375 0.40703125 0.0234375 0.0359375
6 0.546875 0.40859375 0.025 0.0421875
6 0.5609375 0.41015625 0.025 0.0359375
6 0.58125 0.40703125 0.021875 0.0359375
6 0.65234375 0.41796875 0.0234375 0.0390625
6 0.68984375 0.41640625 0.0265625 0.0390625
6 0.43671875 0.40078125 0.0234375 0.0359375
6 0.453125 0.4015625 0.025 0.040625
6 0.4171875 0.3984375 0.021875 0.0375
6 0.334375 0.43125 0.025 0.040625
6 0.2359375 0.38671875 0.025 0.0359375
6 0.32109375 0.43125 0.0234375 0.0375
6 0.2984375 0.428125 0.021875 0.0375
6 0.28203125 0.42890625 0.0234375 0.0390625
6 0.2640625 0.42578125 0.021875 0.0328125
6 0.246875 0.42109375 0.025 0.0328125
6 0.22734375 0.425 0.0265625 0.0375
6 0.21640625 0.3859375 0.0203125 0.0375
6 0.25625 0.3875 0.025 0.0375
6 0.38125 0.396875 0.021875 0.0375
6 0.275 0.39140625 0.025 0.0421875
6 0.31171875 0.39375 0.0234375 0.0375
6 0.32734375 0.39765625 0.0203125 0.0296875
6 0.24375 0.3046875 0.01875 0.0375
6 0.44140625 0.32109375 0.0203125 0.0390625
6 0.5296875 0.32734375 0.01875 0.0328125
6 0.36171875 0.39375 0.0234375 0.0375
