6 0.20625 0.5625 0.03125 0.03125
6 0.07265625 0.71328125 0.0296875 0.0296875
6 0.02890625 0.6390625 0.0328125 0.034375
6 0.13828125 0.515625 0.0328125 0.034375
6 0.0578125 0.5984375 0.034375 0.034375
6 0.053125 0.55078125 0.0375 0.0328125
6 0.19921875 0.38984375 0.0296875 0.0296875
6 0.228125 0.4140625 0.028125 0.028125
6 0.16171875 0.13125 0.0328125 0.03125
6 0.28984375 0.29453125 0.0328125 0.0296875
6 0.4109375 0.1546875 0.034375 0.03125
6 0.4390625 0.18125 0.034375 0.028125
6 0.27109375 0.140625 0.0328125 0.03125
6 0.384375 0.01875 0.034375 0.03125
6 0.43359375 0.01640625 0.0296875 0.0296875
6 0.4625 0.2765625 0.034375 0.034375
6 0.453125 0.28984375 0.03125 0.0296875
6 0.07265625 0.23125 0.0296875 0.03125
6 0.21640625 0.2015625 0.0296875 0.028125
6 0.41015625 0.040625 0.0328125 0.03125
6 0.55 0.17734375 0.03125 0.0296875
6 0.140625 0.15625 0.028125 0.028125
6 0.24140625 0.0484375 0.0328125 0.03125
6 0.08515625 0.2203125 0.0296875 0.028125
6 0.06015625 0.24375 0.0296875 0.028125
6 0.09140625 0.33671875 0.0328125 0.0328125
6 0.31875 0.1390625 0.03125 0.03125
6 0.33203125 0.12734375 0.0296875 0.0296875
6 0.33046875 0.42734375 0.0328125 0.0328125
6 0.2640625 0.5015625 0.03125 0.028125
6 0.27421875 0.4859375 0.0328125 0.034375
6 0.28671875 0.47421875 0.0328125 0.0296875
6 0.296875 0.46328125 0.03125 0.0328125
6 0.30859375 0.44921875 0.0328125 0.0328125
6 0.31796875 0.4359375 0.0359375 0.034375
6 0.33984375 0.4140625 0.0359375 0.0375
6 0.3484375 0.3984375 0.03125 0.034375
6 0.36171875 0.3875 0.0359375 0.034375
6 0.378125 0.378125 0.034375 0.03125
6 0.38671875 0.36484375 0.0328125 0.0296875
6 0.39453125 0.35234375 0.0328125 0.0328125
6 0.40703125 0.3390625 0.0328125 0.03125
6 0.25390625 0.5140625 0.0359375 0.034375
6 0.23984375 0.525 0.0359375 0.034375
6 0.23125 0.5390625 0.034375 0.034375
6 0.01640625 0.6484375 0.0328125 0.034375
6 0.03671875 0.621875 0.0328125 0.034375
6 0.0484375 0.61015625 0.03125 0.0359375
6 0.06953125 0.58671875 0.0296875 0.0296875
6 0.08125 0.57421875 0.03125 0.0328125
6 0.09609375 0.5640625 0.0359375 0.034375
6 0.10546875 0.55234375 0.0328125 0.0328125
6 0.11640625 0.53515625 0.0390625 0.0390625
6 0.12578125 0.525 0.0328125 0.034375
6 0.15 0.5 0.034375 0.03125
6 0.16328125 0.490625 0.0296875 0.03125
6 0.41796875 0.32578125 0.0328125 0.0328125
6 0.43359375 0.31484375 0.0328125 0.0296875
6 0.44296875 0.30234375 0.0359375 0.0296875
6 0.0546875 0.73828125 0.03125 0.0328125
6 0.02734375 0.7609375 0.0390625 0.040625
6 0.04296875 0.7484375 0.0359375 0.034375
6 0.0609375 0.721875 0.0375 0.0375
6 0.47421875 0.265625 0.0328125 0.03125
6 0.0828125 0.70078125 0.034375 0.0328125
6 0.09609375 0.6890625 0.0296875 0.028125
6 0.1046875 0.67265625 0.0375 0.0359375
6 0.11875 0.6609375 0.03125 0.0375
6 0.16171875 0.6109375 0.0328125 0.034375
6 0.17578125 0.596875 0.0328125 0.03125
6 0.196875 0.5734375 0.03125 0.034375
6 0.21796875 0.5484375 0.0328125 0.03125
6 0.5421875 0.1921875 0.025 0.028125
6 0.53203125 0.20078125 0.0296875 0.0296875
6 0.51953125 0.2125 0.0328125 0.034375
6 0.5109375 0.225 0.034375 0.034375
6 0.49765625 0.23828125 0.0390625 0.0328125
6 0.4890625 0.25390625 0.03125 0.0296875
6 0.1796875 0.46171875 0.03125 0.0328125
5 0.884375 0.12421875 0.034375 0.0984375
6 0.171875 0.475 0.034375 0.034375
6 0.19140625 0.4515625 0.0328125 0.03125
6 0.91640625 0.753125 0.0203125 0.0375
6 0.81640625 0.38046875 0.0171875 0.0390625
6 0.884375 0.35625 0.021875 0.0375
6 0.93359375 0.559375 0.0171875 0.03125
6 0.94296875 0.30625 0.0171875 0.034375
6 0.20234375 0.440625 0.0296875 0.03125
6 0.3171875 0.0875 0.0375 0.034375
6 0.025 0.28046875 0.03125 0.0296875
6 0.01640625 0.29140625 0.0328125 0.0296875
6 0.3640625 0.04296875 0.028125 0.0296875
6 0.34921875 0.04921875 0.0328125 0.0328125
6 0.3359375 0.0625 0.0375 0.034375
6 0.0375 0.26796875 0.034375 0.0296875
6 0.0484375 0.2578125 0.03125 0.03125
6 0.0953125 0.20703125 0.03125 0.0296875
6 0.1046875 0.1921875 0.03125 0.03125
6 0.11484375 0.18203125 0.0296875 0.0328125
6 0.128125 0.16796875 0.034375 0.0328125
6 0.15078125 0.14375 0.0328125 0.034375
6 0.1703125 0.121875 0.034375 0.034375
6 0.18203125 0.10703125 0.0359375 0.0359375
6 0.19140625 0.09453125 0.0328125 0.0328125
6 0.203125 0.08046875 0.03125 0.0328125
6 0.215625 0.06953125 0.03125 0.0328125
6 0.2296875 0.05546875 0.03125 0.0296875
6 0.2484375 0.03203125 0.034375 0.0328125
6 0.25859375 0.01640625 0.0296875 0.0296875
6 0.0625 0.01640625 0.03125 0.0296875
6 0.05546875 0.0328125 0.0296875 0.03125
6 0.040625 0.0453125 0.034375 0.03125
6 0.0296875 0.05703125 0.03125 0.0328125
6 0.0203125 0.071875 0.034375 0.034375
6 0.54765625 0.015625 0.0265625 0.01875
6 0.546875 0.034375 0.03125 0.01875
6 0.32421875 0.07265625 0.0328125 0.0296875
6 0.29921875 0.0984375 0.0359375 0.034375
6 0.21328125 0.37734375 0.0328125 0.0328125
6 0.1359375 0.4671875 0.0375 0.040625
6 0.14765625 0.45703125 0.0296875 0.0296875
6 0.15390625 0.43828125 0.0359375 0.0328125
6 0.16640625 0.4265625 0.0328125 0.03125
6 0.17890625 0.41640625 0.0296875 0.0296875
6 0.18515625 0.4 0.0296875 0.03125
6 0.225 0.3640625 0.03125 0.034375
6 0.3234375 0.25234375 0.034375 0.0328125
6 0.2375 0.353125 0.028125 0.03125
6 0.24765625 0.34453125 0.0296875 0.0296875
6 0.25703125 0.32890625 0.0296875 0.0296875
6 0.2703125 0.3171875 0.03125 0.028125
6 0.28046875 0.30703125 0.0328125 0.0296875
6 0.303125 0.28203125 0.03125 0.0296875
6 0.1140625 0.4875 0.03125 0.03125
6 0.10234375 0.49921875 0.0296875 0.0296875
6 0.0890625 0.5140625 0.03125 0.028125
6 0.08046875 0.52734375 0.0328125 0.0296875
6 0.0703125 0.54140625 0.034375 0.0328125
6 0.04375 0.5625 0.03125 0.03125
6 0.0328125 0.571875 0.03125 0.03125
6 0.025 0.5890625 0.03125 0.03125
6 0.5953125 0.03125 0.021875 0.0375
6 0.6109375 0.09296875 0.021875 0.0390625
6 0.621875 0.13671875 0.021875 0.0359375
6 0.8046875 0.63203125 0.015625 0.0359375
6 0.3125 0.26875 0.03125 0.028125
6 0.3375 0.2453125 0.03125 0.03125
6 0.290625 0.115625 0.034375 0.03125
6 0.3046875 0.3265625 0.034375 0.034375
6 0.3734375 0.2546875 0.03125 0.034375
6 0.3625 0.26640625 0.03125 0.0328125
6 0.34921875 0.27578125 0.0328125 0.0328125
6 0.34140625 0.29140625 0.0328125 0.0296875
6 0.32890625 0.30390625 0.0328125 0.0328125
6 0.315625 0.3140625 0.03125 0.034375
6 0.29296875 0.33984375 0.0296875 0.0328125
6 0.346875 0.23203125 0.03125 0.0296875
6 0.2828125 0.35234375 0.03125 0.0328125
6 0.27265625 0.36484375 0.0328125 0.0328125
6 0.26015625 0.37734375 0.0296875 0.0328125
6 0.24921875 0.3890625 0.0296875 0.03125
6 0.23984375 0.403125 0.0296875 0.034375
6 0.21328125 0.4296875 0.0359375 0.0375
6 0.3828125 0.24296875 0.03125 0.0328125
6 0.3953125 0.23046875 0.034375 0.0328125
6 0.40546875 0.21640625 0.0328125 0.0328125
6 0.415625 0.20390625 0.03125 0.0359375
6 0.42734375 0.1921875 0.0328125 0.0375
6 0.45 0.165625 0.03125 0.03125
6 0.465625 0.1546875 0.034375 0.0375
6 0.475 0.140625 0.034375 0.034375
6 0.44921875 0.11796875 0.0390625 0.0390625
6 0.4359375 0.13046875 0.03125 0.0328125
6 0.4265625 0.14453125 0.03125 0.0296875
6 0.40078125 0.16875 0.0328125 0.03125
6 0.38984375 0.178125 0.0328125 0.03125
6 0.38046875 0.19375 0.0296875 0.028125
6 0.3703125 0.209375 0.03125 0.028125
6 0.3578125 0.2203125 0.03125 0.028125
6 0.42265625 0.02578125 0.0328125 0.0328125
6 0.39921875 0.05390625 0.0296875 0.0296875
6 0.05 0.38359375 0.034375 0.0359375
6 0.0421875 0.40078125 0.03125 0.0328125
6 0.0234375 0.4125 0.0375 0.040625
6 0.37265625 0.03046875 0.0328125 0.0328125
6 0.06796875 0.365625 0.0359375 0.0375
6 0.084375 0.35 0.034375 0.03125
6 0.1046875 0.325 0.034375 0.03125
6 0.1140625 0.3109375 0.034375 0.03125
6 0.1234375 0.3 0.03125 0.03125
6 0.1359375 0.2859375 0.034375 0.03125
6 0.14921875 0.2734375 0.0359375 0.03125
6 0.15625 0.2578125 0.0375 0.0375
6 0.17109375 0.2515625 0.0359375 0.034375
6 0.18125 0.2390625 0.034375 0.034375
6 0.190625 0.22578125 0.0375 0.0296875
6 0.2046875 0.21015625 0.03125 0.0296875
6 0.225 0.18359375 0.03125 0.0328125
6 0.2375 0.17734375 0.034375 0.0328125
6 0.246875 0.16328125 0.0375 0.0390625
6 0.2609375 0.1515625 0.03125 0.03125
6 0.2828125 0.12578125 0.03125 0.0296875
6 0.38671875 0.06328125 0.0296875 0.0328125
6 0.37578125 0.078125 0.0328125 0.034375
6 0.1625 0.3109375 0.034375 0.0375
6 0.0171875 0.46875 0.034375 0.034375
6 0.0453125 0.45 0.0375 0.0375
6 0.053125 0.43671875 0.03125 0.0359375
6 0.06875 0.428125 0.034375 0.034375
6 0.0765625 0.41328125 0.03125 0.0359375
6 0.096875 0.38671875 0.034375 0.0328125
6 0.1078125 0.3734375 0.03125 0.03125
6 0.11953125 0.3609375 0.0296875 0.034375
6 0.1328125 0.34921875 0.03125 0.0328125
6 0.14140625 0.33359375 0.0328125 0.0328125
6 0.14765625 0.3203125 0.0328125 0.03125
6 0.17421875 0.29765625 0.0328125 0.0328125
6 0.36171875 0.0875 0.0328125 0.034375
6 0.18515625 0.2859375 0.0328125 0.034375
6 0.196875 0.27421875 0.034375 0.0359375
6 0.209375 0.26171875 0.03125 0.0328125
6 0.21953125 0.24921875 0.0328125 0.0328125
6 0.22734375 0.23515625 0.0328125 0.0296875
6 0.24140625 0.22578125 0.0296875 0.0296875
6 0.2515625 0.21328125 0.03125 0.0328125
6 0.26328125 0.20078125 0.0328125 0.0328125
6 0.2734375 0.18828125 0.03125 0.0296875
6 0.2859375 0.17578125 0.034375 0.0328125
6 0.2984375 0.16484375 0.028125 0.0328125
6 0.3078125 0.15078125 0.03125 0.0328125
6 0.3421875 0.115625 0.028125 0.028125
6 0.3484375 0.0984375 0.03125 0.03125
