5 0.71875 0.52265625 0.021875 0.0578125
5 0.53359375 0.0265625 0.0203125 0.053125
5 0.56015625 0.0203125 0.0234375 0.040625
5 0.70625 0.0453125 0.01875 0.046875
5 0.6734375 0.4296875 0.046875 0.015625
5 0.95859375 0.33046875 0.0453125 0.0171875
5 0.97109375 0.275 0.0390625 0.01875
5 0.97109375 0.23828125 0.0390625 0.0171875
6 0.14375 0.01796875 0.01875 0.0328125
6 0.1609375 0.01640625 0.01875 0.0328125
6 0.1921875 0.021875 0.01875 0.034375
6 0.209375 0.02578125 0.015625 0.0296875
6 0.246875 0.03046875 0.034375 0.0359375
5 0.025 0.38359375 0.046875 0.0203125
