6 0.978125 0.6921875 0.0375 0.05
5 0.95 0.23203125 0.025 0.0390625
5 0.96953125 0.2203125 0.0296875 0.046875
6 0.46328125 0.55078125 0.0359375 0.0359375
6 0.934375 0.24375 0.01875 0.034375
6 0.9015625 0.39765625 0.028125 0.0359375
6 0.88046875 0.5078125 0.0265625 0.034375
6 0.86328125 0.52109375 0.0296875 0.0359375
6 0.846875 0.52734375 0.03125 0.0359375
6 0.8296875 0.5328125 0.028125 0.0375
6 0.815625 0.5484375 0.028125 0.034375
6 0.92265625 0.3921875 0.0265625 0.034375
6 0.884375 0.4078125 0.03125 0.0375
6 0.759375 0.490625 0.028125 0.0375
6 0.86875 0.415625 0.028125 0.0375
6 0.85390625 0.4265625 0.0265625 0.0375
6 0.83203125 0.43203125 0.0234375 0.0328125
6 0.82265625 0.446875 0.0265625 0.03125
6 0.81015625 0.45859375 0.0296875 0.0328125
6 0.7890625 0.46640625 0.028125 0.0390625
6 0.89609375 0.49609375 0.0296875 0.0359375
6 0.91015625 0.4859375 0.0265625 0.0375
6 0.92421875 0.47734375 0.0265625 0.0328125
6 0.94375 0.47421875 0.028125 0.0359375
6 0.95625 0.465625 0.03125 0.04375
6 0.97578125 0.45703125 0.0265625 0.0390625
6 0.84296875 0.5890625 0.0265625 0.034375
6 0.85703125 0.57734375 0.0265625 0.0328125
6 0.871875 0.571875 0.028125 0.034375
6 0.88984375 0.56328125 0.0265625 0.0328125
6 0.90390625 0.5546875 0.0296875 0.034375
6 0.778125 0.47734375 0.03125 0.0328125
6 0.6859375 0.65546875 0.028125 0.0296875
6 0.390625 0.6296875 0.03125 0.03125
6 0.440625 0.71875 0.034375 0.028125
6 0.52734375 0.60703125 0.0296875 0.0296875
6 0.50390625 0.63203125 0.0328125 0.0296875
6 0.49375 0.64921875 0.03125 0.0265625
6 0.4828125 0.6625 0.03125 0.028125
6 0.4703125 0.67578125 0.028125 0.0296875
6 0.4484375 0.7015625 0.03125 0.028125
6 0.43125 0.73515625 0.034375 0.0296875
6 0.68671875 0.546875 0.0296875 0.03125
6 0.53828125 0.4796875 0.0328125 0.03125
6 0.4984375 0.51484375 0.034375 0.0328125
6 0.44921875 0.56640625 0.0359375 0.0328125
6 0.4390625 0.58046875 0.034375 0.0359375
6 0.42578125 0.5921875 0.0359375 0.03125
6 0.41171875 0.6046875 0.0359375 0.034375
6 0.53984375 0.59609375 0.0359375 0.0296875
6 0.56640625 0.5703125 0.0359375 0.03125
6 0.59296875 0.5453125 0.0265625 0.028125
6 0.5015625 0.740625 0.034375 0.03125
6 0.51015625 0.7203125 0.0296875 0.03125
6 0.52265625 0.70859375 0.0328125 0.0328125
6 0.53515625 0.69453125 0.0390625 0.0359375
6 0.5421875 0.67890625 0.04375 0.0359375
6 0.565625 0.66484375 0.03125 0.0328125
6 0.57734375 0.65625 0.0328125 0.03125
6 0.5859375 0.6375 0.034375 0.03125
6 0.59765625 0.62109375 0.0390625 0.0296875
6 0.61015625 0.609375 0.0328125 0.03125
6 0.6265625 0.59296875 0.034375 0.0328125
6 0.640625 0.5796875 0.034375 0.034375
6 0.65546875 0.56875 0.0328125 0.0375
6 0.671875 0.56015625 0.034375 0.0390625
6 0.9234375 0.54765625 0.025 0.0328125
6 0.940625 0.5390625 0.028125 0.034375
6 0.9609375 0.5296875 0.028125 0.034375
6 0.978125 0.5234375 0.025 0.03125
6 0.890625 0.66015625 0.021875 0.0328125
6 0.91875 0.646875 0.025 0.034375
6 0.971875 0.61171875 0.025 0.0328125
6 0.4015625 0.61875 0.034375 0.03125
6 0.36796875 0.66171875 0.0328125 0.0328125
6 0.0171875 0.80390625 0.028125 0.0359375
6 0.25625 0.190625 0.034375 0.0375
6 0.284375 0.1984375 0.03125 0.0375
6 0.175 0.303125 0.034375 0.0375
6 0.06484375 0.4765625 0.0453125 0.04375
6 0.0359375 0.446875 0.03125 0.03125
