5 0.38671875 0.234375 0.1296875 0.034375
5 0.3875 0.31953125 0.140625 0.0359375
5 0.58515625 0.6203125 0.1453125 0.11875
5 0.721875 0.690625 0.040625 0.15625
5 0.57109375 0.76171875 0.1453125 0.1140625
6 0.346875 0.8609375 0.034375 0.015625
5 0.32421875 0.6953125 0.0421875 0.01875
5 0.33671875 0.428125 0.0671875 0.025
5 0.3390625 0.36796875 0.0625 0.0234375
5 0.3453125 0.26640625 0.071875 0.0265625
6 0.84375 0.11875 0.0375 0.021875
6 0.88984375 0.2015625 0.0328125 0.015625
6 0.88828125 0.23671875 0.0328125 0.0140625
6 0.79765625 0.22890625 0.0359375 0.0140625
6 0.8875 0.271875 0.034375 0.015625
6 0.796875 0.24375 0.03125 0.015625
6 0.79453125 0.26484375 0.0328125 0.0140625
6 0.84453125 0.93046875 0.0296875 0.0171875
6 0.7640625 0.746875 0.03125 0.015625
6 0.7625 0.76875 0.034375 0.015625
6 0.76015625 0.7875 0.0296875 0.015625
6 0.76015625 0.82421875 0.0359375 0.0140625
6 0.75546875 0.8703125 0.0328125 0.0125
6 0.75390625 0.9046875 0.0328125 0.015625
6 0.84296875 0.890625 0.0296875 0.015625
6 0.76640625 0.71171875 0.0328125 0.0171875
6 0.76796875 0.728125 0.0328125 0.015625
6 0.84921875 0.80703125 0.0359375 0.0140625
6 0.87265625 0.496875 0.0328125 0.0125
6 0.88046875 0.35625 0.0359375 0.0125
6 0.7875 0.40390625 0.03125 0.0140625
6 0.87734375 0.40625 0.0359375 0.015625
6 0.87734375 0.4421875 0.0328125 0.015625
6 0.87734375 0.47734375 0.0328125 0.0140625
6 0.8671875 0.525 0.040625 0.01875
6 0.85234375 0.78671875 0.0328125 0.0140625
6 0.865625 0.5453125 0.034375 0.015625
6 0.86640625 0.57890625 0.0296875 0.0171875
6 0.77578125 0.525 0.0359375 0.0125
6 0.76875 0.6125 0.03125 0.0125
6 0.8609375 0.68515625 0.03125 0.0140625
6 0.85625 0.71875 0.03125 0.0125
5 0.334375 0.16953125 0.04375 0.0171875
6 0.29921875 0.025 0.0234375 0.0375
6 0.25 0.01953125 0.021875 0.0390625
6 0.23046875 0.0203125 0.0203125 0.040625
6 0.21171875 0.01953125 0.0203125 0.0328125
6 0.58515625 0.03046875 0.0203125 0.0328125
5 0.49921875 0.1734375 0.0578125 0.025
6 0.7046875 0.03515625 0.025 0.0421875
6 0.61171875 0.13359375 0.0359375 0.0296875
6 0.6546875 0.03125 0.025 0.0375
6 0.62109375 0.034375 0.0234375 0.0375
6 0.56640625 0.025 0.0234375 0.034375
6 0.55 0.02421875 0.021875 0.0328125
6 0.53203125 0.02578125 0.0234375 0.0359375
6 0.51015625 0.025 0.0203125 0.034375
6 0.49140625 0.02109375 0.0265625 0.0390625
6 0.47109375 0.02421875 0.0265625 0.0390625
6 0.4515625 0.021875 0.025 0.034375
