6 0.8875 0.02578125 0.034375 0.0265625
6 0.59375 0.1203125 0.03125 0.03125
6 0.6171875 0.11171875 0.034375 0.0328125
6 0.928125 0.15234375 0.03125 0.0234375
6 0.9375 0.184375 0.034375 0.028125
6 0.71640625 0.58125 0.0296875 0.0375
6 0.86640625 0.48984375 0.0171875 0.0328125
6 0.4578125 0.13046875 0.0375 0.0359375
6 0.046875 0.303125 0.01875 0.03125
6 0.45234375 0.76875 0.0296875 0.021875
6 0.45078125 0.75234375 0.0328125 0.0140625
6 0.45234375 0.71953125 0.0296875 0.0171875
6 0.453125 0.78515625 0.03125 0.0171875
6 0.45390625 0.853125 0.0328125 0.015625
6 0.1 0.30390625 0.015625 0.0265625
6 0.03125 0.30625 0.015625 0.034375
6 0.30234375 0.4453125 0.0328125 0.034375
6 0.01484375 0.309375 0.0171875 0.034375
6 0.36484375 0.53671875 0.0328125 0.0265625
6 0.3546875 0.51875 0.034375 0.028125
6 0.34375 0.50546875 0.034375 0.0328125
6 0.33671875 0.4875 0.0265625 0.028125
6 0.32734375 0.4703125 0.0328125 0.034375
6 0.446875 0.653125 0.03125 0.015625
6 0.54765625 0.89296875 0.0296875 0.0140625
6 0.55 0.878125 0.03125 0.015625
6 0.55078125 0.83046875 0.0296875 0.0140625
6 0.5515625 0.81328125 0.034375 0.0171875
6 0.5484375 0.7296875 0.034375 0.015625
6 0.53984375 0.68046875 0.0328125 0.0203125
6 0.44453125 0.60390625 0.0328125 0.0203125
6 0.50859375 0.528125 0.0359375 0.021875
6 0.5046875 0.51015625 0.034375 0.0234375
6 0.4828125 0.46328125 0.0375 0.0296875
6 0.475 0.44921875 0.040625 0.0296875
6 0.39375 0.4796875 0.034375 0.028125
6 0.42421875 0.540625 0.0328125 0.021875
6 0.4140625 0.525 0.034375 0.025
6 0.4140625 0.50859375 0.034375 0.0265625
6 0.37578125 0.45078125 0.0328125 0.0296875
6 0.31640625 0.4578125 0.0328125 0.034375
6 0.28515625 0.4328125 0.0296875 0.034375
6 0.40546875 0.8609375 0.0296875 0.015625
6 0.39453125 0.6484375 0.0359375 0.021875
6 0.40703125 0.76171875 0.0328125 0.0171875
6 0.40703125 0.784375 0.0328125 0.01875
6 0.40703125 0.79921875 0.0328125 0.0171875
6 0.4078125 0.82265625 0.034375 0.0171875
6 0.4078125 0.83828125 0.03125 0.0171875
6 0.40234375 0.8828125 0.0328125 0.015625
6 0.27265625 0.41875 0.0296875 0.034375
6 0.1359375 0.44375 0.021875 0.0375
6 0.1578125 0.44609375 0.028125 0.0359375
6 0.17421875 0.45625 0.0265625 0.0375
6 0.18828125 0.4640625 0.0296875 0.034375
6 0.20546875 0.4734375 0.0296875 0.034375
6 0.225 0.4859375 0.03125 0.03125
6 0.39140625 0.62734375 0.0359375 0.0203125
6 0.390625 0.6078125 0.034375 0.021875
6 0.384375 0.58828125 0.0375 0.0234375
6 0.378125 0.5703125 0.034375 0.025
6 0.05390625 0.353125 0.0171875 0.0375
6 0.03515625 0.35703125 0.0203125 0.0359375
6 0.07578125 0.35390625 0.0171875 0.0390625
6 0.09296875 0.35234375 0.0171875 0.0328125
6 0.1140625 0.35625 0.015625 0.03125
6 0.1328125 0.36015625 0.01875 0.0359375
6 0.1515625 0.3640625 0.021875 0.0375
6 0.17109375 0.365625 0.0234375 0.034375
6 0.18828125 0.37578125 0.0265625 0.0390625
6 0.20703125 0.38125 0.0265625 0.0375
6 0.21953125 0.38828125 0.0296875 0.0359375
6 0.23671875 0.39921875 0.0296875 0.0390625
6 0.25625 0.4078125 0.03125 0.0375
6 0.3859375 0.4640625 0.0375 0.03125
6 0.3390625 0.4125 0.03125 0.034375
6 0.3296875 0.40078125 0.034375 0.0328125
6 0.5171875 0.54453125 0.0375 0.0234375
6 0.3421875 0.2984375 0.028125 0.03125
6 0.3515625 0.30859375 0.028125 0.0359375
6 0.4296875 0.3765625 0.028125 0.028125
6 0.4484375 0.40078125 0.0375 0.0296875
6 0.459375 0.415625 0.0375 0.025
6 0.46953125 0.43125 0.0390625 0.03125
6 0.53125 0.58671875 0.034375 0.0203125
6 0.35390625 0.4265625 0.0328125 0.03125
6 0.53671875 0.62890625 0.0328125 0.0203125
6 0.64296875 0.465625 0.0234375 0.0375
6 0.6609375 0.62421875 0.0125 0.0390625
6 0.6765625 0.834375 0.015625 0.025
6 0.66171875 0.7265625 0.0171875 0.028125
6 0.5484375 0.71171875 0.028125 0.0171875
6 0.3234375 0.28828125 0.028125 0.0328125
6 0.30859375 0.278125 0.0296875 0.034375
6 0.296875 0.26953125 0.028125 0.0359375
6 0.265625 0.253125 0.028125 0.034375
6 0.21796875 0.234375 0.0234375 0.034375
6 0.2015625 0.2296875 0.025 0.0375
6 0.15078125 0.2203125 0.0203125 0.034375
6 0.1296875 0.21640625 0.01875 0.0328125
6 0.0796875 0.2125 0.015625 0.034375
6 0.0640625 0.21015625 0.015625 0.0296875
6 0.04765625 0.209375 0.0203125 0.03125
6 0.01328125 0.215625 0.0203125 0.03125
6 0.54921875 0.77734375 0.0328125 0.0140625
6 0.5515625 0.859375 0.034375 0.01875
6 0.134375 0.30390625 0.021875 0.0328125
6 0.36328125 0.3171875 0.0359375 0.0375
6 0.315625 0.390625 0.03125 0.03125
6 0.27578125 0.36015625 0.0296875 0.0328125
6 0.26015625 0.353125 0.0265625 0.034375
6 0.23125 0.33515625 0.025 0.0359375
6 0.14921875 0.3109375 0.0234375 0.03125
6 0.1171875 0.303125 0.01875 0.03125
6 0.0296875 0.21640625 0.015625 0.0296875
6 0.11328125 0.215625 0.0140625 0.0375
6 0.09453125 0.2140625 0.0171875 0.034375
6 0.16484375 0.225 0.0234375 0.0375
6 0.18203125 0.22734375 0.0234375 0.0359375
6 0.23125 0.2421875 0.025 0.034375
6 0.25078125 0.2484375 0.0265625 0.034375
6 0.37734375 0.328125 0.0296875 0.034375
6 0.08203125 0.2984375 0.0140625 0.034375
6 0.3921875 0.3390625 0.03125 0.034375
6 0.40703125 0.3515625 0.0296875 0.034375
6 0.2796875 0.2625 0.021875 0.03125
6 0.45390625 0.8828125 0.0359375 0.0125
6 0.43359375 0.55390625 0.0359375 0.0234375
6 0.40390625 0.4921875 0.0328125 0.028125
6 0.36796875 0.43359375 0.0359375 0.0296875
6 0.30703125 0.3796875 0.0296875 0.040625
6 0.29140625 0.36796875 0.0265625 0.0328125
6 0.24765625 0.34140625 0.0265625 0.0359375
6 0.2171875 0.3296875 0.025 0.040625
6 0.1984375 0.3265625 0.021875 0.034375
6 0.1859375 0.32109375 0.01875 0.0328125
6 0.17109375 0.3109375 0.0203125 0.0375
6 0.2515625 0.50625 0.0375 0.0375
6 0.89609375 0.04140625 0.0359375 0.0265625
6 0.9234375 0.13828125 0.034375 0.0234375
6 0.91953125 0.1203125 0.0328125 0.028125
6 0.91171875 0.10625 0.0359375 0.025
6 0.909375 0.08828125 0.0375 0.0265625
6 0.903125 0.0734375 0.034375 0.025
6 0.89921875 0.059375 0.0359375 0.025
6 0.9546875 0.2296875 0.040625 0.028125
6 0.94765625 0.2125 0.0421875 0.025
6 0.946875 0.19765625 0.034375 0.0265625
6 0.72734375 0.13359375 0.0265625 0.0328125
6 0.46015625 0.03984375 0.0390625 0.0328125
6 0.50390625 0.08359375 0.0359375 0.0359375
6 0.51796875 0.09609375 0.0328125 0.0390625
6 0.53203125 0.10390625 0.0296875 0.0296875
6 0.54140625 0.1171875 0.0328125 0.0375
6 0.96171875 0.24453125 0.0390625 0.0296875
6 0.96328125 0.26328125 0.0390625 0.0265625
6 0.96796875 0.2796875 0.0359375 0.025
6 0.97421875 0.29609375 0.0390625 0.0296875
6 0.2390625 0.49140625 0.034375 0.0359375
6 0.259375 0.5234375 0.034375 0.034375
6 0.275 0.53359375 0.034375 0.0328125
6 0.028125 0.4359375 0.021875 0.034375
6 0.04921875 0.43515625 0.0171875 0.0359375
6 0.06796875 0.4359375 0.0171875 0.03125
6 0.0921875 0.4375 0.015625 0.0375
6 0.0265625 0.59140625 0.01875 0.0359375
6 0.28828125 0.84140625 0.0328125 0.0140625
6 0.2859375 0.86015625 0.034375 0.0171875
6 0.28359375 0.88125 0.0359375 0.015625
6 0.04453125 0.590625 0.0140625 0.034375
6 0.06328125 0.5953125 0.0171875 0.03125
6 0.084375 0.59453125 0.021875 0.0421875
6 0.103125 0.60078125 0.021875 0.0359375
6 0.12265625 0.60859375 0.0265625 0.0359375
6 0.13984375 0.615625 0.0328125 0.03125
6 0.14921875 0.6296875 0.0359375 0.034375
6 0.28671875 0.80703125 0.0328125 0.0140625
6 0.28984375 0.82421875 0.0328125 0.0140625
6 0.2859375 0.7875 0.0375 0.015625
6 0.28671875 0.76796875 0.0390625 0.0171875
6 0.3203125 0.8796875 0.028125 0.015625
6 0.32265625 0.86015625 0.0296875 0.0140625
6 0.3234375 0.84296875 0.03125 0.0171875
6 0.32421875 0.82578125 0.0359375 0.0140625
6 0.321875 0.80625 0.03125 0.015625
6 0.3234375 0.7890625 0.034375 0.01875
6 0.321875 0.76796875 0.03125 0.0171875
6 0.3140625 0.64609375 0.034375 0.0171875
6 0.3109375 0.62265625 0.034375 0.0203125
6 0.30703125 0.6046875 0.0359375 0.021875
6 0.3 0.5875 0.034375 0.025
6 0.29453125 0.56953125 0.0328125 0.0234375
6 0.2859375 0.553125 0.0375 0.03125
6 0.1640625 0.64609375 0.034375 0.0296875
6 0.17421875 0.66015625 0.0328125 0.0296875
6 0.18359375 0.6765625 0.0359375 0.025
6 0.23046875 0.5984375 0.0328125 0.028125
6 0.01015625 0.5140625 0.0203125 0.03125
6 0.028125 0.51171875 0.021875 0.0328125
6 0.04765625 0.5078125 0.0203125 0.034375
6 0.06640625 0.509375 0.0203125 0.040625
6 0.0859375 0.5109375 0.01875 0.0375
6 0.115625 0.515625 0.025 0.04375
6 0.1375 0.5203125 0.025 0.0375
6 0.1515625 0.528125 0.028125 0.034375
6 0.1671875 0.5421875 0.028125 0.0375
6 0.18125 0.54765625 0.03125 0.0390625
6 0.196875 0.559375 0.03125 0.034375
6 0.20625 0.57578125 0.034375 0.0328125
6 0.22265625 0.5875 0.0359375 0.03125
6 0.240625 0.6140625 0.0375 0.03125
6 0.18984375 0.69609375 0.0328125 0.0203125
6 0.2484375 0.63203125 0.0375 0.0296875
6 0.2546875 0.646875 0.0375 0.028125
6 0.26328125 0.6671875 0.0359375 0.025
6 0.2015625 0.88203125 0.0375 0.0140625
6 0.203125 0.86640625 0.0375 0.0171875
6 0.20390625 0.84765625 0.0359375 0.0171875
6 0.20390625 0.8296875 0.0359375 0.01875
6 0.20546875 0.81015625 0.0359375 0.0171875
6 0.20390625 0.78984375 0.0328125 0.0171875
6 0.19921875 0.734375 0.0328125 0.021875
6 0.19609375 0.71640625 0.0359375 0.0203125
