6 0.01875 0.34296875 0.034375 0.0171875
6 0.70703125 0.95234375 0.0171875 0.0328125
6 0.61171875 0.94453125 0.0203125 0.0359375
6 0.5921875 0.9421875 0.025 0.034375
6 0.53515625 0.94765625 0.0234375 0.0390625
6 0.48125 0.93984375 0.021875 0.0359375
6 0.46171875 0.93984375 0.0234375 0.0390625
6 0.44453125 0.93671875 0.0234375 0.0390625
6 0.425 0.93515625 0.021875 0.0359375
6 0.40703125 0.93359375 0.0203125 0.0328125
6 0.371875 0.93203125 0.025 0.0359375
5 0.1828125 0.79765625 0.021875 0.0421875
5 0.20625 0.80078125 0.021875 0.0359375
6 0.3890625 0.9328125 0.021875 0.034375
6 0.353125 0.93046875 0.021875 0.0359375
6 0.7109375 0.92109375 0.021875 0.0328125
6 0.490625 0.9 0.025 0.040625
6 0.52734375 0.90703125 0.0234375 0.0359375
6 0.546875 0.90859375 0.025 0.0421875
6 0.5609375 0.91015625 0.025 0.0359375
6 0.58125 0.90703125 0.021875 0.0359375
6 0.65234375 0.91796875 0.0234375 0.0390625
6 0.68984375 0.91640625 0.0265625 0.0390625
6 0.67421875 0.44453125 0.0390625 0.0203125
6 0.43671875 0.90078125 0.0234375 0.0359375
6 0.68203125 0.10703125 0.0296875 0.0171875
6 0.453125 0.9015625 0.025 0.040625
6 0.4171875 0.8984375 0.021875 0.0375
6 0.334375 0.93125 0.025 0.040625
6 0.2359375 0.88671875 0.025 0.0359375
6 0.32109375 0.93125 0.0234375 0.0375
6 0.2984375 0.928125 0.021875 0.0375
6 0.28203125 0.92890625 0.0234375 0.0390625
6 0.2640625 0.92578125 0.021875 0.0328125
6 0.246875 0.92109375 0.025 0.0328125
6 0.22734375 0.925 0.0265625 0.0375
6 0.21640625 0.8859375 0.0203125 0.0375
6 0.25625 0.8875 0.025 0.0375
6 0.38125 0.896875 0.021875 0.0375
6 0.275 0.89140625 0.025 0.0421875
6 0.31171875 0.89375 0.0234375 0.0375
6 0.32734375 0.89765625 0.0203125 0.0296875
6 0.24375 0.8046875 0.01875 0.0375
6 0.44140625 0.82109375 0.0203125 0.0390625
6 0.5296875 0.82734375 0.01875 0.0328125
6 0.36171875 0.89375 0.0234375 0.0375
