5 0.0734375 0.1 0.01875 0.0375
5 0.0875 0.11875 0.021875 0.040625
5 0.13984375 0.13203125 0.0359375 0.0640625
5 0.14921875 0.17109375 0.0203125 0.0390625
5 0.1953125 0.16875 0.025 0.040625
5 0.40703125 0.17265625 0.0234375 0.0421875
5 0.42734375 0.18125 0.0234375 0.053125
5 0.14765625 0.265625 0.0203125 0.040625
5 0.16953125 0.265625 0.0234375 0.0375
5 0.14140625 0.30703125 0.0234375 0.0390625
5 0.5734375 0.24453125 0.0375 0.0703125
5 0.55234375 0.240625 0.0328125 0.06875
5 0.17734375 0.296875 0.0234375 0.040625
5 0.33984375 0.659375 0.0421875 0.025
5 0.53046875 0.2375 0.0296875 0.071875
5 0.7125 0.6890625 0.04375 0.034375
5 0.871875 0.43046875 0.03125 0.0296875
5 0.89375 0.4484375 0.0375 0.0375
5 0.93125 0.45703125 0.034375 0.0390625
5 0.96171875 0.48046875 0.0421875 0.0390625
5 0.98359375 0.5015625 0.0296875 0.040625
5 0.93046875 0.540625 0.0328125 0.028125
5 0.571875 0.428125 0.021875 0.03125
5 0.61796875 0.25390625 0.0265625 0.0421875
5 0.4515625 0.2 0.025 0.04375
5 0.471875 0.203125 0.025 0.0375
5 0.509375 0.228125 0.03125 0.071875
