6 0.3171875 0.9625 0.034375 0.015625
6 0.31796875 0.9796875 0.0359375 0.015625
5 0.8328125 0.83515625 0.028125 0.0640625
6 0.9046875 0.51640625 0.040625 0.0140625
6 0.81953125 0.46953125 0.0421875 0.0171875
6 0.8171875 0.50546875 0.03125 0.0140625
6 0.8140625 0.52421875 0.034375 0.0140625
6 0.8109375 0.5421875 0.034375 0.015625
6 0.81171875 0.55859375 0.0359375 0.0171875
6 0.81640625 0.59921875 0.0484375 0.0265625
6 0.909375 0.4984375 0.0375 0.01875
6 0.9046875 0.53515625 0.0375 0.0171875
5 0.86640625 0.8453125 0.0234375 0.0625
5 0.9078125 0.84296875 0.01875 0.0421875
6 0.81484375 0.83828125 0.0171875 0.0328125
6 0.83203125 0.39453125 0.0390625 0.0203125
6 0.82265625 0.45 0.0359375 0.01875
6 0.8296875 0.37734375 0.040625 0.0171875
6 0.346875 0.2328125 0.01875 0.034375
6 0.3265625 0.2359375 0.021875 0.034375
6 0.3640625 0.2328125 0.015625 0.03125
6 0.8296875 0.35546875 0.0375 0.0140625
6 0.4234375 0.60234375 0.03125 0.0171875
6 0.5984375 0.67578125 0.034375 0.0171875
6 0.5984375 0.69921875 0.034375 0.0171875
6 0.4640625 0.396875 0.040625 0.015625
6 0.46015625 0.43203125 0.0328125 0.0171875
6 0.43671875 0.51171875 0.0328125 0.0171875
6 0.4375 0.5515625 0.034375 0.01875
6 0.4265625 0.584375 0.034375 0.01875
6 0.42578125 0.62109375 0.0421875 0.0234375
6 0.60078125 0.63359375 0.0390625 0.0171875
6 0.43046875 0.64609375 0.0453125 0.0171875
6 0.45859375 0.359375 0.0421875 0.015625
6 0.4609375 0.33125 0.040625 0.0125
6 0.7421875 0.1546875 0.01875 0.03125
6 0.87265625 0.23671875 0.0390625 0.0171875
6 0.91875 0.3328125 0.01875 0.03125
6 0.8828125 0.33125 0.015625 0.03125
6 0.60078125 0.6515625 0.0328125 0.01875
6 0.6046875 0.603125 0.034375 0.015625
6 0.38203125 0.2296875 0.0171875 0.034375
6 0.6171875 0.4125 0.034375 0.015625
6 0.634375 0.16953125 0.034375 0.0171875
6 0.62421875 0.253125 0.0328125 0.015625
6 0.628125 0.27734375 0.034375 0.0171875
6 0.62578125 0.30078125 0.0359375 0.0171875
6 0.628125 0.3234375 0.034375 0.021875
6 0.61875 0.3625 0.0375 0.01875
6 0.61875 0.396875 0.03125 0.015625
6 0.6125 0.4328125 0.040625 0.01875
6 0.60546875 0.5828125 0.0359375 0.015625
6 0.61484375 0.45 0.0328125 0.01875
6 0.61328125 0.47109375 0.0359375 0.0203125
6 0.60703125 0.490625 0.0421875 0.021875
6 0.60546875 0.50859375 0.0484375 0.0203125
6 0.61015625 0.52890625 0.0390625 0.0171875
6 0.6046875 0.54453125 0.0375 0.0171875
6 0.60859375 0.56171875 0.0296875 0.0171875
5 0.58125 0.35625 0.028125 0.05
5 0.06484375 0.89765625 0.0421875 0.0171875
5 0.0625 0.86953125 0.0375 0.0203125
