6 0.56796875 0.42890625 0.0296875 0.0203125
6 0.9671875 0.10390625 0.025 0.0359375
6 0.56015625 0.409375 0.0328125 0.028125
5 0.06796875 0.37109375 0.0453125 0.0328125
5 0.45 0.3171875 0.0375 0.021875
5 0.4625 0.33203125 0.04375 0.0265625
5 0.9578125 0.5296875 0.021875 0.034375
5 0.22578125 0.609375 0.0390625 0.028125
5 0.3078125 0.80078125 0.028125 0.0421875
5 0.32421875 0.79609375 0.0328125 0.0515625
5 0.3453125 0.78984375 0.03125 0.0421875
5 0.38359375 0.83125 0.0234375 0.0375
5 0.2265625 0.8234375 0.015625 0.0375
5 0.246875 0.82890625 0.025 0.0390625
5 0.26640625 0.82265625 0.0234375 0.0390625
5 0.37109375 0.79453125 0.0234375 0.0359375
5 0.2890625 0.809375 0.028125 0.040625
5 0.20078125 0.75390625 0.0359375 0.0265625
5 0.19375 0.77734375 0.040625 0.0203125
5 0.10390625 0.728125 0.0203125 0.0375
5 0.13125 0.5125 0.034375 0.025
5 0.21328125 0.47578125 0.0421875 0.0296875
5 0.47265625 0.35390625 0.0359375 0.0234375
