5 0.05546875 0.2140625 0.0390625 0.01875
5 0.0859375 0.1140625 0.0375 0.01875
5 0.134375 0.11953125 0.0375 0.0171875
5 0.18515625 0.0953125 0.0203125 0.040625
5 0.2046875 0.09765625 0.01875 0.0421875
5 0.23515625 0.096875 0.0203125 0.0375
5 0.1265625 0.08671875 0.015625 0.0390625
5 0.053125 0.16015625 0.040625 0.0140625
5 0.05859375 0.2375 0.0453125 0.01875
5 0.1375 0.26171875 0.015625 0.0296875
5 0.08984375 0.259375 0.0140625 0.028125
5 0.2296875 0.04140625 0.01875 0.0390625
5 0.20078125 0.76484375 0.0171875 0.0453125
5 0.2234375 0.7234375 0.015625 0.0375
5 0.1953125 0.82421875 0.01875 0.0390625
5 0.2234375 0.80546875 0.021875 0.0421875
