4 0.8 0.24375 0.38125 0.378125
4 0.61640625 0.42734375 0.3390625 0.3515625
4 0.42734375 0.6328125 0.3703125 0.3625
5 0.64609375 0.55390625 0.0421875 0.0359375
5 0.6140625 0.13046875 0.034375 0.0328125
5 0.16640625 0.14453125 0.0359375 0.0328125
5 0.20625 0.04296875 0.03125 0.0140625
5 0.203125 0.1078125 0.0375 0.03125
5 0.18984375 0.1296875 0.0390625 0.034375
5 0.36015625 0.39140625 0.0390625 0.0390625
5 0.34609375 0.4234375 0.0421875 0.040625
5 0.1640625 0.56015625 0.0375 0.0390625
5 0.1578125 0.61484375 0.034375 0.0359375
5 0.1859375 0.63828125 0.0375 0.0390625
5 0.1890625 0.6578125 0.046875 0.046875
5 0.23203125 0.65703125 0.0359375 0.0265625
5 0.221875 0.67421875 0.03125 0.0265625
5 0.21328125 0.7109375 0.0359375 0.025
5 0.140625 0.69296875 0.0375 0.0140625
5 0.0890625 0.65 0.0375 0.0375
