6 0.01953125 0.2546875 0.0171875 0.028125
6 0.0359375 0.25546875 0.015625 0.0328125
6 0.0546875 0.25078125 0.015625 0.0296875
5 0.17578125 0.53046875 0.0265625 0.0703125
5 0.0171875 0.521875 0.03125 0.05625
5 0.14375 0.52578125 0.025 0.0578125
6 0.31484375 0.2859375 0.0171875 0.034375
6 0.075 0.25390625 0.01875 0.0296875
6 0.0921875 0.25546875 0.01875 0.0328125
6 0.1078125 0.26015625 0.01875 0.0359375
6 0.12890625 0.25703125 0.0171875 0.0296875
6 0.146875 0.2546875 0.015625 0.03125
6 0.09765625 0.3234375 0.0359375 0.021875
6 0.3609375 0.28671875 0.015625 0.0359375
6 0.41484375 0.29609375 0.0171875 0.0328125
5 0.209375 0.5140625 0.025 0.04375
6 0.43359375 0.29921875 0.0171875 0.0296875
6 0.43203125 0.371875 0.0140625 0.025
6 0.39296875 0.36953125 0.0140625 0.0328125
6 0.37421875 0.3671875 0.0171875 0.028125
6 0.3359375 0.365625 0.015625 0.0375
6 0.23515625 0.53671875 0.0171875 0.0328125
5 0.2703125 0.359375 0.01875 0.0375
6 0.8171875 0.9625 0.034375 0.015625
6 0.81796875 0.9796875 0.0359375 0.015625
6 0.846875 0.2328125 0.01875 0.034375
5 0.05625 0.475 0.040625 0.15
6 0.8265625 0.2359375 0.021875 0.034375
6 0.8640625 0.2328125 0.015625 0.03125
6 0.9234375 0.60234375 0.03125 0.0171875
6 0.9640625 0.396875 0.040625 0.015625
6 0.96015625 0.43203125 0.0328125 0.0171875
6 0.93671875 0.51171875 0.0328125 0.0171875
6 0.9375 0.5515625 0.034375 0.01875
6 0.9265625 0.584375 0.034375 0.01875
6 0.92578125 0.62109375 0.0421875 0.0234375
6 0.93046875 0.64609375 0.0453125 0.0171875
6 0.95859375 0.359375 0.0421875 0.015625
6 0.9609375 0.33125 0.040625 0.0125
6 0.88203125 0.2296875 0.0171875 0.034375
5 0.421875 0.84140625 0.034375 0.0171875
5 0.41796875 0.86328125 0.0328125 0.0203125
5 0.42890625 0.8875 0.0359375 0.015625
5 0.42421875 0.91171875 0.0390625 0.0203125
5 0.56484375 0.89765625 0.0421875 0.0171875
5 0.5625 0.86953125 0.0375 0.0203125
