5 0.7171875 0.72109375 0.075 0.0734375
6 0.02734375 0.95703125 0.0296875 0.0296875
6 0.03984375 0.94296875 0.0359375 0.0359375
6 0.16953125 0.9484375 0.0359375 0.0375
6 0.1859375 0.9640625 0.03125 0.0375
6 0.2 0.9765625 0.0375 0.040625
5 0.47421875 0.68828125 0.0421875 0.0390625
5 0.22578125 0.45546875 0.0453125 0.0390625
5 0.30390625 0.51640625 0.0328125 0.0359375
5 0.33359375 0.49609375 0.0390625 0.0265625
5 0.34765625 0.5359375 0.0359375 0.034375
5 0.34609375 0.5625 0.0390625 0.034375
5 0.39921875 0.5859375 0.0453125 0.040625
5 0.4515625 0.63046875 0.046875 0.0390625
5 0.6609375 0.5265625 0.028125 0.03125
5 0.49453125 0.67265625 0.0296875 0.0328125
5 0.27578125 0.46953125 0.0390625 0.0390625
5 0.1734375 0.3921875 0.05 0.04375
