5 0.3890625 0.45 0.084375 0.0875
6 0.74609375 0.075 0.0234375 0.034375
6 0.68515625 0.09765625 0.0296875 0.0328125
5 0.35390625 0.58984375 0.0859375 0.0921875
6 0.50234375 0.35234375 0.0328125 0.0359375
6 0.56796875 0.3453125 0.0390625 0.040625
6 0.78046875 0.428125 0.0296875 0.040625
6 0.94375 0.390625 0.03125 0.0375
6 0.71484375 0.68984375 0.0328125 0.0359375
6 0.5078125 0.884375 0.0375 0.034375
6 0.46953125 0.87109375 0.0296875 0.0265625
5 0.44453125 0.8171875 0.0640625 0.059375
5 0.584375 0.715625 0.103125 0.109375
6 0.29453125 0.96953125 0.0328125 0.0296875
6 0.06484375 0.3109375 0.0328125 0.034375
6 0.0890625 0.75078125 0.034375 0.0328125
