5 0.2421875 0.26484375 0.040625 0.0140625
5 0.31015625 0.284375 0.0328125 0.0125
6 0.02109375 0.3203125 0.0171875 0.034375
6 0.009375 0.3703125 0.01875 0.040625
6 0.08203125 0.378125 0.0171875 0.034375
6 0.009375 0.22421875 0.01875 0.0359375
6 0.025 0.22890625 0.01875 0.0359375
6 0.05859375 0.2171875 0.0140625 0.034375
6 0.06171875 0.37578125 0.0171875 0.0359375
6 0.1015625 0.37734375 0.01875 0.0359375
6 0.2796875 0.38984375 0.015625 0.0328125
6 0.4171875 0.3578125 0.03125 0.021875
5 0.42890625 0.40234375 0.0203125 0.0421875
6 0.39140625 0.3984375 0.0171875 0.034375
6 0.17265625 0.38359375 0.0171875 0.0328125
6 0.190625 0.384375 0.015625 0.034375
6 0.209375 0.38671875 0.015625 0.0328125
6 0.2453125 0.3890625 0.021875 0.03125
6 0.3359375 0.39375 0.015625 0.03125
6 0.53515625 0.40859375 0.0171875 0.0390625
6 0.3546875 0.39453125 0.01875 0.0328125
6 0.37421875 0.3953125 0.0140625 0.03125
6 0.01875 0.46328125 0.015625 0.0328125
6 0.465625 0.36328125 0.034375 0.0203125
6 0.5453125 0.2140625 0.015625 0.034375
6 0.11875 0.37890625 0.01875 0.0359375
6 0.253125 0.340625 0.015625 0.034375
6 0.12578125 0.33359375 0.0171875 0.0328125
6 0.14375 0.3359375 0.021875 0.0375
6 0.16484375 0.33828125 0.0171875 0.0328125
6 0.18203125 0.3359375 0.0203125 0.034375
6 0.196875 0.334375 0.015625 0.0375
6 0.215625 0.3359375 0.01875 0.0375
6 0.23515625 0.33828125 0.0171875 0.0359375
6 0.3109375 0.3359375 0.03125 0.015625
6 0.55 0.25859375 0.01875 0.0359375
6 0.29140625 0.3515625 0.0328125 0.015625
6 0.3328125 0.35234375 0.03125 0.0171875
6 0.37890625 0.35234375 0.0328125 0.0171875
6 0.375 0.28359375 0.015625 0.0359375
6 0.3984375 0.28515625 0.015625 0.0359375
6 0.45546875 0.290625 0.0171875 0.0375
6 0.50546875 0.2921875 0.0171875 0.034375
6 0.03125 0.18671875 0.015625 0.0328125
6 0.0140625 0.1859375 0.021875 0.0375
6 0.675 0.43984375 0.0375 0.0203125
6 0.64140625 0.38671875 0.0328125 0.0140625
6 0.6390625 0.40234375 0.03125 0.0140625
6 0.63515625 0.421875 0.0328125 0.015625
6 0.63515625 0.43671875 0.0296875 0.0171875
6 0.63046875 0.453125 0.0296875 0.0125
6 0.68203125 0.3203125 0.0296875 0.015625
6 0.66171875 0.459375 0.0296875 0.015625
6 0.671875 0.4234375 0.034375 0.015625
6 0.6421875 0.35390625 0.028125 0.0140625
6 0.67578125 0.40546875 0.0328125 0.0140625
6 0.67578125 0.38984375 0.0296875 0.0171875
6 0.67734375 0.37421875 0.0328125 0.0171875
6 0.6734375 0.35703125 0.034375 0.0171875
6 0.678125 0.340625 0.03125 0.01875
6 0.578125 0.509375 0.015625 0.034375
6 0.5953125 0.5109375 0.015625 0.034375
6 0.64140625 0.37265625 0.0296875 0.0171875
6 0.64296875 0.33828125 0.0328125 0.0203125
6 0.64375 0.51796875 0.01875 0.0328125
6 0.24140625 0.47890625 0.0171875 0.0328125
6 0.09453125 0.46640625 0.0203125 0.0421875
6 0.1515625 0.471875 0.015625 0.0375
6 0.1828125 0.47109375 0.01875 0.0359375
6 0.20234375 0.4734375 0.0171875 0.034375
6 0.3203125 0.48203125 0.015625 0.0328125
6 0.64375 0.321875 0.03125 0.015625
6 0.3453125 0.4828125 0.015625 0.0375
6 0.3703125 0.4828125 0.015625 0.034375
6 0.40625 0.49140625 0.015625 0.0328125
6 0.440625 0.49609375 0.015625 0.0328125
6 0.53046875 0.4984375 0.0140625 0.034375
6 0.546875 0.51484375 0.0125 0.0359375
6 0.6453125 0.3046875 0.034375 0.01875
6 0.61171875 0.51015625 0.0171875 0.0328125
6 0.6609375 0.51640625 0.01875 0.0328125
6 0.6921875 0.521875 0.01875 0.034375
6 0.7546875 0.39296875 0.034375 0.0171875
6 0.709375 0.52578125 0.015625 0.0296875
6 0.746875 0.53046875 0.034375 0.0359375
6 0.74921875 0.50078125 0.0328125 0.0171875
6 0.75078125 0.484375 0.0328125 0.015625
6 0.75 0.4640625 0.034375 0.015625
6 0.74921875 0.42890625 0.0390625 0.0171875
6 0.75078125 0.41015625 0.0390625 0.0203125
6 0.7546875 0.37578125 0.034375 0.0171875
6 0.7546875 0.35546875 0.034375 0.0203125
6 0.76015625 0.3375 0.0328125 0.015625
6 0.76015625 0.31875 0.0359375 0.015625
5 0.759375 0.2515625 0.059375 0.021875
5 0.44140625 0.7140625 0.0171875 0.0375
5 0.525 0.88359375 0.046875 0.0203125
