6 0.1953125 0.390625 0.021875 0.03125
6 0.1640625 0.39296875 0.028125 0.0328125
6 0.1390625 0.39609375 0.021875 0.0296875
6 0.11953125 0.39609375 0.0203125 0.0328125
6 0.10078125 0.396875 0.0140625 0.03125
6 0.01015625 0.29453125 0.0203125 0.0328125
6 0.21953125 0.3953125 0.0265625 0.0375
6 0.240625 0.396875 0.025 0.03125
6 0.4203125 0.4234375 0.015625 0.0375
6 0.140625 0.07421875 0.034375 0.0203125
6 0.14921875 0.08984375 0.0328125 0.0203125
6 0.2296875 0.071875 0.034375 0.015625
6 0.22890625 0.09375 0.0328125 0.015625
6 0.22890625 0.1296875 0.0328125 0.015625
6 0.228125 0.1484375 0.03125 0.0125
6 0.23203125 0.16875 0.0296875 0.0125
6 0.29765625 0.128125 0.0265625 0.034375
6 0.2953125 0.20859375 0.021875 0.0328125
