4 0.19765625 0.27890625 0.2796875 0.3328125
6 0.0296875 0.22265625 0.03125 0.0234375
6 0.0328125 0.24609375 0.03125 0.0234375
6 0.03984375 0.2703125 0.0296875 0.021875
5 0.39296875 0.08828125 0.0234375 0.0390625
5 0.41875 0.0953125 0.021875 0.040625
5 0.50546875 0.12265625 0.0234375 0.0453125
5 0.5734375 0.1 0.01875 0.0375
5 0.5875 0.11875 0.021875 0.040625
5 0.63984375 0.13203125 0.0359375 0.0640625
5 0.64921875 0.17109375 0.0203125 0.0390625
5 0.6953125 0.16875 0.025 0.040625
5 0.12421875 0.40703125 0.0328125 0.0328125
5 0.90703125 0.17265625 0.0234375 0.0421875
5 0.92734375 0.18125 0.0234375 0.053125
5 0.64765625 0.265625 0.0203125 0.040625
5 0.66953125 0.265625 0.0234375 0.0375
5 0.64140625 0.30703125 0.0234375 0.0390625
5 0.67734375 0.296875 0.0234375 0.040625
5 0.42421875 0.56015625 0.0390625 0.0203125
5 0.83984375 0.659375 0.0421875 0.025
5 0.18671875 0.8 0.0421875 0.04375
5 0.15 0.8578125 0.0375 0.025
5 0.18359375 0.87421875 0.0421875 0.0265625
5 0.1953125 0.89765625 0.0375 0.0234375
5 0.20390625 0.9203125 0.0421875 0.021875
5 0.9515625 0.2 0.025 0.04375
5 0.971875 0.203125 0.025 0.0375
