6 0.1890625 0.37265625 0.01875 0.0359375
6 0.2078125 0.37265625 0.015625 0.0359375
6 0.23828125 0.3734375 0.0203125 0.0375
6 0.2640625 0.3765625 0.0125 0.028125
6 0.4828125 0.39140625 0.01875 0.0328125
6 0.13046875 0.36484375 0.0171875 0.0390625
6 0.16953125 0.36640625 0.0203125 0.0296875
6 0.09296875 0.3609375 0.0171875 0.03125
6 0.1984375 0.4578125 0.015625 0.0375
6 0.0515625 0.4484375 0.015625 0.040625
6 0.06953125 0.4515625 0.0171875 0.03125
6 0.08984375 0.45 0.0203125 0.034375
6 0.109375 0.453125 0.015625 0.034375
6 0.1265625 0.4515625 0.0125 0.034375
6 0.14375 0.4515625 0.01875 0.034375
6 0.1640625 0.45703125 0.021875 0.0390625
6 0.2203125 0.46015625 0.01875 0.0421875
6 0.0734375 0.36015625 0.021875 0.0359375
6 0.234375 0.4640625 0.015625 0.034375
6 0.25234375 0.4609375 0.0171875 0.034375
6 0.27109375 0.4609375 0.0171875 0.0375
6 0.3078125 0.46875 0.015625 0.0375
6 0.34453125 0.47109375 0.0171875 0.0359375
5 0.3109375 0.38203125 0.053125 0.0171875
5 0.353125 0.30234375 0.075 0.0171875
6 0.03125 0.44609375 0.015625 0.0328125
6 0.17421875 0.94453125 0.0390625 0.0203125
6 0.18203125 0.60703125 0.0296875 0.0171875
