6 0.21640625 0.08125 0.0296875 0.0375
6 0.68515625 0.3125 0.0328125 0.025
6 0.778125 0.20078125 0.03125 0.0296875
6 0.72421875 0.265625 0.0296875 0.03125
6 0.7921875 0.2375 0.034375 0.03125
6 0.78203125 0.25234375 0.0328125 0.0359375
6 0.759375 0.27734375 0.03125 0.0328125
6 0.7484375 0.2875 0.034375 0.028125
6 0.678125 0.33125 0.028125 0.025
6 0.70234375 0.3625 0.0421875 0.028125
6 0.66875 0.34765625 0.0375 0.0265625
6 0.690625 0.39609375 0.0375 0.0234375
6 0.6859375 0.4125 0.034375 0.01875
6 0.56171875 0.4046875 0.0359375 0.021875
6 0.56015625 0.3875 0.0328125 0.01875
6 0.79921875 0.178125 0.0328125 0.03125
6 0.8359375 0.1875 0.03125 0.034375
6 0.84765625 0.17734375 0.0328125 0.0328125
6 0.825 0.15390625 0.0375 0.0296875
6 0.84375 0.12578125 0.03125 0.0328125
6 0.88359375 0.1796875 0.0328125 0.015625
6 0.88359375 0.14765625 0.0390625 0.0203125
6 0.50078125 0.0984375 0.0359375 0.015625
6 0.49765625 0.12890625 0.0359375 0.0140625
6 0.5 0.14296875 0.034375 0.0171875
6 0.58203125 0.1671875 0.0359375 0.015625
6 0.58671875 0.1171875 0.0296875 0.015625
6 0.58984375 0.0671875 0.0359375 0.01875
6 0.58828125 0.084375 0.0296875 0.015625
6 0.5875 0.09765625 0.03125 0.0171875
6 0.59140625 0.03203125 0.0328125 0.0171875
6 0.04765625 0.39296875 0.0296875 0.0140625
6 0.05 0.378125 0.03125 0.015625
6 0.05078125 0.33046875 0.0296875 0.0140625
6 0.0515625 0.31328125 0.034375 0.0171875
6 0.0484375 0.2296875 0.034375 0.015625
6 0.03984375 0.18046875 0.0328125 0.0203125
6 0.03125 0.08671875 0.034375 0.0203125
6 0.03671875 0.12890625 0.0328125 0.0203125
6 0.1609375 0.12421875 0.0125 0.0390625
6 0.1765625 0.334375 0.015625 0.025
6 0.16171875 0.2265625 0.0171875 0.028125
6 0.0484375 0.21171875 0.028125 0.0171875
6 0.04921875 0.27734375 0.0328125 0.0140625
6 0.0515625 0.359375 0.034375 0.01875
6 0.98046875 0.1875 0.0328125 0.03125
6 0.82109375 0.32890625 0.0328125 0.0328125
6 0.95078125 0.35078125 0.0328125 0.0359375
6 0.8453125 0.38984375 0.01875 0.0359375
6 0.86484375 0.27890625 0.0359375 0.0328125
6 0.853125 0.29140625 0.034375 0.0328125
6 0.840625 0.30390625 0.034375 0.0328125
6 0.83046875 0.3171875 0.0328125 0.0375
6 0.81015625 0.34140625 0.0328125 0.0359375
6 0.7921875 0.19140625 0.028125 0.0296875
6 0.7984375 0.35546875 0.034375 0.0359375
6 0.78515625 0.371875 0.0390625 0.03125
6 0.778125 0.390625 0.034375 0.028125
6 0.775 0.40703125 0.0375 0.0234375
6 0.7703125 0.265625 0.034375 0.034375
6 0.8125 0.1625 0.034375 0.03125
6 0.93359375 0.33828125 0.0328125 0.0328125
6 0.9265625 0.32265625 0.03125 0.0328125
6 0.9140625 0.309375 0.03125 0.034375
6 0.90234375 0.28671875 0.0328125 0.0234375
6 0.89296875 0.25078125 0.0390625 0.0203125
6 0.88984375 0.23125 0.0359375 0.01875
6 0.8875 0.21328125 0.034375 0.0203125
6 0.8859375 0.19609375 0.0375 0.0140625
6 0.884375 0.1640625 0.034375 0.01875
6 0.878125 0.13203125 0.03125 0.0203125
6 0.87578125 0.11171875 0.0359375 0.0203125
6 0.87265625 0.09296875 0.0421875 0.0203125
6 0.86640625 0.075 0.0359375 0.021875
6 0.8625 0.05390625 0.040625 0.0234375
6 0.85859375 0.03515625 0.0390625 0.0234375
6 0.85390625 0.015625 0.0390625 0.025
6 0.71796875 0.15234375 0.0453125 0.0484375
6 0.834375 0.1390625 0.034375 0.03125
6 0.82578125 0.1984375 0.0296875 0.028125
6 0.56640625 0.3703125 0.0328125 0.021875
6 0.815625 0.209375 0.03125 0.03125
6 0.65 0.40625 0.0375 0.021875
6 0.65859375 0.3859375 0.0359375 0.021875
6 0.6625 0.36796875 0.0375 0.0234375
6 0.696875 0.378125 0.034375 0.025
6 0.74921875 0.34609375 0.0296875 0.0359375
6 0.70859375 0.3453125 0.0328125 0.025
6 0.715625 0.328125 0.034375 0.025
6 0.72109375 0.3109375 0.0296875 0.025
6 0.69296875 0.2921875 0.0328125 0.028125
6 0.7328125 0.296875 0.034375 0.03125
6 0.71015625 0.275 0.0296875 0.03125
6 0.7328125 0.25078125 0.034375 0.0328125
6 0.74375 0.23671875 0.0375 0.0328125
6 0.75625 0.22421875 0.034375 0.0328125
6 0.765625 0.209375 0.034375 0.034375
6 0.8 0.28046875 0.03125 0.0328125
6 0.803125 0.2234375 0.03125 0.03125
6 0.63125 0.165625 0.028125 0.0375
6 0.64609375 0.06640625 0.0171875 0.0328125
6 0.50234375 0.04921875 0.0390625 0.0171875
6 0.58515625 0.1515625 0.0359375 0.015625
6 0.5921875 0.13125 0.034375 0.015625
6 0.49765625 0.1625 0.0421875 0.01875
6 0.49765625 0.1125 0.0328125 0.0125
6 0.5 0.08125 0.03125 0.01875
6 0.5015625 0.0296875 0.034375 0.015625
6 0.50234375 0.0125 0.0359375 0.015625
6 0.58984375 0.04921875 0.0328125 0.0171875
6 0.5921875 0.015625 0.028125 0.01875
6 0.97890625 0.1375 0.0359375 0.03125
6 0.9515625 0.04609375 0.03125 0.0296875
6 0.965625 0.1515625 0.03125 0.034375
6 0.9640625 0.0328125 0.03125 0.028125
6 0.97578125 0.02265625 0.0328125 0.0328125
