6 0.32109375 0.25703125 0.0140625 0.0359375
6 0.19453125 0.25 0.0140625 0.034375
6 0.2140625 0.2484375 0.015625 0.03125
6 0.23203125 0.25234375 0.0140625 0.0359375
6 0.25 0.25546875 0.015625 0.0359375
6 0.2671875 0.2515625 0.015625 0.03125
6 0.28671875 0.25078125 0.0140625 0.0296875
6 0.3015625 0.25625 0.015625 0.034375
6 0.3375 0.25625 0.0125 0.03125
6 0.1609375 0.253125 0.0125 0.028125
6 0.3546875 0.2515625 0.015625 0.03125
6 0.3734375 0.25625 0.015625 0.03125
6 0.3921875 0.2546875 0.015625 0.03125
6 0.41015625 0.2578125 0.0171875 0.0375
6 0.446875 0.25546875 0.015625 0.0328125
6 0.4640625 0.2546875 0.015625 0.03125
6 0.48046875 0.2546875 0.0171875 0.034375
6 0.17890625 0.25078125 0.0140625 0.0296875
6 0.1421875 0.2515625 0.015625 0.03125
6 0.12578125 0.25078125 0.0140625 0.0296875
6 0.49921875 0.2546875 0.0171875 0.03125
6 0.51953125 0.2546875 0.0171875 0.028125
6 0.5359375 0.25546875 0.015625 0.0328125
6 0.5546875 0.25078125 0.015625 0.0296875
5 0.67578125 0.53046875 0.0265625 0.0703125
5 0.20078125 0.51015625 0.0203125 0.0484375
5 0.5171875 0.521875 0.03125 0.05625
5 0.64375 0.52578125 0.025 0.0578125
5 0.46953125 0.30703125 0.0796875 0.0359375
6 0.81484375 0.2859375 0.0171875 0.034375
6 0.575 0.25390625 0.01875 0.0296875
6 0.5921875 0.25546875 0.01875 0.0328125
6 0.6078125 0.26015625 0.01875 0.0359375
6 0.62890625 0.25703125 0.0171875 0.0296875
6 0.646875 0.2546875 0.015625 0.03125
6 0.59765625 0.3234375 0.0359375 0.021875
6 0.8609375 0.28671875 0.015625 0.0359375
6 0.91484375 0.29609375 0.0171875 0.0328125
5 0.709375 0.5140625 0.025 0.04375
6 0.93359375 0.29921875 0.0171875 0.0296875
6 0.93203125 0.371875 0.0140625 0.025
6 0.89296875 0.36953125 0.0140625 0.0328125
6 0.87421875 0.3671875 0.0171875 0.028125
6 0.8359375 0.365625 0.015625 0.0375
6 0.73515625 0.53671875 0.0171875 0.0328125
5 0.7703125 0.359375 0.01875 0.0375
5 0.17265625 0.45078125 0.0390625 0.1484375
5 0.29609375 0.2953125 0.1578125 0.05
5 0.24765625 0.371875 0.1421875 0.140625
5 0.3921875 0.46484375 0.0375 0.1453125
5 0.55625 0.475 0.040625 0.15
5 0.41953125 0.46953125 0.0390625 0.1421875
5 0.921875 0.84140625 0.034375 0.0171875
5 0.91796875 0.86328125 0.0328125 0.0203125
5 0.92890625 0.8875 0.0359375 0.015625
5 0.92421875 0.91171875 0.0390625 0.0203125
