5 0.14609375 0.3390625 0.0828125 0.075
5 0.14453125 0.37890625 0.0890625 0.0734375
5 0.47265625 0.47890625 0.0234375 0.0671875
6 0.47578125 0.34765625 0.0171875 0.0296875
5 0.92421875 0.06015625 0.0390625 0.0203125
5 0.68671875 0.3 0.0421875 0.04375
5 0.65 0.3578125 0.0375 0.025
5 0.68359375 0.37421875 0.0421875 0.0265625
5 0.6953125 0.39765625 0.0375 0.0234375
5 0.70390625 0.4203125 0.0421875 0.021875
6 0.1953125 0.890625 0.021875 0.03125
6 0.1640625 0.89296875 0.028125 0.0328125
6 0.1390625 0.89609375 0.021875 0.0296875
6 0.11953125 0.89609375 0.0203125 0.0328125
6 0.10078125 0.896875 0.0140625 0.03125
6 0.01015625 0.79453125 0.0203125 0.0328125
6 0.21953125 0.8953125 0.0265625 0.0375
6 0.240625 0.896875 0.025 0.03125
6 0.4203125 0.9234375 0.015625 0.0375
6 0.140625 0.57421875 0.034375 0.0203125
6 0.14921875 0.58984375 0.0328125 0.0203125
6 0.2296875 0.571875 0.034375 0.015625
6 0.22890625 0.59375 0.0328125 0.015625
6 0.22890625 0.6296875 0.0328125 0.015625
6 0.228125 0.6484375 0.03125 0.0125
6 0.23203125 0.66875 0.0296875 0.0125
6 0.29765625 0.628125 0.0265625 0.034375
6 0.2953125 0.70859375 0.021875 0.0328125
6 0.2703125 0.33125 0.034375 0.028125
6 0.26953125 0.35078125 0.0328125 0.0296875
6 0.2640625 0.2734375 0.03125 0.01875
6 0.30625 0.20234375 0.028125 0.0328125
6 0.00859375 0.2328125 0.0171875 0.04375
6 0.0125 0.1125 0.0125 0.028125
6 0.009375 0.0453125 0.015625 0.034375
6 0.29609375 0.08203125 0.0328125 0.0171875
6 0.2953125 0.05859375 0.0375 0.0171875
6 0.359375 0.2109375 0.015625 0.028125
6 0.29453125 0.040625 0.0328125 0.015625
6 0.2921875 0.0234375 0.0375 0.01875
