6 0.978125 0.1921875 0.0375 0.05
6 0.46328125 0.05078125 0.0359375 0.0359375
6 0.86328125 0.02109375 0.0296875 0.0359375
6 0.846875 0.02734375 0.03125 0.0359375
6 0.8296875 0.0328125 0.028125 0.0375
6 0.815625 0.0484375 0.028125 0.034375
6 0.84296875 0.0890625 0.0265625 0.034375
6 0.85703125 0.07734375 0.0265625 0.0328125
6 0.871875 0.071875 0.028125 0.034375
6 0.88984375 0.06328125 0.0265625 0.0328125
6 0.90390625 0.0546875 0.0296875 0.034375
6 0.6859375 0.15546875 0.028125 0.0296875
6 0.390625 0.1296875 0.03125 0.03125
6 0.440625 0.21875 0.034375 0.028125
6 0.52734375 0.10703125 0.0296875 0.0296875
6 0.50390625 0.13203125 0.0328125 0.0296875
6 0.49375 0.14921875 0.03125 0.0265625
6 0.4828125 0.1625 0.03125 0.028125
6 0.4703125 0.17578125 0.028125 0.0296875
6 0.4484375 0.2015625 0.03125 0.028125
6 0.43125 0.23515625 0.034375 0.0296875
6 0.68671875 0.046875 0.0296875 0.03125
6 0.44921875 0.06640625 0.0359375 0.0328125
6 0.4390625 0.08046875 0.034375 0.0359375
6 0.42578125 0.0921875 0.0359375 0.03125
6 0.41171875 0.1046875 0.0359375 0.034375
6 0.53984375 0.09609375 0.0359375 0.0296875
6 0.56640625 0.0703125 0.0359375 0.03125
6 0.59296875 0.0453125 0.0265625 0.028125
6 0.5015625 0.240625 0.034375 0.03125
6 0.51015625 0.2203125 0.0296875 0.03125
6 0.52265625 0.20859375 0.0328125 0.0328125
6 0.53515625 0.19453125 0.0390625 0.0359375
6 0.5421875 0.17890625 0.04375 0.0359375
6 0.565625 0.16484375 0.03125 0.0328125
6 0.57734375 0.15625 0.0328125 0.03125
6 0.5859375 0.1375 0.034375 0.03125
6 0.59765625 0.12109375 0.0390625 0.0296875
6 0.61015625 0.109375 0.0328125 0.03125
6 0.6265625 0.09296875 0.034375 0.0328125
6 0.640625 0.0796875 0.034375 0.034375
6 0.65546875 0.06875 0.0328125 0.0375
6 0.671875 0.06015625 0.034375 0.0390625
6 0.9234375 0.04765625 0.025 0.0328125
6 0.940625 0.0390625 0.028125 0.034375
6 0.9609375 0.0296875 0.028125 0.034375
6 0.978125 0.0234375 0.025 0.03125
6 0.890625 0.16015625 0.021875 0.0328125
6 0.91875 0.146875 0.025 0.034375
6 0.971875 0.11171875 0.025 0.0328125
6 0.4015625 0.11875 0.034375 0.03125
6 0.36796875 0.16171875 0.0328125 0.0328125
6 0.0171875 0.30390625 0.028125 0.0359375
