4 0.84765625 0.57734375 0.2234375 0.2296875
6 0.365625 0.9578125 0.01875 0.025
5 0.64609375 0.05390625 0.0421875 0.0359375
5 0.9703125 0.76171875 0.021875 0.0390625
5 0.49296875 0.9765625 0.0765625 0.0375
5 0.1640625 0.06015625 0.0375 0.0390625
5 0.1578125 0.11484375 0.034375 0.0359375
5 0.1859375 0.13828125 0.0375 0.0390625
5 0.1890625 0.1578125 0.046875 0.046875
5 0.23203125 0.15703125 0.0359375 0.0265625
5 0.221875 0.17421875 0.03125 0.0265625
5 0.21328125 0.2109375 0.0359375 0.025
5 0.140625 0.19296875 0.0375 0.0140625
5 0.0890625 0.15 0.0375 0.0375
