5 0.3203125 0.21484375 0.11875 0.0359375
5 0.525 0.4359375 0.159375 0.03125
5 0.3015625 0.50859375 0.121875 0.0328125
5 0.30390625 0.53671875 0.1296875 0.0359375
5 0.3 0.59609375 0.128125 0.0390625
5 0.29453125 0.621875 0.1171875 0.0375
5 0.55078125 0.60234375 0.1484375 0.0796875
6 0.02578125 0.8265625 0.0171875 0.034375
6 0.06171875 0.821875 0.0171875 0.034375
6 0.0953125 0.83359375 0.015625 0.0359375
6 0.1484375 0.8328125 0.015625 0.0375
6 0.19375 0.9640625 0.015625 0.0375
6 0.390625 0.8484375 0.015625 0.034375
6 0.159375 0.921875 0.015625 0.034375
6 0.175 0.9234375 0.015625 0.034375
6 0.22734375 0.92578125 0.0203125 0.0359375
6 0.31328125 0.93359375 0.0171875 0.0296875
6 0.31171875 0.96640625 0.0203125 0.0359375
6 0.22265625 0.95859375 0.0171875 0.0328125
6 0.17421875 0.959375 0.0171875 0.034375
6 0.3359375 0.83984375 0.015625 0.0328125
6 0.31640625 0.2984375 0.0359375 0.015625
5 0.51484375 0.55859375 0.0734375 0.0421875
5 0.49765625 0.67890625 0.0765625 0.0234375
6 0.52421875 0.07265625 0.0359375 0.0171875
6 0.51953125 0.05 0.0359375 0.015625
6 0.3734375 0.8484375 0.015625 0.034375
6 0.31953125 0.84296875 0.0171875 0.0359375
6 0.08671875 0.91484375 0.0203125 0.0359375
6 0.01875 0.9140625 0.01875 0.028125
6 0.034375 0.91171875 0.015625 0.0390625
6 0.05234375 0.9140625 0.0171875 0.03125
6 0.06875 0.91484375 0.01875 0.0328125
6 0.12109375 0.91953125 0.0140625 0.0328125
6 0.2953125 0.8421875 0.01875 0.040625
6 0.03046875 0.95625 0.0203125 0.0375
6 0.065625 0.9515625 0.01875 0.034375
6 0.18359375 0.8359375 0.0140625 0.03125
6 0.21640625 0.8359375 0.0109375 0.03125
6 0.240625 0.83359375 0.015625 0.0328125
5 0.271875 0.5625 0.0625 0.021875
