6 0.05 0.17734375 0.03125 0.0296875
6 0.0421875 0.1921875 0.025 0.028125
6 0.03203125 0.20078125 0.0296875 0.0296875
6 0.01953125 0.2125 0.0328125 0.034375
5 0.384375 0.12421875 0.034375 0.0984375
5 0.64609375 0.3390625 0.0828125 0.075
5 0.64453125 0.37890625 0.0890625 0.0734375
5 0.97265625 0.47890625 0.0234375 0.0671875
6 0.97578125 0.34765625 0.0171875 0.0296875
6 0.41640625 0.753125 0.0203125 0.0375
6 0.6953125 0.890625 0.021875 0.03125
6 0.6640625 0.89296875 0.028125 0.0328125
6 0.6390625 0.89609375 0.021875 0.0296875
6 0.61953125 0.89609375 0.0203125 0.0328125
6 0.60078125 0.896875 0.0140625 0.03125
6 0.51015625 0.79453125 0.0203125 0.0328125
6 0.71953125 0.8953125 0.0265625 0.0375
6 0.740625 0.896875 0.025 0.03125
6 0.9203125 0.9234375 0.015625 0.0375
6 0.640625 0.57421875 0.034375 0.0203125
6 0.64921875 0.58984375 0.0328125 0.0203125
6 0.7296875 0.571875 0.034375 0.015625
6 0.72890625 0.59375 0.0328125 0.015625
6 0.72890625 0.6296875 0.0328125 0.015625
6 0.728125 0.6484375 0.03125 0.0125
6 0.73203125 0.66875 0.0296875 0.0125
6 0.79765625 0.628125 0.0265625 0.034375
6 0.7953125 0.70859375 0.021875 0.0328125
6 0.7703125 0.33125 0.034375 0.028125
6 0.76953125 0.35078125 0.0328125 0.0296875
6 0.7640625 0.2734375 0.03125 0.01875
6 0.80625 0.20234375 0.028125 0.0328125
6 0.31640625 0.38046875 0.0171875 0.0390625
6 0.384375 0.35625 0.021875 0.0375
6 0.43359375 0.559375 0.0171875 0.03125
6 0.44296875 0.30625 0.0171875 0.034375
6 0.50859375 0.2328125 0.0171875 0.04375
6 0.5125 0.1125 0.0125 0.028125
6 0.509375 0.0453125 0.015625 0.034375
6 0.79609375 0.08203125 0.0328125 0.0171875
6 0.7953125 0.05859375 0.0375 0.0171875
6 0.859375 0.2109375 0.015625 0.028125
6 0.79453125 0.040625 0.0328125 0.015625
6 0.7921875 0.0234375 0.0375 0.01875
6 0.04765625 0.015625 0.0265625 0.01875
6 0.046875 0.034375 0.03125 0.01875
6 0.0953125 0.03125 0.021875 0.0375
6 0.1109375 0.09296875 0.021875 0.0390625
6 0.121875 0.13671875 0.021875 0.0359375
6 0.3046875 0.63203125 0.015625 0.0359375
