6 0.01796875 0.18125 0.0265625 0.03125
6 0.0328125 0.1890625 0.025 0.034375
6 0.065625 0.20078125 0.025 0.0328125
6 0.01328125 0.22109375 0.0234375 0.0296875
6 0.03203125 0.22734375 0.0265625 0.0328125
6 0.06171875 0.24609375 0.0265625 0.0328125
6 0.04765625 0.2359375 0.0265625 0.0375
6 0.134375 0.2953125 0.01875 0.034375
6 0.0953125 0.059375 0.03125 0.01875
6 0.08984375 0.09375 0.0359375 0.0125
6 0.0921875 0.078125 0.034375 0.015625
6 0.09453125 0.025 0.0328125 0.015625
6 0.09765625 0.0453125 0.0328125 0.0125
6 0.0890625 0.1125 0.028125 0.015625
6 0.15703125 0.3078125 0.0171875 0.03125
6 0.2234375 0.05390625 0.025 0.0140625
6 0.1609375 0.21953125 0.01875 0.0390625
6 0.18203125 0.21640625 0.0171875 0.0359375
6 0.0359375 0.33359375 0.025 0.0359375
6 0.0515625 0.34375 0.028125 0.0375
6 0.07265625 0.35703125 0.0234375 0.0359375
6 0.20859375 0.0171875 0.0390625 0.015625
6 0.21875 0.071875 0.021875 0.015625
6 0.21796875 0.03671875 0.0328125 0.0171875
6 0.125 0.1140625 0.034375 0.015625
6 0.128125 0.09609375 0.034375 0.0171875
6 0.13359375 0.0796875 0.0328125 0.015625
6 0.13359375 0.0609375 0.0328125 0.0125
6 0.13671875 0.04765625 0.0328125 0.0140625
6 0.134375 0.03046875 0.03125 0.0109375
6 0.134375 0.009375 0.034375 0.0125
5 0.70078125 0.26484375 0.0171875 0.0453125
5 0.7234375 0.2234375 0.015625 0.0375
5 0.6953125 0.32421875 0.01875 0.0390625
5 0.7234375 0.30546875 0.021875 0.0421875
