5 0.725 0.30390625 0.0375 0.0390625
5 0.7546875 0.3359375 0.034375 0.0375
5 0.0734375 0.24453125 0.0375 0.0703125
5 0.05234375 0.240625 0.0328125 0.06875
5 0.03046875 0.2375 0.0296875 0.071875
5 0.2125 0.6890625 0.04375 0.034375
5 0.371875 0.43046875 0.03125 0.0296875
5 0.39375 0.4484375 0.0375 0.0375
5 0.43125 0.45703125 0.034375 0.0390625
5 0.46171875 0.48046875 0.0421875 0.0390625
5 0.48359375 0.5015625 0.0296875 0.040625
5 0.43046875 0.540625 0.0328125 0.028125
5 0.071875 0.428125 0.021875 0.03125
5 0.11796875 0.25390625 0.0265625 0.0421875
