6 0.865625 0.9578125 0.01875 0.025
6 0.11171875 0.6671875 0.0328125 0.034375
6 0.0734375 0.65234375 0.034375 0.0390625
6 0.0984375 0.5765625 0.034375 0.034375
6 0.065625 0.57890625 0.040625 0.0390625
6 0.0390625 0.61484375 0.040625 0.0296875
6 0.3109375 0.97265625 0.028125 0.0265625
6 0.14140625 0.65859375 0.0328125 0.0328125
6 0.184375 0.71015625 0.03125 0.0328125
6 0.1484375 0.7171875 0.03125 0.03125
6 0.18671875 0.77734375 0.0265625 0.0359375
6 0.15625 0.7515625 0.034375 0.0375
6 0.22109375 0.7625 0.0328125 0.040625
6 0.215625 0.7 0.034375 0.034375
6 0.29140625 0.80859375 0.0390625 0.0359375
6 0.284375 0.8390625 0.0375 0.0375
6 0.23515625 0.85546875 0.0328125 0.0390625
6 0.3203125 0.853125 0.01875 0.034375
6 0.35 0.9125 0.028125 0.0375
6 0.25859375 0.90078125 0.0234375 0.0328125
6 0.290625 0.9171875 0.028125 0.034375
6 0.32890625 0.9234375 0.0234375 0.034375
6 0.28125 0.940625 0.025 0.03125
6 0.24765625 0.92265625 0.0203125 0.0296875
5 0.6640625 0.06015625 0.0375 0.0390625
5 0.6578125 0.11484375 0.034375 0.0359375
5 0.6859375 0.13828125 0.0375 0.0390625
5 0.6890625 0.1578125 0.046875 0.046875
5 0.73203125 0.15703125 0.0359375 0.0265625
5 0.721875 0.17421875 0.03125 0.0265625
5 0.71328125 0.2109375 0.0359375 0.025
5 0.640625 0.19296875 0.0375 0.0140625
5 0.5890625 0.15 0.0375 0.0375
