6 0.0375 0.78203125 0.025 0.0359375
6 0.02265625 0.76328125 0.0203125 0.0328125
6 0.05390625 0.784375 0.0265625 0.034375
6 0.08515625 0.80078125 0.0234375 0.0328125
6 0.10546875 0.94921875 0.0296875 0.0328125
6 0.1296875 0.97265625 0.03125 0.0328125
6 0.2859375 0.9609375 0.034375 0.034375
6 0.2703125 0.9515625 0.034375 0.034375
6 0.209375 0.890625 0.03125 0.0375
6 0.159375 0.84375 0.028125 0.0375
6 0.10078125 0.81328125 0.0265625 0.0359375
6 0.04765625 0.28125 0.0359375 0.015625
6 0.1140625 0.29375 0.034375 0.0125
6 0.11640625 0.3609375 0.0453125 0.028125
6 0.20703125 0.37890625 0.0359375 0.0234375
6 0.25390625 0.4078125 0.0359375 0.028125
6 0.1828125 0.31328125 0.03125 0.0234375
6 0.27421875 0.36015625 0.0328125 0.0265625
6 0.2296875 0.3359375 0.0375 0.028125
6 0.2578125 0.3734375 0.0375 0.028125
6 0.30703125 0.38125 0.0296875 0.021875
6 0.4640625 0.54453125 0.0375 0.0421875
6 0.61171875 0.6671875 0.0328125 0.034375
6 0.5734375 0.65234375 0.034375 0.0390625
6 0.5984375 0.5765625 0.034375 0.034375
6 0.565625 0.57890625 0.040625 0.0390625
6 0.5390625 0.61484375 0.040625 0.0296875
6 0.509375 0.57890625 0.03125 0.0265625
6 0.5078125 0.53828125 0.03125 0.0296875
6 0.8109375 0.97265625 0.028125 0.0265625
6 0.51171875 0.51171875 0.0359375 0.0359375
6 0.4796875 0.4734375 0.034375 0.03125
6 0.4609375 0.484375 0.028125 0.034375
6 0.38515625 0.49921875 0.0390625 0.0359375
6 0.396875 0.4328125 0.0375 0.03125
6 0.36171875 0.40390625 0.0359375 0.0296875
6 0.64140625 0.65859375 0.0328125 0.0328125
6 0.684375 0.71015625 0.03125 0.0328125
6 0.6484375 0.7171875 0.03125 0.03125
6 0.68671875 0.77734375 0.0265625 0.0359375
6 0.65625 0.7515625 0.034375 0.0375
6 0.72109375 0.7625 0.0328125 0.040625
6 0.715625 0.7 0.034375 0.034375
6 0.79140625 0.80859375 0.0390625 0.0359375
6 0.784375 0.8390625 0.0375 0.0375
6 0.73515625 0.85546875 0.0328125 0.0390625
6 0.8203125 0.853125 0.01875 0.034375
6 0.85 0.9125 0.028125 0.0375
6 0.75859375 0.90078125 0.0234375 0.0328125
6 0.790625 0.9171875 0.028125 0.034375
6 0.82890625 0.9234375 0.0234375 0.034375
6 0.78125 0.940625 0.025 0.03125
6 0.74765625 0.92265625 0.0203125 0.0296875
6 0.30078125 0.97265625 0.0359375 0.0359375
6 0.2640625 0.9375 0.028125 0.03125
6 0.24921875 0.92578125 0.0328125 0.0328125
6 0.2390625 0.91015625 0.028125 0.0328125
6 0.22578125 0.9 0.0265625 0.03125
6 0.20078125 0.8765625 0.0328125 0.0375
6 0.18671875 0.86640625 0.0296875 0.0359375
6 0.10625 0.66484375 0.034375 0.0234375
6 0.12265625 0.64921875 0.0359375 0.0265625
6 0.1671875 0.66796875 0.0375 0.0296875
6 0.20390625 0.690625 0.0359375 0.03125
6 0.24140625 0.7171875 0.0328125 0.025
6 0.284375 0.740625 0.034375 0.03125
6 0.13359375 0.70390625 0.0390625 0.0328125
6 0.20703125 0.71875 0.0359375 0.03125
6 0.23984375 0.775 0.0359375 0.0375
6 0.29375 0.78203125 0.03125 0.0296875
6 0.32421875 0.77109375 0.0328125 0.0296875
6 0.35 0.8078125 0.0375 0.034375
6 0.33203125 0.82734375 0.0328125 0.0265625
6 0.36796875 0.865625 0.0328125 0.0375
6 0.17265625 0.85703125 0.0265625 0.0328125
6 0.14921875 0.83125 0.0265625 0.034375
6 0.13359375 0.82265625 0.0296875 0.0390625
6 0.115625 0.8171875 0.028125 0.04375
6 0.07265625 0.79140625 0.0265625 0.0359375
6 0.42734375 0.92578125 0.0234375 0.0390625
6 0.3921875 0.90546875 0.034375 0.0359375
6 0.428125 0.88828125 0.03125 0.0390625
6 0.07890625 0.96953125 0.0328125 0.0296875
6 0.09375 0.95703125 0.03125 0.0328125
6 0.11953125 0.98125 0.0328125 0.03125
6 0.0375 0.89921875 0.03125 0.0328125
6 0.0140625 0.92421875 0.028125 0.0296875
6 0.02421875 0.9125 0.0296875 0.03125
6 0.4828125 0.7171875 0.03125 0.03125
6 0.50703125 0.975 0.0265625 0.040625
6 0.47890625 0.934375 0.0265625 0.03125
