6 0.48671875 0.15859375 0.0265625 0.0390625
6 0.3640625 0.23671875 0.025 0.0328125
6 0.3921875 0.2546875 0.028125 0.034375
6 0.40703125 0.26484375 0.0296875 0.0359375
6 0.425 0.26875 0.021875 0.03125
6 0.44609375 0.28046875 0.0234375 0.0359375
6 0.46328125 0.290625 0.0234375 0.03125
6 0.45703125 0.146875 0.0328125 0.040625
6 0.5046875 0.16875 0.028125 0.03125
6 0.4125 0.1609375 0.028125 0.0375
6 0.51796875 0.18125 0.0265625 0.03125
6 0.5328125 0.1890625 0.025 0.034375
6 0.565625 0.20078125 0.025 0.0328125
6 0.4671875 0.1921875 0.025 0.0375
6 0.484375 0.2015625 0.025 0.034375
6 0.51328125 0.22109375 0.0234375 0.0296875
6 0.53203125 0.22734375 0.0265625 0.0328125
6 0.346875 0.23125 0.025 0.034375
6 0.4453125 0.13515625 0.025 0.0328125
6 0.56171875 0.24609375 0.0265625 0.0328125
6 0.39609375 0.11328125 0.0265625 0.0296875
6 0.54765625 0.2359375 0.0265625 0.0375
6 0.634375 0.2953125 0.01875 0.034375
6 0.5953125 0.059375 0.03125 0.01875
6 0.58984375 0.09375 0.0359375 0.0125
6 0.5921875 0.078125 0.034375 0.015625
6 0.59453125 0.025 0.0328125 0.015625
6 0.59765625 0.0453125 0.0328125 0.0125
6 0.5890625 0.1125 0.028125 0.015625
6 0.65703125 0.3078125 0.0171875 0.03125
6 0.7234375 0.05390625 0.025 0.0140625
6 0.6609375 0.21953125 0.01875 0.0390625
6 0.68203125 0.21640625 0.0171875 0.0359375
6 0.5359375 0.33359375 0.025 0.0359375
6 0.5515625 0.34375 0.028125 0.0375
6 0.57265625 0.35703125 0.0234375 0.0359375
6 0.70859375 0.0171875 0.0390625 0.015625
6 0.71875 0.071875 0.021875 0.015625
6 0.71796875 0.03671875 0.0328125 0.0171875
6 0.625 0.1140625 0.034375 0.015625
6 0.628125 0.09609375 0.034375 0.0171875
6 0.63359375 0.0796875 0.0328125 0.015625
6 0.63359375 0.0609375 0.0328125 0.0125
6 0.63671875 0.04765625 0.0328125 0.0140625
6 0.634375 0.03046875 0.03125 0.0109375
6 0.634375 0.009375 0.034375 0.0125
6 0.1703125 0.29296875 0.028125 0.0359375
6 0.19296875 0.29375 0.0234375 0.03125
6 0.18671875 0.45546875 0.0390625 0.0140625
6 0.0765625 0.41015625 0.03125 0.0390625
6 0.1078125 0.35625 0.03125 0.0375
6 0.05390625 0.45 0.0265625 0.034375
6 0.03515625 0.48671875 0.0296875 0.0359375
6 0.28203125 0.1984375 0.0296875 0.040625
5 0.16640625 0.10390625 0.0796875 0.0828125
6 0.14453125 0.29140625 0.0359375 0.0453125
