6 0.02578125 0.15625 0.0234375 0.034375
6 0.06328125 0.16328125 0.0203125 0.0359375
6 0.0984375 0.290625 0.01875 0.034375
6 0.12109375 0.29296875 0.0203125 0.0328125
5 0.02578125 0.8578125 0.0515625 0.025
6 0.3625 0.36171875 0.015625 0.0328125
6 0.3140625 0.30859375 0.01875 0.0359375
6 0.346875 0.315625 0.015625 0.034375
6 0.4 0.31875 0.01875 0.034375
6 0.453125 0.31953125 0.01875 0.0359375
6 0.290625 0.3546875 0.01875 0.0375
6 0.3078125 0.35859375 0.01875 0.0328125
6 0.328125 0.35703125 0.01875 0.0328125
6 0.415625 0.365625 0.01875 0.0375
6 0.23359375 0.35234375 0.0171875 0.0390625
6 0.43671875 0.365625 0.0203125 0.0375
5 0.4953125 0.3203125 0.01875 0.040625
5 0.7421875 0.26484375 0.040625 0.0140625
5 0.81015625 0.284375 0.0328125 0.0125
6 0.52109375 0.3203125 0.0171875 0.034375
6 0.46953125 0.36796875 0.0171875 0.0328125
6 0.509375 0.3703125 0.01875 0.040625
6 0.27265625 0.3546875 0.0203125 0.040625
6 0.21328125 0.35234375 0.0140625 0.0359375
6 0.58203125 0.378125 0.0171875 0.034375
6 0.45703125 0.22109375 0.0171875 0.0359375
6 0.31875 0.209375 0.01875 0.0375
6 0.33828125 0.209375 0.0171875 0.0375
6 0.3703125 0.21640625 0.015625 0.0359375
6 0.38828125 0.21640625 0.0171875 0.0328125
6 0.40546875 0.21875 0.0171875 0.0375
6 0.42265625 0.21953125 0.0171875 0.0328125
6 0.43984375 0.221875 0.0171875 0.034375
6 0.47421875 0.22265625 0.0203125 0.0328125
6 0.196875 0.35234375 0.015625 0.0328125
6 0.4921875 0.225 0.01875 0.0375
6 0.509375 0.22421875 0.01875 0.0359375
6 0.525 0.22890625 0.01875 0.0359375
6 0.55859375 0.2171875 0.0140625 0.034375
6 0.15546875 0.29453125 0.0171875 0.0328125
6 0.17421875 0.29453125 0.0140625 0.0328125
6 0.17734375 0.346875 0.0171875 0.034375
6 0.56171875 0.37578125 0.0171875 0.0359375
6 0.6015625 0.37734375 0.01875 0.0359375
6 0.2671875 0.20546875 0.021875 0.0421875
6 0.7796875 0.38984375 0.015625 0.0328125
6 0.9171875 0.3578125 0.03125 0.021875
5 0.92890625 0.40234375 0.0203125 0.0421875
6 0.89140625 0.3984375 0.0171875 0.034375
6 0.67265625 0.38359375 0.0171875 0.0328125
6 0.690625 0.384375 0.015625 0.034375
6 0.709375 0.38671875 0.015625 0.0328125
6 0.7453125 0.3890625 0.021875 0.03125
6 0.8359375 0.39375 0.015625 0.03125
6 0.8546875 0.39453125 0.01875 0.0328125
6 0.87421875 0.3953125 0.0140625 0.03125
6 0.51875 0.46328125 0.015625 0.0328125
6 0.16953125 0.44296875 0.0171875 0.0296875
6 0.2078125 0.44140625 0.01875 0.0390625
6 0.24609375 0.4453125 0.0171875 0.03125
6 0.35546875 0.45390625 0.0171875 0.0390625
6 0.965625 0.36328125 0.034375 0.0203125
6 0.61875 0.37890625 0.01875 0.0359375
6 0.753125 0.340625 0.015625 0.034375
6 0.62578125 0.33359375 0.0171875 0.0328125
6 0.64375 0.3359375 0.021875 0.0375
6 0.66484375 0.33828125 0.0171875 0.0328125
6 0.68203125 0.3359375 0.0203125 0.034375
6 0.696875 0.334375 0.015625 0.0375
6 0.715625 0.3359375 0.01875 0.0375
6 0.73515625 0.33828125 0.0171875 0.0359375
6 0.8109375 0.3359375 0.03125 0.015625
6 0.79140625 0.3515625 0.0328125 0.015625
6 0.8328125 0.35234375 0.03125 0.0171875
6 0.87890625 0.35234375 0.0328125 0.0171875
6 0.875 0.28359375 0.015625 0.0359375
6 0.8984375 0.28515625 0.015625 0.0359375
6 0.95546875 0.290625 0.0171875 0.0375
6 0.3015625 0.2078125 0.01875 0.034375
6 0.23203125 0.20625 0.0171875 0.034375
6 0.39609375 0.4546875 0.0203125 0.0375
6 0.2140625 0.2046875 0.015625 0.034375
6 0.4265625 0.18046875 0.015625 0.0390625
6 0.18046875 0.16171875 0.0140625 0.0359375
6 0.53125 0.18671875 0.015625 0.0328125
6 0.5140625 0.1859375 0.021875 0.0375
6 0.4953125 0.18203125 0.01875 0.0359375
6 0.478125 0.1859375 0.015625 0.034375
6 0.4625 0.184375 0.01875 0.034375
6 0.44296875 0.1828125 0.0140625 0.0375
6 0.40703125 0.1796875 0.0203125 0.0375
5 0.1890625 0.86015625 0.040625 0.0171875
6 0.38984375 0.17734375 0.0171875 0.0359375
6 0.3546875 0.17421875 0.015625 0.0359375
6 0.3375 0.17421875 0.015625 0.0359375
6 0.32109375 0.171875 0.0171875 0.034375
6 0.30390625 0.17109375 0.0203125 0.0359375
6 0.2890625 0.1703125 0.021875 0.0375
6 0.1765625 0.1984375 0.015625 0.034375
6 0.20078125 0.16484375 0.0171875 0.0359375
5 0.16171875 0.840625 0.0421875 0.015625
6 0.31796875 0.446875 0.0203125 0.0375
6 0.446875 0.459375 0.01875 0.03125
6 0.428125 0.4578125 0.01875 0.028125
6 0.74140625 0.47890625 0.0171875 0.0328125
6 0.465625 0.4578125 0.021875 0.034375
6 0.4828125 0.4578125 0.015625 0.0375
6 0.503125 0.459375 0.015625 0.0375
6 0.59453125 0.46640625 0.0203125 0.0421875
6 0.6515625 0.471875 0.015625 0.0375
6 0.6828125 0.47109375 0.01875 0.0359375
6 0.70234375 0.4734375 0.0171875 0.034375
6 0.8203125 0.48203125 0.015625 0.0328125
6 0.8453125 0.4828125 0.015625 0.0375
6 0.8703125 0.4828125 0.015625 0.034375
6 0.90625 0.49140625 0.015625 0.0328125
6 0.940625 0.49609375 0.015625 0.0328125
5 0.94140625 0.7140625 0.0171875 0.0375
