6 0.95234375 0.26875 0.0296875 0.021875
6 0.95078125 0.25234375 0.0328125 0.0140625
6 0.95234375 0.21953125 0.0296875 0.0171875
6 0.953125 0.28515625 0.03125 0.0171875
6 0.95390625 0.353125 0.0328125 0.015625
6 0.86484375 0.03671875 0.0328125 0.0265625
6 0.8546875 0.01875 0.034375 0.028125
6 0.946875 0.153125 0.03125 0.015625
6 0.94453125 0.10390625 0.0328125 0.0203125
6 0.92421875 0.040625 0.0328125 0.021875
6 0.9140625 0.025 0.034375 0.025
6 0.478125 0.1921875 0.0375 0.05
6 0.90546875 0.3609375 0.0296875 0.015625
6 0.89453125 0.1484375 0.0359375 0.021875
6 0.90703125 0.26171875 0.0328125 0.0171875
6 0.90703125 0.284375 0.0328125 0.01875
6 0.90703125 0.29921875 0.0328125 0.0171875
6 0.9078125 0.32265625 0.034375 0.0171875
6 0.9078125 0.33828125 0.03125 0.0171875
6 0.90234375 0.3828125 0.0328125 0.015625
6 0.89140625 0.12734375 0.0359375 0.0203125
6 0.890625 0.1078125 0.034375 0.021875
6 0.884375 0.08828125 0.0375 0.0234375
6 0.878125 0.0703125 0.034375 0.025
6 0.95390625 0.3828125 0.0359375 0.0125
6 0.93359375 0.05390625 0.0359375 0.0234375
6 0.759375 0.0234375 0.034375 0.034375
6 0.775 0.03359375 0.034375 0.0328125
6 0.36328125 0.02109375 0.0296875 0.0359375
6 0.346875 0.02734375 0.03125 0.0359375
6 0.3296875 0.0328125 0.028125 0.0375
6 0.315625 0.0484375 0.028125 0.034375
6 0.34296875 0.0890625 0.0265625 0.034375
6 0.35703125 0.07734375 0.0265625 0.0328125
6 0.371875 0.071875 0.028125 0.034375
6 0.38984375 0.06328125 0.0265625 0.0328125
6 0.40390625 0.0546875 0.0296875 0.034375
6 0.1859375 0.15546875 0.028125 0.0296875
6 0.02734375 0.10703125 0.0296875 0.0296875
6 0.18671875 0.046875 0.0296875 0.03125
6 0.03984375 0.09609375 0.0359375 0.0296875
6 0.06640625 0.0703125 0.0359375 0.03125
6 0.09296875 0.0453125 0.0265625 0.028125
6 0.02265625 0.20859375 0.0328125 0.0328125
6 0.03515625 0.19453125 0.0390625 0.0359375
6 0.0421875 0.17890625 0.04375 0.0359375
6 0.065625 0.16484375 0.03125 0.0328125
6 0.07734375 0.15625 0.0328125 0.03125
6 0.0859375 0.1375 0.034375 0.03125
6 0.09765625 0.12109375 0.0390625 0.0296875
6 0.11015625 0.109375 0.0328125 0.03125
6 0.1265625 0.09296875 0.034375 0.0328125
6 0.140625 0.0796875 0.034375 0.034375
6 0.15546875 0.06875 0.0328125 0.0375
6 0.171875 0.06015625 0.034375 0.0390625
6 0.4234375 0.04765625 0.025 0.0328125
6 0.440625 0.0390625 0.028125 0.034375
6 0.4609375 0.0296875 0.028125 0.034375
6 0.5265625 0.09140625 0.01875 0.0359375
6 0.78828125 0.34140625 0.0328125 0.0140625
6 0.7859375 0.36015625 0.034375 0.0171875
6 0.78359375 0.38125 0.0359375 0.015625
6 0.50859375 0.16171875 0.0265625 0.0390625
6 0.4890625 0.10625 0.028125 0.034375
6 0.50625 0.096875 0.025 0.034375
6 0.54453125 0.090625 0.0140625 0.034375
6 0.478125 0.0234375 0.025 0.03125
6 0.56328125 0.0953125 0.0171875 0.03125
6 0.584375 0.09453125 0.021875 0.0421875
6 0.603125 0.10078125 0.021875 0.0359375
6 0.62265625 0.10859375 0.0265625 0.0359375
6 0.63984375 0.115625 0.0328125 0.03125
6 0.64921875 0.1296875 0.0359375 0.034375
6 0.78671875 0.30703125 0.0328125 0.0140625
6 0.78984375 0.32421875 0.0328125 0.0140625
6 0.7859375 0.2875 0.0375 0.015625
6 0.78671875 0.26796875 0.0390625 0.0171875
6 0.8203125 0.3796875 0.028125 0.015625
6 0.82265625 0.36015625 0.0296875 0.0140625
6 0.8234375 0.34296875 0.03125 0.0171875
6 0.82421875 0.32578125 0.0359375 0.0140625
6 0.821875 0.30625 0.03125 0.015625
6 0.8234375 0.2890625 0.034375 0.01875
6 0.821875 0.26796875 0.03125 0.0171875
6 0.8140625 0.14609375 0.034375 0.0171875
6 0.8109375 0.12265625 0.034375 0.0203125
6 0.80703125 0.1046875 0.0359375 0.021875
6 0.8 0.0875 0.034375 0.025
6 0.79453125 0.06953125 0.0328125 0.0234375
6 0.7859375 0.053125 0.0375 0.03125
6 0.6640625 0.14609375 0.034375 0.0296875
6 0.67421875 0.16015625 0.0328125 0.0296875
6 0.68359375 0.1765625 0.0359375 0.025
6 0.73046875 0.0984375 0.0328125 0.028125
6 0.49296875 0.01796875 0.0265625 0.0359375
6 0.6375 0.0203125 0.025 0.0375
6 0.6515625 0.028125 0.028125 0.034375
6 0.6671875 0.0421875 0.028125 0.0375
6 0.68125 0.04765625 0.03125 0.0390625
6 0.696875 0.059375 0.03125 0.034375
6 0.70625 0.07578125 0.034375 0.0328125
6 0.72265625 0.0875 0.0359375 0.03125
6 0.740625 0.1140625 0.0375 0.03125
6 0.68984375 0.19609375 0.0328125 0.0203125
6 0.7484375 0.13203125 0.0375 0.0296875
6 0.7546875 0.146875 0.0375 0.028125
6 0.76328125 0.1671875 0.0359375 0.025
6 0.390625 0.16015625 0.021875 0.0328125
6 0.41875 0.146875 0.025 0.034375
6 0.471875 0.11171875 0.025 0.0328125
6 0.7015625 0.38203125 0.0375 0.0140625
6 0.703125 0.36640625 0.0375 0.0171875
6 0.70390625 0.34765625 0.0359375 0.0171875
6 0.70390625 0.3296875 0.0359375 0.01875
6 0.70546875 0.31015625 0.0359375 0.0171875
6 0.70390625 0.28984375 0.0328125 0.0171875
6 0.69921875 0.234375 0.0328125 0.021875
6 0.69609375 0.21640625 0.0359375 0.0203125
