6 0.34375 0.61875 0.0375 0.021875
6 0.63828125 0.38984375 0.0390625 0.0234375
6 0.6265625 0.43828125 0.040625 0.0265625
6 0.56171875 0.6171875 0.0421875 0.028125
6 0.55234375 0.63515625 0.0390625 0.0234375
6 0.54765625 0.65390625 0.0359375 0.0234375
6 0.5375 0.68359375 0.0375 0.0265625
6 0.51875 0.734375 0.0375 0.025
6 0.38984375 0.7015625 0.0328125 0.015625
6 0.38828125 0.73671875 0.0328125 0.0140625
6 0.29765625 0.72890625 0.0359375 0.0140625
6 0.3875 0.771875 0.034375 0.015625
6 0.296875 0.74375 0.03125 0.015625
6 0.29453125 0.76484375 0.0328125 0.0140625
6 0.51328125 0.7921875 0.0328125 0.0125
6 0.5109375 0.8265625 0.034375 0.015625
6 0.5953125 0.82734375 0.021875 0.0453125
6 0.38046875 0.85625 0.0359375 0.0125
6 0.2875 0.90390625 0.03125 0.0140625
6 0.37734375 0.90625 0.0359375 0.015625
6 0.37734375 0.9421875 0.0328125 0.015625
6 0.37734375 0.97734375 0.0328125 0.0140625
6 0.20703125 0.45234375 0.0171875 0.0328125
6 0.11171875 0.44453125 0.0203125 0.0359375
6 0.0921875 0.4421875 0.025 0.034375
6 0.03515625 0.44765625 0.0234375 0.0390625
6 0.08515625 0.53046875 0.0203125 0.0328125
6 0.2046875 0.53515625 0.025 0.0421875
6 0.11171875 0.63359375 0.0359375 0.0296875
6 0.1546875 0.53125 0.025 0.0375
6 0.12109375 0.534375 0.0234375 0.0375
6 0.06640625 0.525 0.0234375 0.034375
6 0.05 0.52421875 0.021875 0.0328125
6 0.03203125 0.52578125 0.0234375 0.0359375
6 0.01015625 0.525 0.0203125 0.034375
6 0.2109375 0.42109375 0.021875 0.0328125
6 0.02734375 0.40703125 0.0234375 0.0359375
6 0.046875 0.40859375 0.025 0.0421875
6 0.0609375 0.41015625 0.025 0.0359375
6 0.08125 0.40703125 0.021875 0.0359375
6 0.15234375 0.41796875 0.0234375 0.0390625
6 0.18984375 0.41640625 0.0265625 0.0390625
6 0.0296875 0.32734375 0.01875 0.0328125
