6 0.71640625 0.08125 0.0296875 0.0375
6 0.45234375 0.26875 0.0296875 0.021875
6 0.45078125 0.25234375 0.0328125 0.0140625
6 0.45234375 0.21953125 0.0296875 0.0171875
6 0.453125 0.28515625 0.03125 0.0171875
6 0.45390625 0.353125 0.0328125 0.015625
6 0.36484375 0.03671875 0.0328125 0.0265625
6 0.3546875 0.01875 0.034375 0.028125
6 0.446875 0.153125 0.03125 0.015625
6 0.54765625 0.39296875 0.0296875 0.0140625
6 0.55 0.378125 0.03125 0.015625
6 0.55078125 0.33046875 0.0296875 0.0140625
6 0.5515625 0.31328125 0.034375 0.0171875
6 0.5484375 0.2296875 0.034375 0.015625
6 0.53984375 0.18046875 0.0328125 0.0203125
6 0.44453125 0.10390625 0.0328125 0.0203125
6 0.50859375 0.028125 0.0359375 0.021875
6 0.42421875 0.040625 0.0328125 0.021875
6 0.4140625 0.025 0.034375 0.025
6 0.40546875 0.3609375 0.0296875 0.015625
6 0.39453125 0.1484375 0.0359375 0.021875
6 0.40703125 0.26171875 0.0328125 0.0171875
6 0.40703125 0.284375 0.0328125 0.01875
6 0.40703125 0.29921875 0.0328125 0.0171875
6 0.4078125 0.32265625 0.034375 0.0171875
6 0.4078125 0.33828125 0.03125 0.0171875
6 0.40234375 0.3828125 0.0328125 0.015625
6 0.39140625 0.12734375 0.0359375 0.0203125
6 0.390625 0.1078125 0.034375 0.021875
6 0.384375 0.08828125 0.0375 0.0234375
6 0.378125 0.0703125 0.034375 0.025
6 0.5171875 0.04453125 0.0375 0.0234375
6 0.53125 0.08671875 0.034375 0.0203125
6 0.53671875 0.12890625 0.0328125 0.0203125
6 0.6609375 0.12421875 0.0125 0.0390625
6 0.6765625 0.334375 0.015625 0.025
6 0.66171875 0.2265625 0.0171875 0.028125
6 0.5484375 0.21171875 0.028125 0.0171875
6 0.54921875 0.27734375 0.0328125 0.0140625
6 0.5515625 0.359375 0.034375 0.01875
6 0.45390625 0.3828125 0.0359375 0.0125
6 0.43359375 0.05390625 0.0359375 0.0234375
6 0.259375 0.0234375 0.034375 0.034375
6 0.275 0.03359375 0.034375 0.0328125
6 0.0265625 0.09140625 0.01875 0.0359375
6 0.28828125 0.34140625 0.0328125 0.0140625
6 0.2859375 0.36015625 0.034375 0.0171875
6 0.28359375 0.38125 0.0359375 0.015625
6 0.04453125 0.090625 0.0140625 0.034375
6 0.06328125 0.0953125 0.0171875 0.03125
6 0.084375 0.09453125 0.021875 0.0421875
6 0.103125 0.10078125 0.021875 0.0359375
6 0.12265625 0.10859375 0.0265625 0.0359375
6 0.13984375 0.115625 0.0328125 0.03125
6 0.14921875 0.1296875 0.0359375 0.034375
6 0.28671875 0.30703125 0.0328125 0.0140625
6 0.28984375 0.32421875 0.0328125 0.0140625
6 0.2859375 0.2875 0.0375 0.015625
6 0.28671875 0.26796875 0.0390625 0.0171875
6 0.3203125 0.3796875 0.028125 0.015625
6 0.32265625 0.36015625 0.0296875 0.0140625
6 0.3234375 0.34296875 0.03125 0.0171875
6 0.32421875 0.32578125 0.0359375 0.0140625
6 0.321875 0.30625 0.03125 0.015625
6 0.3234375 0.2890625 0.034375 0.01875
6 0.321875 0.26796875 0.03125 0.0171875
6 0.3140625 0.14609375 0.034375 0.0171875
6 0.3109375 0.12265625 0.034375 0.0203125
6 0.30703125 0.1046875 0.0359375 0.021875
6 0.3 0.0875 0.034375 0.025
6 0.29453125 0.06953125 0.0328125 0.0234375
6 0.2859375 0.053125 0.0375 0.03125
6 0.1640625 0.14609375 0.034375 0.0296875
6 0.17421875 0.16015625 0.0328125 0.0296875
6 0.18359375 0.1765625 0.0359375 0.025
6 0.23046875 0.0984375 0.0328125 0.028125
6 0.1375 0.0203125 0.025 0.0375
6 0.1515625 0.028125 0.028125 0.034375
6 0.1671875 0.0421875 0.028125 0.0375
6 0.18125 0.04765625 0.03125 0.0390625
6 0.196875 0.059375 0.03125 0.034375
6 0.20625 0.07578125 0.034375 0.0328125
6 0.22265625 0.0875 0.0359375 0.03125
6 0.240625 0.1140625 0.0375 0.03125
6 0.18984375 0.19609375 0.0328125 0.0203125
6 0.2484375 0.13203125 0.0375 0.0296875
6 0.2546875 0.146875 0.0375 0.028125
6 0.26328125 0.1671875 0.0359375 0.025
6 0.2015625 0.38203125 0.0375 0.0140625
6 0.203125 0.36640625 0.0375 0.0171875
6 0.20390625 0.34765625 0.0359375 0.0171875
6 0.20390625 0.3296875 0.0359375 0.01875
6 0.20546875 0.31015625 0.0359375 0.0171875
6 0.20390625 0.28984375 0.0328125 0.0171875
6 0.19921875 0.234375 0.0328125 0.021875
6 0.19609375 0.21640625 0.0359375 0.0203125
