5 0.21875 0.52265625 0.021875 0.0578125
5 0.615625 0.384375 0.0375 0.015625
5 0.03359375 0.0265625 0.0203125 0.053125
5 0.06015625 0.0203125 0.0234375 0.040625
5 0.20625 0.0453125 0.01875 0.046875
5 0.5203125 0.05 0.01875 0.0375
5 0.1734375 0.4296875 0.046875 0.015625
5 0.45859375 0.33046875 0.0453125 0.0171875
5 0.62421875 0.253125 0.0421875 0.01875
5 0.47109375 0.275 0.0390625 0.01875
5 0.47109375 0.23828125 0.0390625 0.0171875
5 0.61875 0.2125 0.04375 0.021875
5 0.60078125 0.09765625 0.0359375 0.0140625
5 0.61171875 0.13984375 0.0421875 0.0140625
5 0.56015625 0.05234375 0.0171875 0.0421875
