6 0.19921875 0.88984375 0.0296875 0.0296875
6 0.228125 0.9140625 0.028125 0.028125
6 0.16171875 0.63125 0.0328125 0.03125
6 0.28984375 0.79453125 0.0328125 0.0296875
6 0.4109375 0.6546875 0.034375 0.03125
6 0.4390625 0.68125 0.034375 0.028125
6 0.27109375 0.640625 0.0328125 0.03125
6 0.384375 0.51875 0.034375 0.03125
6 0.43359375 0.51640625 0.0296875 0.0296875
6 0.4625 0.7765625 0.034375 0.034375
6 0.02421875 0.0875 0.0296875 0.03125
6 0.453125 0.78984375 0.03125 0.0296875
6 0.08203125 0.14375 0.0296875 0.028125
6 0.06953125 0.15625 0.0328125 0.03125
6 0.14296875 0.13125 0.0328125 0.03125
6 0.13203125 0.146875 0.0296875 0.028125
6 0.1640625 0.40859375 0.034375 0.0328125
6 0.31171875 0.253125 0.0296875 0.028125
6 0.07265625 0.73125 0.0296875 0.03125
6 0.21640625 0.7015625 0.0296875 0.028125
6 0.41015625 0.540625 0.0328125 0.03125
6 0.55 0.67734375 0.03125 0.0296875
6 0.140625 0.65625 0.028125 0.028125
6 0.24140625 0.5484375 0.0328125 0.03125
6 0.3078125 0.4703125 0.03125 0.03125
6 0.3515625 0.41875 0.03125 0.03125
6 0.040625 0.41875 0.034375 0.03125
6 0.08515625 0.7203125 0.0296875 0.028125
6 0.06015625 0.74375 0.0296875 0.028125
6 0.09140625 0.83671875 0.0328125 0.0328125
6 0.23828125 0.19375 0.0296875 0.028125
6 0.31875 0.6390625 0.03125 0.03125
6 0.33203125 0.62734375 0.0296875 0.0296875
6 0.01875 0.21875 0.03125 0.03125
6 0.0390625 0.19375 0.03125 0.03125
6 0.15859375 0.2359375 0.0328125 0.028125
6 0.16796875 0.221875 0.0328125 0.028125
6 0.18125 0.21171875 0.03125 0.0296875
6 0.190625 0.19765625 0.03125 0.0296875
6 0.33046875 0.92734375 0.0328125 0.0328125
6 0.28671875 0.97421875 0.0328125 0.0296875
6 0.296875 0.96328125 0.03125 0.0328125
6 0.30859375 0.94921875 0.0328125 0.0328125
6 0.31796875 0.9359375 0.0359375 0.034375
6 0.33984375 0.9140625 0.0359375 0.0375
6 0.3484375 0.8984375 0.03125 0.034375
6 0.36171875 0.8875 0.0359375 0.034375
6 0.378125 0.878125 0.034375 0.03125
6 0.38671875 0.86484375 0.0328125 0.0296875
6 0.39453125 0.85234375 0.0328125 0.0328125
6 0.40703125 0.8390625 0.0328125 0.03125
6 0.41796875 0.82578125 0.0328125 0.0328125
6 0.43359375 0.81484375 0.0328125 0.0296875
6 0.44296875 0.80234375 0.0359375 0.0296875
6 0.47421875 0.765625 0.0328125 0.03125
6 0.5421875 0.6921875 0.025 0.028125
6 0.53203125 0.70078125 0.0296875 0.0296875
6 0.51953125 0.7125 0.0328125 0.034375
6 0.5109375 0.725 0.034375 0.034375
6 0.49765625 0.73828125 0.0390625 0.0328125
6 0.4890625 0.75390625 0.03125 0.0296875
6 0.56953125 0.2109375 0.0265625 0.034375
6 0.21171875 0.05390625 0.0296875 0.0296875
6 0.19765625 0.06796875 0.0296875 0.0328125
6 0.1859375 0.03203125 0.03125 0.0328125
6 0.1796875 0.96171875 0.03125 0.0328125
5 0.884375 0.62421875 0.034375 0.0984375
6 0.171875 0.975 0.034375 0.034375
6 0.19140625 0.9515625 0.0328125 0.03125
6 0.9375 0.1953125 0.01875 0.034375
6 0.871875 0.21953125 0.021875 0.0359375
6 0.91796875 0.1359375 0.0265625 0.040625
6 0.9328125 0.1 0.021875 0.034375
6 0.86171875 0.08671875 0.0203125 0.0328125
5 0.89765625 0.04140625 0.0359375 0.0546875
6 0.871875 0.028125 0.021875 0.034375
6 0.81640625 0.88046875 0.0171875 0.0390625
6 0.8390625 0.0359375 0.025 0.034375
6 0.884375 0.85625 0.021875 0.0375
6 0.94296875 0.80625 0.0171875 0.034375
6 0.975 0.3359375 0.015625 0.034375
6 0.78359375 0.36171875 0.0140625 0.0328125
6 0.81484375 0.39375 0.0140625 0.03125
6 0.95546875 0.28125 0.0203125 0.034375
6 0.95 0.2359375 0.01875 0.03125
6 0.825 0.0765625 0.025 0.03125
6 0.20234375 0.940625 0.0296875 0.03125
6 0.32734375 0.44296875 0.0328125 0.0328125
6 0.38515625 0.3796875 0.0328125 0.03125
6 0.37421875 0.39609375 0.0328125 0.0328125
6 0.36328125 0.4078125 0.0328125 0.03125
6 0.27421875 0.234375 0.0296875 0.040625
6 0.33515625 0.2234375 0.0328125 0.03125
6 0.32578125 0.23671875 0.0296875 0.0265625
6 0.28828125 0.27265625 0.0359375 0.0328125
6 0.275 0.28671875 0.03125 0.0296875
6 0.26015625 0.2953125 0.0296875 0.03125
6 0.2515625 0.3171875 0.03125 0.034375
6 0.23671875 0.32734375 0.0328125 0.0328125
6 0.22109375 0.33984375 0.0328125 0.0328125
6 0.20703125 0.35859375 0.0296875 0.0296875
6 0.19609375 0.36953125 0.0265625 0.0296875
6 0.184375 0.3828125 0.03125 0.028125
6 0.171875 0.39453125 0.034375 0.0328125
6 0.3390625 0.43203125 0.03125 0.0328125
6 0.31875 0.45859375 0.03125 0.0296875
6 0.3171875 0.5875 0.0375 0.034375
6 0.025 0.78046875 0.03125 0.0296875
6 0.01640625 0.79140625 0.0328125 0.0296875
6 0.2953125 0.4828125 0.028125 0.03125
6 0.3640625 0.54296875 0.028125 0.0296875
6 0.34921875 0.54921875 0.0328125 0.0328125
6 0.3359375 0.5625 0.0375 0.034375
6 0.0375 0.76796875 0.034375 0.0296875
6 0.0484375 0.7578125 0.03125 0.03125
6 0.0953125 0.70703125 0.03125 0.0296875
6 0.1046875 0.6921875 0.03125 0.03125
6 0.11484375 0.68203125 0.0296875 0.0328125
6 0.128125 0.66796875 0.034375 0.0328125
6 0.15078125 0.64375 0.0328125 0.034375
6 0.1703125 0.621875 0.034375 0.034375
6 0.18203125 0.60703125 0.0359375 0.0359375
6 0.19140625 0.59453125 0.0328125 0.0328125
6 0.203125 0.58046875 0.03125 0.0328125
6 0.215625 0.56953125 0.03125 0.0328125
6 0.2296875 0.55546875 0.03125 0.0296875
6 0.2484375 0.53203125 0.034375 0.0328125
6 0.25859375 0.51640625 0.0296875 0.0296875
6 0.271875 0.50546875 0.03125 0.0328125
6 0.28203125 0.4953125 0.0328125 0.034375
6 0.153125 0.4171875 0.03125 0.03125
6 0.14140625 0.434375 0.0296875 0.028125
6 0.13125 0.4453125 0.03125 0.03125
6 0.38828125 0.07734375 0.0328125 0.0296875
6 0.378125 0.0609375 0.034375 0.028125
6 0.371875 0.0421875 0.028125 0.03125
6 0.3546875 0.03515625 0.03125 0.0296875
6 0.34453125 0.02109375 0.0328125 0.0328125
6 0.121875 0.45859375 0.03125 0.0328125
6 0.390625 0.0953125 0.034375 0.03125
6 0.403125 0.11015625 0.03125 0.0328125
6 0.4171875 0.12578125 0.028125 0.0265625
6 0.490625 0.30859375 0.034375 0.0234375
6 0.10703125 0.4703125 0.0359375 0.034375
6 0.09609375 0.4828125 0.0296875 0.03125
6 0.08515625 0.49609375 0.0328125 0.0328125
6 0.0734375 0.5078125 0.028125 0.03125
6 0.0625 0.51640625 0.03125 0.0296875
6 0.05546875 0.5328125 0.0296875 0.03125
6 0.040625 0.5453125 0.034375 0.03125
6 0.0296875 0.55703125 0.03125 0.0328125
6 0.0203125 0.571875 0.034375 0.034375
6 0.60703125 0.3625 0.0203125 0.0375
6 0.5890625 0.2796875 0.01875 0.034375
6 0.553125 0.25078125 0.01875 0.0359375
6 0.48671875 0.28984375 0.0359375 0.0234375
6 0.496875 0.3265625 0.034375 0.021875
6 0.50234375 0.3453125 0.0328125 0.025
6 0.5078125 0.3671875 0.03125 0.021875
6 0.515625 0.38203125 0.028125 0.0203125
6 0.51953125 0.39921875 0.0296875 0.0234375
6 0.52421875 0.415625 0.0328125 0.021875
6 0.52734375 0.4328125 0.0328125 0.021875
6 0.5296875 0.45 0.03125 0.021875
6 0.534375 0.46484375 0.03125 0.0234375
6 0.5390625 0.48046875 0.0375 0.0265625
6 0.54296875 0.4984375 0.0296875 0.021875
6 0.54765625 0.515625 0.0265625 0.01875
6 0.546875 0.534375 0.03125 0.01875
6 0.32421875 0.57265625 0.0328125 0.0296875
6 0.29921875 0.5984375 0.0359375 0.034375
6 0.21328125 0.87734375 0.0328125 0.0328125
6 0.1359375 0.9671875 0.0375 0.040625
6 0.14765625 0.95703125 0.0296875 0.0296875
6 0.15390625 0.93828125 0.0359375 0.0328125
6 0.16640625 0.9265625 0.0328125 0.03125
6 0.17890625 0.91640625 0.0296875 0.0296875
6 0.18515625 0.9 0.0296875 0.03125
6 0.225 0.8640625 0.03125 0.034375
6 0.3234375 0.75234375 0.034375 0.0328125
6 0.2375 0.853125 0.028125 0.03125
6 0.24765625 0.84453125 0.0296875 0.0296875
6 0.25703125 0.82890625 0.0296875 0.0296875
6 0.2703125 0.8171875 0.03125 0.028125
6 0.28046875 0.80703125 0.0328125 0.0296875
6 0.303125 0.78203125 0.03125 0.0296875
6 0.5953125 0.53125 0.021875 0.0375
6 0.6109375 0.59296875 0.021875 0.0390625
6 0.621875 0.63671875 0.021875 0.0359375
6 0.3125 0.76875 0.03125 0.028125
6 0.3375 0.7453125 0.03125 0.03125
6 0.290625 0.615625 0.034375 0.03125
6 0.3046875 0.8265625 0.034375 0.034375
6 0.3734375 0.7546875 0.03125 0.034375
6 0.3625 0.76640625 0.03125 0.0328125
6 0.34921875 0.77578125 0.0328125 0.0328125
6 0.34140625 0.79140625 0.0328125 0.0296875
6 0.32890625 0.80390625 0.0328125 0.0328125
6 0.315625 0.8140625 0.03125 0.034375
6 0.29296875 0.83984375 0.0296875 0.0328125
6 0.346875 0.73203125 0.03125 0.0296875
6 0.2828125 0.85234375 0.03125 0.0328125
6 0.27265625 0.86484375 0.0328125 0.0328125
6 0.26015625 0.87734375 0.0296875 0.0328125
6 0.24921875 0.8890625 0.0296875 0.03125
6 0.23984375 0.903125 0.0296875 0.034375
6 0.21328125 0.9296875 0.0359375 0.0375
6 0.3828125 0.74296875 0.03125 0.0328125
6 0.3953125 0.73046875 0.034375 0.0328125
6 0.40546875 0.71640625 0.0328125 0.0328125
6 0.415625 0.70390625 0.03125 0.0359375
6 0.42734375 0.6921875 0.0328125 0.0375
6 0.45 0.665625 0.03125 0.03125
6 0.465625 0.6546875 0.034375 0.0375
6 0.475 0.640625 0.034375 0.034375
6 0.44921875 0.61796875 0.0390625 0.0390625
6 0.4359375 0.63046875 0.03125 0.0328125
6 0.4265625 0.64453125 0.03125 0.0296875
6 0.40078125 0.66875 0.0328125 0.03125
6 0.38984375 0.678125 0.0328125 0.03125
6 0.38046875 0.69375 0.0296875 0.028125
6 0.3703125 0.709375 0.03125 0.028125
6 0.3578125 0.7203125 0.03125 0.028125
6 0.42265625 0.52578125 0.0328125 0.0328125
6 0.39921875 0.55390625 0.0296875 0.0296875
6 0.05 0.88359375 0.034375 0.0359375
6 0.0421875 0.90078125 0.03125 0.0328125
6 0.0234375 0.9125 0.0375 0.040625
6 0.37265625 0.53046875 0.0328125 0.0328125
6 0.39609375 0.50234375 0.0328125 0.0328125
6 0.40390625 0.4890625 0.0328125 0.034375
6 0.06796875 0.865625 0.0359375 0.0375
6 0.084375 0.85 0.034375 0.03125
6 0.1046875 0.825 0.034375 0.03125
6 0.1140625 0.8109375 0.034375 0.03125
6 0.1234375 0.8 0.03125 0.03125
6 0.1359375 0.7859375 0.034375 0.03125
6 0.14921875 0.7734375 0.0359375 0.03125
6 0.15625 0.7578125 0.0375 0.0375
6 0.17109375 0.7515625 0.0359375 0.034375
6 0.18125 0.7390625 0.034375 0.034375
6 0.190625 0.72578125 0.0375 0.0296875
6 0.2046875 0.71015625 0.03125 0.0296875
6 0.225 0.68359375 0.03125 0.0328125
6 0.2375 0.67734375 0.034375 0.0328125
6 0.246875 0.66328125 0.0375 0.0390625
6 0.2609375 0.6515625 0.03125 0.03125
6 0.2828125 0.62578125 0.03125 0.0296875
6 0.41875 0.47734375 0.0375 0.0359375
6 0.38671875 0.56328125 0.0296875 0.0328125
6 0.37578125 0.578125 0.0328125 0.034375
6 0.1625 0.8109375 0.034375 0.0375
6 0.0171875 0.96875 0.034375 0.034375
6 0.0453125 0.95 0.0375 0.0375
6 0.053125 0.93671875 0.03125 0.0359375
6 0.06875 0.928125 0.034375 0.034375
6 0.0765625 0.91328125 0.03125 0.0359375
6 0.096875 0.88671875 0.034375 0.0328125
6 0.1078125 0.8734375 0.03125 0.03125
6 0.11953125 0.8609375 0.0296875 0.034375
6 0.1328125 0.84921875 0.03125 0.0328125
6 0.14140625 0.83359375 0.0328125 0.0328125
6 0.14765625 0.8203125 0.0328125 0.03125
6 0.17421875 0.79765625 0.0328125 0.0328125
6 0.36171875 0.5875 0.0328125 0.034375
6 0.18515625 0.7859375 0.0328125 0.034375
6 0.196875 0.77421875 0.034375 0.0359375
6 0.209375 0.76171875 0.03125 0.0328125
6 0.21953125 0.74921875 0.0328125 0.0328125
6 0.22734375 0.73515625 0.0328125 0.0296875
6 0.24140625 0.72578125 0.0296875 0.0296875
6 0.2515625 0.71328125 0.03125 0.0328125
6 0.26328125 0.70078125 0.0328125 0.0328125
6 0.2734375 0.68828125 0.03125 0.0296875
6 0.2859375 0.67578125 0.034375 0.0328125
6 0.2984375 0.66484375 0.028125 0.0328125
6 0.3078125 0.65078125 0.03125 0.0328125
6 0.3421875 0.615625 0.028125 0.028125
6 0.3484375 0.5984375 0.03125 0.03125
6 0.0828125 0.021875 0.034375 0.034375
6 0.07421875 0.03203125 0.0328125 0.0296875
6 0.03671875 0.07421875 0.0328125 0.0296875
6 0.2765625 0.1578125 0.028125 0.03125
6 0.29609375 0.1296875 0.0328125 0.028125
6 0.28671875 0.14453125 0.0296875 0.0296875
6 0.265625 0.16953125 0.028125 0.0296875
6 0.16328125 0.284375 0.0328125 0.03125
6 0.25234375 0.18125 0.0328125 0.03125
6 0.228125 0.2078125 0.03125 0.028125
6 0.215625 0.21640625 0.03125 0.0328125
6 0.20703125 0.23046875 0.0328125 0.0296875
6 0.19453125 0.24453125 0.0296875 0.0296875
6 0.18671875 0.2578125 0.0296875 0.03125
6 0.2734375 0.103125 0.03125 0.03125
6 0.26171875 0.11875 0.0328125 0.03125
6 0.25 0.1359375 0.03125 0.03125
6 0.2390625 0.146875 0.034375 0.03125
6 0.175 0.26953125 0.034375 0.0328125
6 0.15390625 0.29921875 0.0328125 0.0328125
6 0.140625 0.30859375 0.03125 0.0359375
6 0.50546875 0.05234375 0.0296875 0.0328125
6 0.46640625 0.034375 0.0296875 0.040625
6 0.0203125 0.44375 0.03125 0.03125
6 0.0265625 0.42734375 0.03125 0.0328125
6 0.0515625 0.40546875 0.03125 0.0296875
6 0.0640625 0.3953125 0.03125 0.034375
6 0.075 0.3859375 0.03125 0.034375
6 0.08515625 0.371875 0.0328125 0.034375
6 0.1 0.36171875 0.03125 0.0296875
6 0.10703125 0.346875 0.0328125 0.03125
6 0.11875 0.3359375 0.03125 0.03125
6 0.1296875 0.321875 0.03125 0.034375
6 0.225 0.15625 0.034375 0.034375
6 0.2140625 0.17109375 0.03125 0.0296875
6 0.20390625 0.1828125 0.0328125 0.03125
6 0.07578125 0.2046875 0.0328125 0.03125
6 0.159375 0.05546875 0.034375 0.0296875
6 0.17578125 0.0421875 0.0296875 0.03125
6 0.1203125 0.1578125 0.028125 0.028125
6 0.11015625 0.16640625 0.0328125 0.0328125
6 0.096875 0.1765625 0.03125 0.028125
6 0.08828125 0.19296875 0.0328125 0.0328125
6 0.0640625 0.21953125 0.03125 0.0328125
6 0.14765625 0.2453125 0.0328125 0.028125
6 0.05390625 0.23046875 0.0359375 0.0328125
6 0.04375 0.240625 0.03125 0.034375
6 0.0328125 0.2546875 0.03125 0.034375
6 0.021875 0.26953125 0.034375 0.0359375
6 0.14921875 0.06953125 0.0328125 0.0296875
6 0.1359375 0.078125 0.0375 0.034375
6 0.12890625 0.0953125 0.0328125 0.03125
6 0.1171875 0.1046875 0.03125 0.03125
6 0.10859375 0.11875 0.0359375 0.034375
6 0.0984375 0.13125 0.03125 0.028125
6 0.06328125 0.16875 0.0328125 0.03125
6 0.05 0.1796875 0.034375 0.03125
6 0.0296875 0.20546875 0.034375 0.0328125
6 0.1859375 0.07890625 0.03125 0.0296875
6 0.1359375 0.25859375 0.034375 0.0296875
6 0.12734375 0.2734375 0.0328125 0.034375
6 0.11328125 0.284375 0.0328125 0.03125
6 0.10390625 0.29921875 0.0328125 0.0296875
6 0.09296875 0.31015625 0.0328125 0.0296875
6 0.08359375 0.321875 0.0296875 0.028125
6 0.0734375 0.33359375 0.034375 0.0328125
6 0.06171875 0.34609375 0.0359375 0.0328125
6 0.046875 0.3578125 0.034375 0.03125
6 0.0359375 0.3703125 0.034375 0.03125
6 0.025 0.38046875 0.034375 0.0328125
6 0.015625 0.39609375 0.03125 0.0296875
6 0.1625 0.10390625 0.028125 0.0296875
6 0.15703125 0.12109375 0.0328125 0.0296875
