6 0.48671875 0.65859375 0.0265625 0.0390625
6 0.3640625 0.73671875 0.025 0.0328125
6 0.3921875 0.7546875 0.028125 0.034375
6 0.40703125 0.76484375 0.0296875 0.0359375
6 0.425 0.76875 0.021875 0.03125
6 0.44609375 0.78046875 0.0234375 0.0359375
6 0.46328125 0.790625 0.0234375 0.03125
6 0.45703125 0.646875 0.0328125 0.040625
6 0.5046875 0.66875 0.028125 0.03125
6 0.4125 0.6609375 0.028125 0.0375
6 0.51796875 0.68125 0.0265625 0.03125
6 0.5328125 0.6890625 0.025 0.034375
6 0.565625 0.70078125 0.025 0.0328125
6 0.4671875 0.6921875 0.025 0.0375
6 0.484375 0.7015625 0.025 0.034375
6 0.51328125 0.72109375 0.0234375 0.0296875
6 0.53203125 0.72734375 0.0265625 0.0328125
6 0.346875 0.73125 0.025 0.034375
6 0.4453125 0.63515625 0.025 0.0328125
6 0.56171875 0.74609375 0.0265625 0.0328125
6 0.66328125 0.30390625 0.0296875 0.0203125
6 0.57109375 0.234375 0.0359375 0.025
6 0.55390625 0.25 0.0328125 0.028125
6 0.546875 0.26484375 0.03125 0.0265625
6 0.53203125 0.2828125 0.0328125 0.025
6 0.5234375 0.30546875 0.040625 0.0328125
6 0.5140625 0.325 0.03125 0.028125
6 0.67421875 0.27421875 0.0296875 0.0140625
6 0.65859375 0.328125 0.0328125 0.01875
6 0.39609375 0.61328125 0.0265625 0.0296875
6 0.63671875 0.2828125 0.0328125 0.0125
6 0.62890625 0.30234375 0.0421875 0.0203125
6 0.61796875 0.321875 0.0390625 0.01875
6 0.61796875 0.34296875 0.0359375 0.0171875
6 0.734375 0.3390625 0.028125 0.01875
6 0.734375 0.31953125 0.03125 0.0171875
6 0.74609375 0.3046875 0.0296875 0.0125
6 0.54765625 0.7359375 0.0265625 0.0375
6 0.634375 0.7953125 0.01875 0.034375
6 0.596875 0.19765625 0.01875 0.0390625
6 0.5953125 0.559375 0.03125 0.01875
6 0.58984375 0.59375 0.0359375 0.0125
6 0.5921875 0.578125 0.034375 0.015625
6 0.59765625 0.46875 0.0359375 0.01875
6 0.5953125 0.48984375 0.03125 0.0171875
6 0.5953125 0.50703125 0.034375 0.0171875
6 0.59453125 0.525 0.0328125 0.015625
6 0.59765625 0.5453125 0.0328125 0.0125
6 0.61640625 0.4515625 0.0453125 0.01875
6 0.5890625 0.6125 0.028125 0.015625
6 0.63515625 0.47578125 0.0390625 0.0203125
6 0.65703125 0.8078125 0.0171875 0.03125
6 0.7234375 0.55390625 0.025 0.0140625
6 0.6609375 0.71953125 0.01875 0.0390625
6 0.68203125 0.71640625 0.0171875 0.0359375
6 0.5359375 0.83359375 0.025 0.0359375
6 0.5515625 0.84375 0.028125 0.0375
6 0.57265625 0.85703125 0.0234375 0.0359375
6 0.70859375 0.5171875 0.0390625 0.015625
6 0.71875 0.571875 0.021875 0.015625
6 0.71796875 0.53671875 0.0328125 0.0171875
6 0.6328125 0.49296875 0.034375 0.0171875
6 0.625 0.6140625 0.034375 0.015625
6 0.628125 0.59609375 0.034375 0.0171875
6 0.63359375 0.5796875 0.0328125 0.015625
6 0.63359375 0.5609375 0.0328125 0.0125
6 0.63671875 0.54765625 0.0328125 0.0140625
6 0.634375 0.53046875 0.03125 0.0109375
6 0.634375 0.509375 0.034375 0.0125
6 0.5765625 0.19765625 0.015625 0.0328125
6 0.61484375 0.2 0.0171875 0.0375
6 0.68203125 0.20703125 0.0140625 0.0359375
6 0.67109375 0.12265625 0.0140625 0.0328125
6 0.59765625 0.0578125 0.0359375 0.034375
6 0.5875 0.07578125 0.03125 0.0296875
6 0.5734375 0.09140625 0.0375 0.0296875
6 0.6546875 0.0875 0.01875 0.034375
6 0.67265625 0.09140625 0.0140625 0.0328125
6 0.69453125 0.09296875 0.0171875 0.0328125
6 0.65078125 0.12109375 0.0171875 0.0328125
6 0.68984375 0.12421875 0.0171875 0.0390625
6 0.634375 0.0265625 0.03125 0.034375
6 0.75703125 0.07421875 0.0203125 0.0140625
6 0.75390625 0.08984375 0.0234375 0.0171875
6 0.746875 0.1671875 0.028125 0.015625
6 0.75 0.15234375 0.028125 0.0140625
6 0.75390625 0.13125 0.0359375 0.01875
6 0.75703125 0.1109375 0.0359375 0.01875
6 0.70390625 0.21328125 0.0140625 0.0328125
6 0.61484375 0.03828125 0.0359375 0.0328125
6 0.1703125 0.79296875 0.028125 0.0359375
6 0.19296875 0.79375 0.0234375 0.03125
6 0.18671875 0.95546875 0.0390625 0.0140625
6 0.0765625 0.91015625 0.03125 0.0390625
6 0.1078125 0.85625 0.03125 0.0375
6 0.05390625 0.95 0.0265625 0.034375
6 0.28203125 0.6984375 0.0296875 0.040625
6 0.27734375 0.15546875 0.0328125 0.0390625
6 0.5375 0.16796875 0.0375 0.0203125
6 0.54375 0.146875 0.034375 0.021875
6 0.553125 0.12421875 0.0375 0.0265625
6 0.5625 0.10859375 0.0375 0.0296875
5 0.16640625 0.60390625 0.0796875 0.0828125
6 0.56171875 0.19921875 0.0203125 0.0390625
6 0.14453125 0.79140625 0.0359375 0.0453125
