6 0.3875 0.02578125 0.034375 0.0265625
6 0.09375 0.1203125 0.03125 0.03125
6 0.1171875 0.11171875 0.034375 0.0328125
6 0.49765625 0.09375 0.0328125 0.021875
6 0.5765625 0.190625 0.034375 0.025
6 0.6265625 0.3484375 0.034375 0.03125
6 0.58046875 0.21015625 0.0390625 0.0265625
6 0.428125 0.15234375 0.03125 0.0234375
6 0.4375 0.184375 0.034375 0.028125
6 0.70546875 0.26484375 0.0328125 0.0328125
6 0.69453125 0.275 0.0328125 0.028125
6 0.659375 0.309375 0.03125 0.03125
6 0.91640625 0.40625 0.0296875 0.03125
6 0.97265625 0.34453125 0.0328125 0.0328125
6 0.925 0.34375 0.03125 0.03125
6 0.934375 0.328125 0.034375 0.03125
6 0.6375 0.33671875 0.034375 0.0328125
6 0.4984375 0.3734375 0.040625 0.028125
6 0.21640625 0.58125 0.0296875 0.0375
6 0.68515625 0.8125 0.0328125 0.025
6 0.778125 0.70078125 0.03125 0.0296875
6 0.72421875 0.765625 0.0296875 0.03125
6 0.7921875 0.7375 0.034375 0.03125
6 0.78203125 0.75234375 0.0328125 0.0359375
6 0.759375 0.77734375 0.03125 0.0328125
6 0.7484375 0.7875 0.034375 0.028125
6 0.678125 0.83125 0.028125 0.025
6 0.5953125 0.39921875 0.034375 0.0140625
6 0.70234375 0.8625 0.0421875 0.028125
6 0.66875 0.84765625 0.0375 0.0265625
6 0.690625 0.89609375 0.0375 0.0234375
6 0.6859375 0.9125 0.034375 0.01875
6 0.56171875 0.9046875 0.0359375 0.021875
6 0.56015625 0.8875 0.0328125 0.01875
6 0.79921875 0.678125 0.0328125 0.03125
6 0.8359375 0.6875 0.03125 0.034375
6 0.84765625 0.67734375 0.0328125 0.0328125
6 0.825 0.65390625 0.0375 0.0296875
6 0.84375 0.62578125 0.03125 0.0328125
6 0.88359375 0.6796875 0.0328125 0.015625
6 0.88359375 0.64765625 0.0390625 0.0203125
6 0.50234375 0.48203125 0.0328125 0.0140625
6 0.50078125 0.5984375 0.0359375 0.015625
6 0.49765625 0.62890625 0.0359375 0.0140625
6 0.5 0.64296875 0.034375 0.0171875
6 0.58203125 0.6671875 0.0359375 0.015625
6 0.58671875 0.6171875 0.0296875 0.015625
6 0.58984375 0.5671875 0.0359375 0.01875
6 0.58828125 0.584375 0.0296875 0.015625
6 0.5875 0.59765625 0.03125 0.0171875
6 0.59140625 0.53203125 0.0328125 0.0171875
6 0.909375 0.1953125 0.03125 0.03125
6 0.9421875 0.03203125 0.028125 0.0296875
6 0.36640625 0.48984375 0.0171875 0.0328125
6 0.04765625 0.89296875 0.0296875 0.0140625
6 0.05 0.878125 0.03125 0.015625
6 0.05078125 0.83046875 0.0296875 0.0140625
6 0.0515625 0.81328125 0.034375 0.0171875
6 0.0484375 0.7296875 0.034375 0.015625
6 0.03984375 0.68046875 0.0328125 0.0203125
6 0.03125 0.58671875 0.034375 0.0203125
6 0.03671875 0.62890625 0.0328125 0.0203125
6 0.14296875 0.465625 0.0234375 0.0375
6 0.1609375 0.62421875 0.0125 0.0390625
6 0.1765625 0.834375 0.015625 0.025
6 0.16171875 0.7265625 0.0171875 0.028125
6 0.0484375 0.71171875 0.028125 0.0171875
6 0.04921875 0.77734375 0.0328125 0.0140625
6 0.0515625 0.859375 0.034375 0.01875
6 0.6296875 0.06015625 0.0375 0.0328125
6 0.596875 0.01953125 0.040625 0.0359375
6 0.609375 0.03125 0.0375 0.0375
6 0.665625 0.0265625 0.028125 0.03125
6 0.61875 0.04453125 0.0375 0.0328125
6 0.63828125 0.0734375 0.0359375 0.03125
6 0.7140625 0.1828125 0.0375 0.03125
6 0.65 0.08671875 0.034375 0.0296875
6 0.6609375 0.09921875 0.0375 0.0359375
6 0.67109375 0.1125 0.0359375 0.03125
6 0.68359375 0.125 0.0390625 0.03125
6 0.68671875 0.1421875 0.0359375 0.034375
6 0.6953125 0.15625 0.034375 0.03125
6 0.70546875 0.1703125 0.0359375 0.03125
6 0.72265625 0.1984375 0.0359375 0.03125
6 0.39609375 0.04140625 0.0359375 0.0265625
6 0.4234375 0.13828125 0.034375 0.0234375
6 0.41953125 0.1203125 0.0328125 0.028125
6 0.41171875 0.10625 0.0359375 0.025
6 0.409375 0.08828125 0.0375 0.0265625
6 0.403125 0.0734375 0.034375 0.025
6 0.39921875 0.059375 0.0359375 0.025
6 0.72734375 0.2140625 0.0328125 0.03125
6 0.4546875 0.2296875 0.040625 0.028125
6 0.44765625 0.2125 0.0421875 0.025
6 0.446875 0.19765625 0.034375 0.0265625
6 0.56015625 0.2859375 0.0359375 0.025
6 0.55859375 0.26796875 0.0453125 0.0296875
6 0.55078125 0.2515625 0.0359375 0.025
6 0.5453125 0.23359375 0.040625 0.0265625
6 0.54296875 0.21796875 0.0359375 0.0234375
6 0.5390625 0.2015625 0.034375 0.025
6 0.5328125 0.1875 0.034375 0.028125
6 0.53046875 0.17109375 0.0359375 0.0265625
6 0.5234375 0.15625 0.0375 0.025
6 0.5140625 0.14140625 0.034375 0.0265625
6 0.5109375 0.1234375 0.03125 0.025
6 0.50859375 0.10859375 0.0328125 0.0234375
6 0.75078125 0.24375 0.0359375 0.028125
6 0.74140625 0.22734375 0.0328125 0.0296875
6 0.98046875 0.6875 0.0328125 0.03125
6 0.634375 0.10234375 0.01875 0.0359375
6 0.61328125 0.0765625 0.0171875 0.040625
6 0.59140625 0.05078125 0.0140625 0.0453125
6 0.57109375 0.0203125 0.0140625 0.040625
6 0.82109375 0.82890625 0.0328125 0.0328125
6 0.95078125 0.85078125 0.0328125 0.0359375
6 0.8453125 0.88984375 0.01875 0.0359375
6 0.86484375 0.77890625 0.0359375 0.0328125
6 0.853125 0.79140625 0.034375 0.0328125
6 0.840625 0.80390625 0.034375 0.0328125
6 0.83046875 0.8171875 0.0328125 0.0375
6 0.81015625 0.84140625 0.0328125 0.0359375
6 0.7921875 0.69140625 0.028125 0.0296875
6 0.7984375 0.85546875 0.034375 0.0359375
6 0.78515625 0.871875 0.0390625 0.03125
6 0.778125 0.890625 0.034375 0.028125
6 0.775 0.90703125 0.0375 0.0234375
6 0.7703125 0.765625 0.034375 0.034375
6 0.8125 0.6625 0.034375 0.03125
6 0.93359375 0.83828125 0.0328125 0.0328125
6 0.9265625 0.82265625 0.03125 0.0328125
6 0.9140625 0.809375 0.03125 0.034375
6 0.90234375 0.78671875 0.0328125 0.0234375
6 0.89296875 0.75078125 0.0390625 0.0203125
6 0.88984375 0.73125 0.0359375 0.01875
6 0.8875 0.71328125 0.034375 0.0203125
6 0.8859375 0.69609375 0.0375 0.0140625
6 0.884375 0.6640625 0.034375 0.01875
6 0.878125 0.63203125 0.03125 0.0203125
6 0.87578125 0.61171875 0.0359375 0.0203125
6 0.87265625 0.59296875 0.0421875 0.0203125
6 0.86640625 0.575 0.0359375 0.021875
6 0.8625 0.55390625 0.040625 0.0234375
6 0.85859375 0.53515625 0.0390625 0.0234375
6 0.85390625 0.515625 0.0390625 0.025
6 0.71796875 0.65234375 0.0453125 0.0484375
6 0.834375 0.6390625 0.034375 0.03125
6 0.82578125 0.6984375 0.0296875 0.028125
6 0.56640625 0.8703125 0.0328125 0.021875
6 0.815625 0.709375 0.03125 0.03125
6 0.65 0.90625 0.0375 0.021875
6 0.65859375 0.8859375 0.0359375 0.021875
6 0.6625 0.86796875 0.0375 0.0234375
6 0.696875 0.878125 0.034375 0.025
6 0.74921875 0.84609375 0.0296875 0.0359375
6 0.70859375 0.8453125 0.0328125 0.025
6 0.715625 0.828125 0.034375 0.025
6 0.72109375 0.8109375 0.0296875 0.025
6 0.69296875 0.7921875 0.0328125 0.028125
6 0.7328125 0.796875 0.034375 0.03125
6 0.71015625 0.775 0.0296875 0.03125
6 0.7328125 0.75078125 0.034375 0.0328125
6 0.74375 0.73671875 0.0375 0.0328125
6 0.75625 0.72421875 0.034375 0.0328125
6 0.765625 0.709375 0.034375 0.034375
6 0.8 0.78046875 0.03125 0.0328125
6 0.803125 0.7234375 0.03125 0.03125
6 0.63125 0.665625 0.028125 0.0375
6 0.64609375 0.56640625 0.0171875 0.0328125
6 0.84609375 0.5 0.0359375 0.025
6 0.22734375 0.13359375 0.0265625 0.0328125
6 0.01796875 0.09609375 0.0328125 0.0390625
6 0.03203125 0.10390625 0.0296875 0.0296875
6 0.04140625 0.1171875 0.0328125 0.0375
6 0.46171875 0.24453125 0.0390625 0.0296875
6 0.846875 0.48046875 0.0375 0.0234375
6 0.46328125 0.26328125 0.0390625 0.0265625
6 0.46796875 0.2796875 0.0359375 0.025
6 0.47421875 0.29609375 0.0390625 0.0296875
6 0.48203125 0.3109375 0.0359375 0.028125
6 0.4875 0.325 0.0375 0.025
6 0.49140625 0.33984375 0.0359375 0.0265625
6 0.49375 0.3578125 0.0375 0.025
6 0.50234375 0.38984375 0.0359375 0.0265625
6 0.68515625 0.2859375 0.0328125 0.03125
6 0.50234375 0.54921875 0.0390625 0.0171875
6 0.84140625 0.46640625 0.0390625 0.0234375
6 0.83515625 0.4515625 0.0421875 0.028125
6 0.8296875 0.43515625 0.040625 0.0265625
6 0.8234375 0.41953125 0.040625 0.0265625
6 0.81875 0.403125 0.040625 0.028125
6 0.8125 0.3859375 0.04375 0.028125
6 0.8078125 0.37109375 0.040625 0.0265625
6 0.8015625 0.35625 0.040625 0.03125
6 0.79375 0.340625 0.0375 0.028125
6 0.58515625 0.6515625 0.0359375 0.015625
6 0.5921875 0.63125 0.034375 0.015625
6 0.49765625 0.6625 0.0421875 0.01875
6 0.49765625 0.6125 0.0328125 0.0125
6 0.5 0.58125 0.03125 0.01875
6 0.5015625 0.5296875 0.034375 0.015625
6 0.67421875 0.3 0.0328125 0.03125
6 0.50234375 0.5125 0.0359375 0.015625
6 0.50078125 0.496875 0.0359375 0.015625
6 0.54375 0.48203125 0.015625 0.0359375
6 0.58984375 0.54921875 0.0328125 0.0171875
6 0.5921875 0.515625 0.028125 0.01875
6 0.59140625 0.49921875 0.0328125 0.0171875
6 0.59375 0.48203125 0.03125 0.0171875
6 0.596875 0.46796875 0.03125 0.0140625
6 0.59609375 0.4484375 0.0328125 0.015625
6 0.59609375 0.43203125 0.0359375 0.0171875
6 0.5953125 0.41484375 0.034375 0.0171875
6 0.6 0.3671875 0.034375 0.03125
6 0.61640625 0.359375 0.0328125 0.03125
6 0.6515625 0.32578125 0.034375 0.0328125
6 0.8765625 0.23125 0.034375 0.03125
6 0.95078125 0.1484375 0.0328125 0.034375
6 0.93984375 0.15859375 0.0296875 0.0328125
6 0.9296875 0.17109375 0.03125 0.0328125
6 0.91875 0.18046875 0.03125 0.0296875
6 0.89921875 0.209375 0.0328125 0.03125
6 0.8875 0.2203125 0.034375 0.034375
6 0.8625 0.2421875 0.0375 0.03125
6 0.8515625 0.2578125 0.034375 0.034375
6 0.88671875 0.265625 0.0328125 0.028125
6 0.87578125 0.2765625 0.0328125 0.03125
6 0.9609375 0.13203125 0.03125 0.0328125
6 0.97421875 0.121875 0.0359375 0.034375
6 0.94765625 0.3171875 0.0328125 0.034375
6 0.9140625 0.35703125 0.03125 0.0328125
6 0.89609375 0.3640625 0.0359375 0.0375
6 0.96171875 0.35546875 0.0296875 0.0296875
6 0.95078125 0.3671875 0.0328125 0.034375
6 0.9390625 0.38125 0.03125 0.034375
6 0.93203125 0.39375 0.0328125 0.03125
6 0.97890625 0.6375 0.0359375 0.03125
6 0.9515625 0.54609375 0.03125 0.0296875
6 0.965625 0.6515625 0.03125 0.034375
6 0.9640625 0.5328125 0.03125 0.028125
6 0.98046875 0.4609375 0.0359375 0.0375
6 0.9703125 0.475 0.03125 0.03125
6 0.97578125 0.52265625 0.0328125 0.0328125
6 0.95859375 0.48828125 0.0296875 0.0328125
6 0.94765625 0.5 0.0296875 0.034375
6 0.93671875 0.509375 0.0328125 0.03125
6 0.73828125 0.02890625 0.0296875 0.0296875
6 0.82890625 0.1078125 0.0359375 0.034375
6 0.815625 0.121875 0.03125 0.028125
6 0.80546875 0.13125 0.0296875 0.028125
6 0.79296875 0.140625 0.0359375 0.034375
6 0.8375 0.09609375 0.03125 0.0296875
6 0.846875 0.08359375 0.03125 0.0296875
6 0.859375 0.07109375 0.03125 0.0296875
6 0.8703125 0.05859375 0.03125 0.0296875
6 0.88125 0.046875 0.03125 0.03125
6 0.896875 0.03515625 0.028125 0.0328125
6 0.9046875 0.02109375 0.03125 0.0296875
6 0.83828125 0.1421875 0.0296875 0.03125
6 0.91015625 0.0703125 0.0296875 0.03125
6 0.89765625 0.08125 0.0328125 0.0375
6 0.884375 0.09296875 0.03125 0.0328125
6 0.871875 0.10703125 0.028125 0.0328125
6 0.8640625 0.1203125 0.03125 0.03125
6 0.85625 0.1359375 0.03125 0.034375
6 0.82890625 0.15703125 0.0328125 0.0328125
6 0.81875 0.1671875 0.03125 0.028125
6 0.91953125 0.059375 0.0328125 0.034375
6 0.93203125 0.0453125 0.0296875 0.03125
6 0.95234375 0.02109375 0.0296875 0.0328125
6 0.765625 0.053125 0.03125 0.028125
6 0.77578125 0.04140625 0.0296875 0.0296875
6 0.7859375 0.028125 0.028125 0.034375
6 0.79921875 0.0171875 0.0296875 0.03125
