6 0.77734375 0.9234375 0.0140625 0.034375
6 0.7984375 0.91328125 0.01875 0.0296875
6 0.79921875 0.8796875 0.0140625 0.03125
6 0.69609375 0.88125 0.0203125 0.034375
6 0.6796875 0.88125 0.015625 0.03125
6 0.6625 0.87734375 0.015625 0.0328125
6 0.4875 0.9015625 0.021875 0.0375
6 0.36875 0.8765625 0.03125 0.015625
6 0.5734375 0.90859375 0.015625 0.0328125
6 0.64296875 0.91015625 0.0140625 0.0359375
6 0.65859375 0.9125 0.0171875 0.034375
6 0.6765625 0.9171875 0.015625 0.034375
6 0.69375 0.9171875 0.01875 0.034375
6 0.7125 0.9171875 0.015625 0.03125
6 0.84921875 0.8921875 0.0171875 0.034375
6 0.86953125 0.890625 0.0171875 0.03125
6 0.83203125 0.928125 0.0140625 0.034375
6 0.609375 0.91171875 0.015625 0.0328125
6 0.625 0.90859375 0.015625 0.0296875
6 0.7453125 0.91796875 0.015625 0.0328125
6 0.85234375 0.5234375 0.0421875 0.01875
6 0.5921875 0.87109375 0.01875 0.0296875
6 0.48671875 0.86328125 0.0171875 0.0265625
6 0.4703125 0.86484375 0.015625 0.0296875
6 0.37578125 0.8390625 0.0296875 0.015625
6 0.37265625 0.85625 0.0265625 0.01875
6 0.67578125 0.84296875 0.0421875 0.0203125
6 0.5234375 0.865625 0.015625 0.03125
6 0.7296875 0.91640625 0.0125 0.0328125
6 0.81640625 0.92265625 0.0171875 0.0296875
6 0.88515625 0.9296875 0.0140625 0.03125
6 0.76015625 0.91953125 0.0140625 0.0296875
6 0.84921875 0.9265625 0.0140625 0.03125
6 0.86875 0.93046875 0.015625 0.0328125
5 0.38203125 0.8078125 0.0484375 0.021875
5 0.8328125 0.60078125 0.04375 0.0203125
5 0.84140625 0.54765625 0.0453125 0.0140625
5 0.84609375 0.36875 0.1015625 0.025
5 0.82109375 0.39296875 0.0421875 0.0171875
6 0.6265625 0.8734375 0.01875 0.03125
6 0.6453125 0.8734375 0.01875 0.034375
6 0.715625 0.8796875 0.015625 0.03125
6 0.98359375 0.97578125 0.0296875 0.0140625
6 0.9578125 0.21328125 0.015625 0.0359375
6 0.93984375 0.21328125 0.0203125 0.0359375
6 0.909375 0.23984375 0.03125 0.0171875
6 0.91953125 0.2109375 0.0171875 0.03125
6 0.89921875 0.20625 0.0171875 0.03125
6 0.73359375 0.8796875 0.0171875 0.03125
6 0.8375 0.8015625 0.015625 0.03125
6 0.68671875 0.7890625 0.0140625 0.034375
6 0.7375 0.79609375 0.015625 0.0328125
6 0.75546875 0.79609375 0.0171875 0.0328125
6 0.76953125 0.796875 0.0171875 0.03125
6 0.78671875 0.79609375 0.0203125 0.0359375
6 0.8046875 0.7953125 0.0125 0.03125
6 0.82265625 0.7984375 0.0171875 0.034375
6 0.853125 0.80390625 0.015625 0.0359375
6 0.65078125 0.79140625 0.0140625 0.0328125
6 0.871875 0.8 0.015625 0.03125
6 0.88671875 0.89453125 0.0140625 0.0328125
6 0.83515625 0.88984375 0.0171875 0.0328125
6 0.7625 0.88125 0.0125 0.034375
6 0.78359375 0.87734375 0.0140625 0.0359375
6 0.81640625 0.8875 0.0171875 0.034375
6 0.7484375 0.88125 0.01875 0.03125
6 0.66875 0.78828125 0.01875 0.0390625
6 0.634375 0.7828125 0.015625 0.03125
6 0.8796875 0.2078125 0.015625 0.034375
6 0.42109375 0.76875 0.0171875 0.034375
6 0.8578125 0.2078125 0.015625 0.0375
6 0.8390625 0.20625 0.01875 0.0375
6 0.80234375 0.203125 0.0171875 0.03125
6 0.85625 0.296875 0.0375 0.01875
6 0.81171875 0.69921875 0.0359375 0.0140625
6 0.8734375 0.70625 0.034375 0.01875
6 0.89140625 0.80390625 0.0171875 0.0359375
6 0.44296875 0.7734375 0.0140625 0.034375
6 0.615625 0.78828125 0.01875 0.0359375
6 0.4609375 0.775 0.015625 0.0375
6 0.49296875 0.77265625 0.0140625 0.0296875
6 0.51328125 0.7765625 0.0140625 0.03125
6 0.53046875 0.78046875 0.0171875 0.0328125
6 0.546875 0.78046875 0.015625 0.0328125
6 0.5640625 0.7828125 0.01875 0.034375
6 0.5890625 0.784375 0.015625 0.034375
6 0.890625 0.1 0.015625 0.040625
6 0.9265625 0.10390625 0.01875 0.0359375
6 0.9078125 0.1046875 0.01875 0.0375
6 0.871875 0.1 0.01875 0.040625
6 0.853125 0.09609375 0.015625 0.0328125
5 0.29296875 0.1078125 0.0421875 0.01875
5 0.29765625 0.0171875 0.0390625 0.01875
5 0.309375 0.0609375 0.04375 0.01875
5 0.2609375 0.05859375 0.0375 0.0171875
5 0.3609375 0.06640625 0.0375 0.0171875
5 0.1453125 0.20546875 0.040625 0.0234375
5 0.2703125 0.671875 0.0375 0.025
5 0.2390625 0.84765625 0.0375 0.0234375
5 0.31640625 0.8515625 0.0328125 0.0125
5 0.125 0.9296875 0.0375 0.021875
6 0.88046875 0.6609375 0.0328125 0.01875
