4 0.84765625 0.34921875 0.2546875 0.2640625
6 0.03515625 0.34140625 0.0171875 0.0421875
6 0.05625 0.35 0.0125 0.034375
6 0.096875 0.23125 0.015625 0.03125
6 0.07890625 0.23359375 0.0171875 0.0296875
6 0.06015625 0.2328125 0.0140625 0.028125
6 0.0421875 0.228125 0.01875 0.034375
6 0.02421875 0.2265625 0.0140625 0.0375
6 0.09140625 0.35390625 0.0171875 0.0359375
6 0.05703125 0.26640625 0.0171875 0.0328125
6 0.09609375 0.27109375 0.0171875 0.0328125
6 0.15078125 0.271875 0.0203125 0.034375
6 0.1625 0.35625 0.015625 0.040625
6 0.125 0.35390625 0.015625 0.0390625
6 0.11640625 0.228125 0.0171875 0.0375
6 0.1328125 0.23046875 0.015625 0.0328125
6 0.1546875 0.234375 0.015625 0.034375
6 0.246875 0.31875 0.0375 0.015625
6 0.1125 0.08515625 0.0375 0.0203125
6 0.0859375 0.0125 0.03125 0.021875
6 0.09921875 0.05234375 0.0328125 0.0203125
6 0.06875 0.08203125 0.0375 0.0265625
6 0.1078125 0.06953125 0.03125 0.0203125
6 0.11640625 0.10625 0.0328125 0.021875
6 0.1953125 0.08984375 0.034375 0.0234375
6 0.12109375 0.12578125 0.0328125 0.0203125
6 0.1234375 0.14609375 0.034375 0.0234375
6 0.078125 0.1359375 0.04375 0.028125
6 0.08359375 0.15625 0.0359375 0.021875
6 0.2203125 0.178125 0.0375 0.021875
6 0.2265625 0.2171875 0.040625 0.025
6 0.24375 0.24921875 0.040625 0.0265625
6 0.209375 0.14609375 0.040625 0.0234375
6 0.18046875 0.0359375 0.0359375 0.025
