6 0.9578125 0.13046875 0.0375 0.0359375
6 0.546875 0.303125 0.01875 0.03125
6 0.95234375 0.76875 0.0296875 0.021875
6 0.95078125 0.75234375 0.0328125 0.0140625
6 0.95234375 0.71953125 0.0296875 0.0171875
6 0.953125 0.78515625 0.03125 0.0171875
6 0.95390625 0.853125 0.0328125 0.015625
6 0.6 0.30390625 0.015625 0.0265625
6 0.53125 0.30625 0.015625 0.034375
6 0.80234375 0.4453125 0.0328125 0.034375
6 0.51484375 0.309375 0.0171875 0.034375
6 0.86484375 0.53671875 0.0328125 0.0265625
6 0.8546875 0.51875 0.034375 0.028125
6 0.84375 0.50546875 0.034375 0.0328125
6 0.83671875 0.4875 0.0265625 0.028125
6 0.82734375 0.4703125 0.0328125 0.034375
6 0.946875 0.653125 0.03125 0.015625
6 0.94453125 0.60390625 0.0328125 0.0203125
6 0.975 0.44921875 0.040625 0.0296875
6 0.89375 0.4796875 0.034375 0.028125
6 0.92421875 0.540625 0.0328125 0.021875
6 0.9140625 0.525 0.034375 0.025
6 0.9140625 0.50859375 0.034375 0.0265625
6 0.87578125 0.45078125 0.0328125 0.0296875
6 0.81640625 0.4578125 0.0328125 0.034375
6 0.78515625 0.4328125 0.0296875 0.034375
6 0.478125 0.6921875 0.0375 0.05
6 0.90546875 0.8609375 0.0296875 0.015625
6 0.89453125 0.6484375 0.0359375 0.021875
6 0.90703125 0.76171875 0.0328125 0.0171875
6 0.90703125 0.784375 0.0328125 0.01875
6 0.90703125 0.79921875 0.0328125 0.0171875
6 0.9078125 0.82265625 0.034375 0.0171875
6 0.9078125 0.83828125 0.03125 0.0171875
6 0.90234375 0.8828125 0.0328125 0.015625
6 0.77265625 0.41875 0.0296875 0.034375
6 0.6359375 0.44375 0.021875 0.0375
6 0.6578125 0.44609375 0.028125 0.0359375
6 0.67421875 0.45625 0.0265625 0.0375
6 0.68828125 0.4640625 0.0296875 0.034375
6 0.70546875 0.4734375 0.0296875 0.034375
6 0.725 0.4859375 0.03125 0.03125
6 0.89140625 0.62734375 0.0359375 0.0203125
6 0.890625 0.6078125 0.034375 0.021875
6 0.884375 0.58828125 0.0375 0.0234375
6 0.878125 0.5703125 0.034375 0.025
6 0.55390625 0.353125 0.0171875 0.0375
6 0.53515625 0.35703125 0.0203125 0.0359375
6 0.57578125 0.35390625 0.0171875 0.0390625
6 0.59296875 0.35234375 0.0171875 0.0328125
6 0.6140625 0.35625 0.015625 0.03125
6 0.6328125 0.36015625 0.01875 0.0359375
6 0.6515625 0.3640625 0.021875 0.0375
6 0.67109375 0.365625 0.0234375 0.034375
6 0.68828125 0.37578125 0.0265625 0.0390625
6 0.70703125 0.38125 0.0265625 0.0375
6 0.71953125 0.38828125 0.0296875 0.0359375
6 0.73671875 0.39921875 0.0296875 0.0390625
6 0.75625 0.4078125 0.03125 0.0375
6 0.8859375 0.4640625 0.0375 0.03125
6 0.8390625 0.4125 0.03125 0.034375
6 0.8296875 0.40078125 0.034375 0.0328125
6 0.8421875 0.2984375 0.028125 0.03125
6 0.8515625 0.30859375 0.028125 0.0359375
6 0.9296875 0.3765625 0.028125 0.028125
6 0.9484375 0.40078125 0.0375 0.0296875
6 0.959375 0.415625 0.0375 0.025
6 0.96953125 0.43125 0.0390625 0.03125
6 0.85390625 0.4265625 0.0328125 0.03125
6 0.8234375 0.28828125 0.028125 0.0328125
6 0.80859375 0.278125 0.0296875 0.034375
6 0.796875 0.26953125 0.028125 0.0359375
6 0.765625 0.253125 0.028125 0.034375
6 0.71796875 0.234375 0.0234375 0.034375
6 0.7015625 0.2296875 0.025 0.0375
6 0.65078125 0.2203125 0.0203125 0.034375
6 0.6296875 0.21640625 0.01875 0.0328125
6 0.5796875 0.2125 0.015625 0.034375
6 0.5640625 0.21015625 0.015625 0.0296875
6 0.54765625 0.209375 0.0203125 0.03125
6 0.51328125 0.215625 0.0203125 0.03125
6 0.49140625 0.21328125 0.0203125 0.0359375
5 0.45 0.23203125 0.025 0.0390625
5 0.46953125 0.2203125 0.0296875 0.046875
6 0.49921875 0.259375 0.0359375 0.025
6 0.634375 0.30390625 0.021875 0.0328125
6 0.86328125 0.3171875 0.0359375 0.0375
6 0.815625 0.390625 0.03125 0.03125
6 0.77578125 0.36015625 0.0296875 0.0328125
6 0.76015625 0.353125 0.0265625 0.034375
6 0.73125 0.33515625 0.025 0.0359375
6 0.64921875 0.3109375 0.0234375 0.03125
6 0.6171875 0.303125 0.01875 0.03125
6 0.434375 0.24375 0.01875 0.034375
6 0.5296875 0.21640625 0.015625 0.0296875
6 0.61328125 0.215625 0.0140625 0.0375
6 0.59453125 0.2140625 0.0171875 0.034375
6 0.66484375 0.225 0.0234375 0.0375
6 0.68203125 0.22734375 0.0234375 0.0359375
6 0.73125 0.2421875 0.025 0.034375
6 0.75078125 0.2484375 0.0265625 0.034375
6 0.87734375 0.328125 0.0296875 0.034375
6 0.58203125 0.2984375 0.0140625 0.034375
6 0.8921875 0.3390625 0.03125 0.034375
6 0.90703125 0.3515625 0.0296875 0.034375
6 0.7796875 0.2625 0.021875 0.03125
6 0.95390625 0.8828125 0.0359375 0.0125
6 0.93359375 0.55390625 0.0359375 0.0234375
6 0.90390625 0.4921875 0.0328125 0.028125
6 0.86796875 0.43359375 0.0359375 0.0296875
6 0.80703125 0.3796875 0.0296875 0.040625
6 0.79140625 0.36796875 0.0265625 0.0328125
6 0.74765625 0.34140625 0.0265625 0.0359375
6 0.7171875 0.3296875 0.025 0.040625
6 0.6984375 0.3265625 0.021875 0.034375
6 0.6859375 0.32109375 0.01875 0.0328125
6 0.67109375 0.3109375 0.0203125 0.0375
6 0.7515625 0.50625 0.0375 0.0375
6 0.96015625 0.03984375 0.0390625 0.0328125
6 0.7390625 0.49140625 0.034375 0.0359375
6 0.759375 0.5234375 0.034375 0.034375
6 0.775 0.53359375 0.034375 0.0328125
6 0.4015625 0.39765625 0.028125 0.0359375
6 0.38046875 0.5078125 0.0265625 0.034375
6 0.36328125 0.52109375 0.0296875 0.0359375
6 0.346875 0.52734375 0.03125 0.0359375
6 0.3296875 0.5328125 0.028125 0.0375
6 0.315625 0.5484375 0.028125 0.034375
6 0.42265625 0.3921875 0.0265625 0.034375
6 0.384375 0.4078125 0.03125 0.0375
6 0.259375 0.490625 0.028125 0.0375
6 0.36875 0.415625 0.028125 0.0375
6 0.35390625 0.4265625 0.0265625 0.0375
6 0.33203125 0.43203125 0.0234375 0.0328125
6 0.32265625 0.446875 0.0265625 0.03125
6 0.31015625 0.45859375 0.0296875 0.0328125
6 0.2890625 0.46640625 0.028125 0.0390625
6 0.39609375 0.49609375 0.0296875 0.0359375
6 0.41015625 0.4859375 0.0265625 0.0375
6 0.42421875 0.47734375 0.0265625 0.0328125
6 0.44375 0.47421875 0.028125 0.0359375
6 0.45625 0.465625 0.03125 0.04375
6 0.47578125 0.45703125 0.0265625 0.0390625
6 0.49296875 0.446875 0.0265625 0.0375
6 0.51015625 0.44375 0.0234375 0.034375
6 0.528125 0.4359375 0.021875 0.034375
6 0.54921875 0.43515625 0.0171875 0.0359375
6 0.56796875 0.4359375 0.0171875 0.03125
6 0.5921875 0.4375 0.015625 0.0375
6 0.34296875 0.5890625 0.0265625 0.034375
6 0.35703125 0.57734375 0.0265625 0.0328125
6 0.371875 0.571875 0.028125 0.034375
6 0.38984375 0.56328125 0.0265625 0.0328125
6 0.40390625 0.5546875 0.0296875 0.034375
6 0.278125 0.47734375 0.03125 0.0328125
6 0.1859375 0.65546875 0.028125 0.0296875
6 0.02734375 0.60703125 0.0296875 0.0296875
6 0.18671875 0.546875 0.0296875 0.03125
6 0.03828125 0.4796875 0.0328125 0.03125
6 0.03984375 0.59609375 0.0359375 0.0296875
6 0.06640625 0.5703125 0.0359375 0.03125
6 0.09296875 0.5453125 0.0265625 0.028125
6 0.02265625 0.70859375 0.0328125 0.0328125
6 0.03515625 0.69453125 0.0390625 0.0359375
6 0.0421875 0.67890625 0.04375 0.0359375
6 0.065625 0.66484375 0.03125 0.0328125
6 0.07734375 0.65625 0.0328125 0.03125
6 0.0859375 0.6375 0.034375 0.03125
6 0.09765625 0.62109375 0.0390625 0.0296875
6 0.11015625 0.609375 0.0328125 0.03125
6 0.1265625 0.59296875 0.034375 0.0328125
6 0.140625 0.5796875 0.034375 0.034375
6 0.15546875 0.56875 0.0328125 0.0375
6 0.171875 0.56015625 0.034375 0.0390625
6 0.4234375 0.54765625 0.025 0.0328125
6 0.440625 0.5390625 0.028125 0.034375
6 0.4609375 0.5296875 0.028125 0.034375
6 0.5265625 0.59140625 0.01875 0.0359375
6 0.78828125 0.84140625 0.0328125 0.0140625
6 0.7859375 0.86015625 0.034375 0.0171875
6 0.78359375 0.88125 0.0359375 0.015625
6 0.50859375 0.66171875 0.0265625 0.0390625
6 0.4890625 0.60625 0.028125 0.034375
6 0.50625 0.596875 0.025 0.034375
6 0.54453125 0.590625 0.0140625 0.034375
6 0.478125 0.5234375 0.025 0.03125
6 0.56328125 0.5953125 0.0171875 0.03125
6 0.584375 0.59453125 0.021875 0.0421875
6 0.603125 0.60078125 0.021875 0.0359375
6 0.62265625 0.60859375 0.0265625 0.0359375
6 0.63984375 0.615625 0.0328125 0.03125
6 0.64921875 0.6296875 0.0359375 0.034375
6 0.78671875 0.80703125 0.0328125 0.0140625
6 0.78984375 0.82421875 0.0328125 0.0140625
6 0.7859375 0.7875 0.0375 0.015625
6 0.78671875 0.76796875 0.0390625 0.0171875
6 0.8203125 0.8796875 0.028125 0.015625
6 0.82265625 0.86015625 0.0296875 0.0140625
6 0.8234375 0.84296875 0.03125 0.0171875
6 0.82421875 0.82578125 0.0359375 0.0140625
6 0.821875 0.80625 0.03125 0.015625
6 0.8234375 0.7890625 0.034375 0.01875
6 0.821875 0.76796875 0.03125 0.0171875
6 0.8140625 0.64609375 0.034375 0.0171875
6 0.8109375 0.62265625 0.034375 0.0203125
6 0.80703125 0.6046875 0.0359375 0.021875
6 0.8 0.5875 0.034375 0.025
6 0.79453125 0.56953125 0.0328125 0.0234375
6 0.7859375 0.553125 0.0375 0.03125
6 0.6640625 0.64609375 0.034375 0.0296875
6 0.67421875 0.66015625 0.0328125 0.0296875
6 0.68359375 0.6765625 0.0359375 0.025
6 0.73046875 0.5984375 0.0328125 0.028125
6 0.49296875 0.51796875 0.0265625 0.0359375
6 0.51015625 0.5140625 0.0203125 0.03125
6 0.528125 0.51171875 0.021875 0.0328125
6 0.54765625 0.5078125 0.0203125 0.034375
6 0.56640625 0.509375 0.0203125 0.040625
6 0.5859375 0.5109375 0.01875 0.0375
6 0.615625 0.515625 0.025 0.04375
6 0.6375 0.5203125 0.025 0.0375
6 0.6515625 0.528125 0.028125 0.034375
6 0.6671875 0.5421875 0.028125 0.0375
6 0.68125 0.54765625 0.03125 0.0390625
6 0.696875 0.559375 0.03125 0.034375
6 0.70625 0.57578125 0.034375 0.0328125
6 0.72265625 0.5875 0.0359375 0.03125
6 0.740625 0.6140625 0.0375 0.03125
6 0.68984375 0.69609375 0.0328125 0.0203125
6 0.7484375 0.63203125 0.0375 0.0296875
6 0.7546875 0.646875 0.0375 0.028125
6 0.76328125 0.6671875 0.0359375 0.025
6 0.390625 0.66015625 0.021875 0.0328125
6 0.41875 0.646875 0.025 0.034375
6 0.471875 0.61171875 0.025 0.0328125
6 0.7015625 0.88203125 0.0375 0.0140625
6 0.703125 0.86640625 0.0375 0.0171875
6 0.70390625 0.84765625 0.0359375 0.0171875
6 0.70390625 0.8296875 0.0359375 0.01875
6 0.70546875 0.81015625 0.0359375 0.0171875
6 0.70390625 0.78984375 0.0328125 0.0171875
6 0.69921875 0.734375 0.0328125 0.021875
6 0.69609375 0.71640625 0.0359375 0.0203125
