6 0.88203125 0.2953125 0.0359375 0.015625
6 0.946875 0.3375 0.015625 0.034375
6 0.890625 0.1796875 0.034375 0.0125
6 0.8890625 0.2 0.034375 0.015625
6 0.88828125 0.2203125 0.0359375 0.01875
6 0.88515625 0.2359375 0.0328125 0.015625
6 0.884375 0.25390625 0.040625 0.0203125
6 0.88046875 0.27265625 0.0390625 0.0140625
6 0.90703125 0.340625 0.0171875 0.034375
6 0.92734375 0.34375 0.0171875 0.034375
6 0.8390625 0.1953125 0.040625 0.021875
6 0.83828125 0.23671875 0.0328125 0.0171875
6 0.83046875 0.35078125 0.0390625 0.0328125
6 0.825 0.38046875 0.04375 0.0328125
6 0.7515625 0.2078125 0.0375 0.015625
6 0.75 0.2453125 0.0375 0.015625
6 0.7390625 0.371875 0.0375 0.01875
6 0.96953125 0.221875 0.0171875 0.034375
6 0.98671875 0.21953125 0.0140625 0.0328125
6 0.96328125 0.259375 0.0171875 0.034375
6 0.98515625 0.25546875 0.0140625 0.0328125
6 0.74453125 0.334375 0.0390625 0.015625
6 0.73828125 0.38984375 0.0359375 0.0171875
6 0.7390625 0.40859375 0.034375 0.0140625
5 0.54140625 0.4671875 0.0171875 0.046875
6 0.734375 0.4453125 0.0375 0.015625
5 0.82265625 0.4640625 0.0421875 0.03125
5 0.821875 0.54375 0.040625 0.034375
5 0.86796875 0.58046875 0.0171875 0.0484375
5 0.82109375 0.59921875 0.0453125 0.0359375
5 0.82890625 0.61796875 0.0484375 0.0359375
5 0.8375 0.66015625 0.040625 0.0234375
5 0.73203125 0.50078125 0.0421875 0.0140625
5 0.71328125 0.525 0.0453125 0.01875
5 0.7125 0.54296875 0.04375 0.0171875
5 0.68359375 0.46796875 0.0171875 0.0390625
5 0.6671875 0.46171875 0.01875 0.0390625
6 0.63046875 0.46171875 0.0203125 0.0390625
6 0.6109375 0.46015625 0.01875 0.0296875
6 0.73359375 0.48125 0.0296875 0.0125
6 0.76015625 0.05546875 0.0328125 0.0171875
6 0.7609375 0.0375 0.034375 0.015625
6 0.84609375 0.12890625 0.0359375 0.0171875
6 0.8515625 0.04140625 0.040625 0.0203125
6 0.846875 0.06796875 0.0375 0.0140625
6 0.76015625 0.096875 0.0390625 0.015625
6 0.75859375 0.1359375 0.0359375 0.015625
6 0.75546875 0.15546875 0.0328125 0.0140625
6 0.8484375 0.10703125 0.0375 0.0140625
6 0.8375 0.17890625 0.040625 0.0140625
