5 0.021875 0.56875 0.01875 0.0375
5 0.0234375 0.52109375 0.01875 0.0390625
5 0.025 0.44140625 0.021875 0.0421875
5 0.13671875 0.41328125 0.0171875 0.0421875
5 0.0921875 0.28203125 0.021875 0.0765625
5 0.09765625 0.15078125 0.0265625 0.0703125
5 0.153125 0.11171875 0.01875 0.0359375
6 0.18515625 0.8703125 0.0328125 0.0125
6 0.18125 0.88671875 0.028125 0.0140625
6 0.18203125 0.90546875 0.0328125 0.0140625
6 0.18046875 0.92265625 0.0296875 0.0171875
6 0.08203125 0.8734375 0.0171875 0.03125
6 0.03359375 0.7671875 0.0328125 0.025
6 0.18828125 0.83203125 0.0328125 0.0140625
6 0.18359375 0.84921875 0.0296875 0.0140625
6 0.1875 0.81328125 0.03125 0.0171875
6 0.2703125 0.83515625 0.03125 0.0140625
6 0.31640625 0.73046875 0.0328125 0.0140625
6 0.28125 0.7265625 0.03125 0.01875
6 0.27734375 0.746875 0.0296875 0.015625
6 0.27734375 0.76328125 0.0359375 0.0171875
6 0.27578125 0.78203125 0.0359375 0.0140625
6 0.27421875 0.79921875 0.0296875 0.0171875
6 0.27109375 0.81796875 0.0328125 0.0140625
6 0.265625 0.87265625 0.03125 0.0140625
6 0.1875 0.79375 0.03125 0.015625
6 0.26796875 0.8921875 0.0296875 0.0125
6 0.26796875 0.9109375 0.0328125 0.015625
6 0.26484375 0.928125 0.0328125 0.0125
6 0.26328125 0.94609375 0.0328125 0.0140625
6 0.18984375 0.73828125 0.0359375 0.0171875
6 0.19140625 0.759375 0.0359375 0.015625
6 0.190625 0.77578125 0.03125 0.0140625
6 0.315625 0.75078125 0.034375 0.0171875
6 0.31171875 0.76484375 0.0328125 0.0140625
6 0.3125 0.78515625 0.034375 0.0140625
6 0.30859375 0.8234375 0.0328125 0.015625
6 0.32265625 0.5875 0.0328125 0.015625
6 0.33125 0.5140625 0.03125 0.015625
6 0.32578125 0.53046875 0.0328125 0.0140625
6 0.3234375 0.54921875 0.03125 0.0140625
6 0.2859375 0.54609375 0.03125 0.0140625
6 0.2859375 0.56640625 0.034375 0.0171875
6 0.32421875 0.56875 0.0328125 0.015625
6 0.2875 0.58515625 0.034375 0.0140625
6 0.32265625 0.60703125 0.0328125 0.0171875
6 0.296875 0.49140625 0.03125 0.0140625
6 0.2875 0.603125 0.034375 0.015625
6 0.4015625 0.59765625 0.01875 0.0328125
6 0.22578125 0.265625 0.0328125 0.015625
6 0.22421875 0.284375 0.0328125 0.015625
6 0.21875 0.321875 0.034375 0.0125
6 0.221875 0.34140625 0.0375 0.0140625
6 0.215625 0.3578125 0.034375 0.015625
6 0.2953125 0.5125 0.034375 0.015625
6 0.2984375 0.475 0.034375 0.015625
6 0.2140625 0.41484375 0.03125 0.0140625
6 0.33671875 0.47890625 0.0328125 0.0140625
6 0.33984375 0.35 0.0359375 0.01875
6 0.3390625 0.36953125 0.040625 0.0203125
6 0.33515625 0.384375 0.0296875 0.015625
6 0.33515625 0.40078125 0.0328125 0.0171875
6 0.3328125 0.41796875 0.03125 0.0140625
6 0.33515625 0.43828125 0.0359375 0.0171875
6 0.33125 0.45859375 0.034375 0.0140625
6 0.3078125 0.25546875 0.0375 0.0171875
6 0.29921875 0.41875 0.0296875 0.0125
6 0.31015625 0.271875 0.0359375 0.015625
6 0.3078125 0.2890625 0.03125 0.015625
6 0.30703125 0.309375 0.0296875 0.015625
6 0.3046875 0.328125 0.03125 0.0125
6 0.3046875 0.34453125 0.03125 0.0140625
6 0.30078125 0.3640625 0.0265625 0.0125
6 0.3 0.384375 0.03125 0.015625
6 0.2125 0.3953125 0.034375 0.015625
6 0.2109375 0.43359375 0.0375 0.0203125
6 0.34453125 0.29453125 0.0328125 0.0171875
6 0.50546875 0.88515625 0.0234375 0.0390625
6 0.38359375 0.97578125 0.0296875 0.0171875
6 0.38515625 0.92109375 0.0328125 0.0140625
6 0.26328125 0.9875 0.0359375 0.015625
6 0.29921875 0.96953125 0.0328125 0.0171875
6 0.30078125 0.94921875 0.0328125 0.0171875
6 0.3015625 0.93046875 0.034375 0.0140625
6 0.3046875 0.8765625 0.034375 0.0125
6 0.30859375 0.85859375 0.0328125 0.0140625
6 0.30625 0.8390625 0.03125 0.01875
6 0.38515625 0.9375 0.0328125 0.015625
6 0.38359375 0.90078125 0.0328125 0.0171875
6 0.20859375 0.46796875 0.0390625 0.0203125
6 0.49296875 0.6640625 0.0328125 0.034375
6 0.2078125 0.4859375 0.034375 0.015625
6 0.20625 0.50625 0.0375 0.01875
6 0.20078125 0.525 0.0328125 0.015625
6 0.20625 0.54296875 0.0375 0.0140625
6 0.20234375 0.578125 0.0390625 0.015625
6 0.43046875 0.65703125 0.0359375 0.0328125
6 0.4625 0.66171875 0.034375 0.0359375
6 0.5140625 0.671875 0.046875 0.0375
6 0.38515625 0.88359375 0.0328125 0.0140625
6 0.4140625 0.72734375 0.0375 0.0296875
6 0.39765625 0.77265625 0.0296875 0.0140625
6 0.39609375 0.78828125 0.0296875 0.0171875
6 0.39765625 0.81015625 0.0328125 0.0140625
6 0.390625 0.8265625 0.034375 0.015625
6 0.3890625 0.84453125 0.03125 0.0171875
6 0.38828125 0.86640625 0.0328125 0.0171875
6 0.3421875 0.31328125 0.03125 0.0171875
6 0.3453125 0.25546875 0.034375 0.0140625
6 0.37109375 0.10859375 0.0140625 0.0296875
6 0.78515625 0.0390625 0.0140625 0.034375
6 0.803125 0.04453125 0.01875 0.0359375
6 0.81953125 0.04375 0.0171875 0.034375
6 0.83671875 0.0484375 0.0171875 0.034375
6 0.853125 0.04765625 0.015625 0.0328125
6 0.240625 0.04140625 0.0375 0.0171875
6 0.2390625 0.06171875 0.034375 0.0171875
6 0.4046875 0.1125 0.015625 0.034375
6 0.76796875 0.040625 0.0140625 0.03125
6 0.440625 0.1125 0.015625 0.03125
6 0.45859375 0.11328125 0.0171875 0.0328125
6 0.771875 0.1359375 0.015625 0.0375
6 0.7359375 0.13203125 0.01875 0.0359375
6 0.715625 0.125 0.015625 0.040625
6 0.696875 0.12890625 0.015625 0.0359375
6 0.68046875 0.12734375 0.0171875 0.0359375
6 0.73359375 0.0375 0.0140625 0.03125
6 0.74921875 0.03984375 0.0171875 0.0359375
6 0.6265625 0.121875 0.01875 0.034375
6 0.45859375 0.0234375 0.0140625 0.03125
6 0.43984375 0.0203125 0.0203125 0.034375
6 0.4765625 0.02265625 0.01875 0.0359375
5 0.70546875 0.04296875 0.0203125 0.0484375
6 0.5015625 0.02578125 0.015625 0.0328125
6 0.5625 0.03203125 0.01875 0.0359375
6 0.578125 0.03125 0.01875 0.034375
6 0.61328125 0.03203125 0.0203125 0.0359375
6 0.646875 0.0359375 0.015625 0.03125
6 0.66640625 0.0375 0.0171875 0.03125
6 0.68359375 0.04453125 0.0140625 0.0390625
6 0.6625 0.12734375 0.01875 0.0390625
6 0.60546875 0.12265625 0.0171875 0.0328125
6 0.41796875 0.4296875 0.0328125 0.015625
6 0.82265625 0.26171875 0.0421875 0.0265625
6 0.528125 0.1671875 0.015625 0.03125
6 0.5484375 0.16484375 0.01875 0.0296875
6 0.56640625 0.16484375 0.0171875 0.0296875
6 0.5828125 0.16484375 0.01875 0.0328125
6 0.603125 0.16796875 0.01875 0.0359375
6 0.62265625 0.165625 0.0171875 0.03125
6 0.68125 0.23125 0.04375 0.01875
6 0.5609375 0.22109375 0.0375 0.0171875
6 0.49296875 0.16171875 0.0171875 0.0359375
6 0.42890625 0.26328125 0.0359375 0.0171875
6 0.4234375 0.28125 0.034375 0.015625
6 0.4234375 0.33671875 0.034375 0.0171875
6 0.4203125 0.35546875 0.03125 0.0140625
6 0.42109375 0.3765625 0.0328125 0.015625
6 0.41796875 0.39296875 0.0328125 0.0140625
6 0.4171875 0.41171875 0.040625 0.0203125
6 0.51171875 0.16796875 0.0171875 0.0296875
6 0.4734375 0.16328125 0.01875 0.0328125
6 0.5890625 0.12109375 0.015625 0.0359375
6 0.73203125 0.17890625 0.0171875 0.0328125
6 0.57109375 0.11640625 0.0171875 0.0328125
6 0.55 0.11875 0.01875 0.034375
6 0.5328125 0.11796875 0.01875 0.0328125
6 0.51484375 0.11875 0.0171875 0.0375
6 0.496875 0.115625 0.01875 0.034375
6 0.8 0.18203125 0.015625 0.0390625
6 0.75078125 0.17890625 0.0171875 0.0359375
6 0.7140625 0.17734375 0.021875 0.0328125
6 0.4375 0.16015625 0.01875 0.0359375
6 0.69609375 0.17578125 0.0171875 0.0328125
6 0.67890625 0.17578125 0.0171875 0.0328125
6 0.6421875 0.1734375 0.01875 0.0375
6 0.35078125 0.14375 0.0171875 0.034375
6 0.36875 0.1515625 0.015625 0.028125
6 0.40234375 0.15703125 0.0171875 0.0328125
6 0.41875 0.159375 0.0125 0.03125
6 0.95546875 0.059375 0.0171875 0.03125
