6 0.44609375 0.359375 0.0296875 0.05
6 0.40625 0.36015625 0.0375 0.0578125
6 0.36484375 0.3625 0.0359375 0.05
6 0.3265625 0.3640625 0.028125 0.053125
6 0.28984375 0.36796875 0.0296875 0.0546875
6 0.259375 0.3703125 0.03125 0.059375
6 0.22109375 0.3765625 0.0359375 0.04375
6 0.16640625 0.28984375 0.0421875 0.0578125
6 0.18125 0.37890625 0.034375 0.0546875
6 0.48671875 0.35859375 0.0421875 0.0484375
6 0.503125 0.28984375 0.0375 0.0578125
6 0.46015625 0.29921875 0.0296875 0.0546875
6 0.33984375 0.04921875 0.0421875 0.0640625
6 0.628125 0.17265625 0.034375 0.0578125
6 0.50234375 0.14453125 0.0671875 0.0328125
6 0.50546875 0.19140625 0.0609375 0.0359375
6 0.30703125 0.0546875 0.0328125 0.05625
6 0.43125 0.28828125 0.03125 0.0609375
6 0.271875 0.0515625 0.0375 0.05625
6 0.234375 0.0515625 0.03125 0.05
6 0.19453125 0.05703125 0.0390625 0.0671875
6 0.26484375 0.2890625 0.0328125 0.059375
6 0.29609375 0.2859375 0.0296875 0.059375
6 0.3296875 0.28515625 0.034375 0.0546875
6 0.36171875 0.28984375 0.0328125 0.0578125
6 0.39296875 0.28828125 0.0265625 0.0546875
