6 0.94609375 0.859375 0.0296875 0.05
6 0.90625 0.86015625 0.0375 0.0578125
6 0.86484375 0.8625 0.0359375 0.05
6 0.8265625 0.8640625 0.028125 0.053125
6 0.78984375 0.86796875 0.0296875 0.0546875
6 0.759375 0.8703125 0.03125 0.059375
6 0.72109375 0.8765625 0.0359375 0.04375
6 0.66640625 0.78984375 0.0421875 0.0578125
6 0.68125 0.87890625 0.034375 0.0546875
6 0.96015625 0.79921875 0.0296875 0.0546875
6 0.83984375 0.54921875 0.0421875 0.0640625
6 0.80703125 0.5546875 0.0328125 0.05625
6 0.93125 0.78828125 0.03125 0.0609375
6 0.771875 0.5515625 0.0375 0.05625
6 0.734375 0.5515625 0.03125 0.05
6 0.69453125 0.55703125 0.0390625 0.0671875
6 0.76484375 0.7890625 0.0328125 0.059375
6 0.79609375 0.7859375 0.0296875 0.059375
6 0.8296875 0.78515625 0.034375 0.0546875
6 0.86171875 0.78984375 0.0328125 0.0578125
6 0.89296875 0.78828125 0.0265625 0.0546875
