5 0.37578125 0.665625 0.0296875 0.059375
6 0.89140625 0.66328125 0.0296875 0.0578125
6 0.43515625 0.62578125 0.0296875 0.0453125
6 0.43203125 0.68203125 0.0296875 0.0515625
6 0.403125 0.62734375 0.025 0.0421875
5 0.34140625 0.64609375 0.0359375 0.0578125
5 0.5265625 0.9390625 0.06875 0.028125
5 0.52265625 0.90390625 0.0671875 0.0359375
5 0.5265625 0.8640625 0.071875 0.034375
5 0.48203125 0.8140625 0.1078125 0.04375
5 0.83359375 0.6671875 0.0453125 0.075
5 0.7140625 0.4515625 0.090625 0.096875
5 0.9203125 0.50625 0.090625 0.040625
5 0.403125 0.55703125 0.0375 0.0734375
5 0.26640625 0.2734375 0.0828125 0.134375
6 0.37421875 0.571875 0.0359375 0.0625
