6 0.7046875 0.65234375 0.034375 0.0578125
6 0.5390625 0.65546875 0.03125 0.0609375
6 0.61328125 0.66484375 0.0296875 0.0546875
6 0.64453125 0.66484375 0.0265625 0.0578125
5 0.0203125 0.6828125 0.028125 0.0625
5 0.0546875 0.67734375 0.034375 0.0546875
5 0.1734375 0.67109375 0.0375 0.0734375
5 0.278125 0.65859375 0.034375 0.0828125
6 0.67578125 0.65078125 0.0328125 0.0546875
5 0.73828125 0.6578125 0.0265625 0.059375
6 0.025 0.20234375 0.034375 0.0578125
6 0.05859375 0.203125 0.0296875 0.053125
6 0.23359375 0.2 0.0328125 0.046875
6 0.38984375 0.18671875 0.0328125 0.0578125
