5 0.59609375 0.11640625 0.0734375 0.1046875
5 0.8609375 0.06328125 0.05 0.0703125
5 0.5609375 0.225 0.05 0.0625
5 0.603125 0.17265625 0.053125 0.0640625
6 0.7046875 0.21796875 0.03125 0.0359375
6 0.9140625 0.10546875 0.03125 0.0421875
5 0.8359375 0.58984375 0.05625 0.0703125
5 0.02734375 0.17890625 0.0453125 0.0671875
5 0.06015625 0.15234375 0.0390625 0.0640625
5 0.04140625 0.16171875 0.0484375 0.0703125
5 0.80390625 0.1671875 0.0609375 0.075
6 0.33515625 0.32109375 0.0265625 0.0328125
6 0.10234375 0.38515625 0.0265625 0.0328125
6 0.2578125 0.50859375 0.028125 0.0359375
6 0.33671875 0.5265625 0.0296875 0.034375
6 0.34375 0.5671875 0.028125 0.034375
6 0.51171875 0.5046875 0.0328125 0.028125
6 0.37109375 0.61640625 0.0296875 0.0359375
6 0.3953125 0.6015625 0.028125 0.0375
6 0.34765625 0.66875 0.0296875 0.0375
6 0.36484375 0.18125 0.0390625 0.025
6 0.3125 0.68671875 0.03125 0.0390625
6 0.61875 0.69296875 0.034375 0.0328125
6 0.26953125 0.746875 0.0359375 0.03125
6 0.2921875 0.7796875 0.0375 0.0375
6 0.515625 0.9578125 0.03125 0.028125
6 0.39765625 0.97109375 0.0359375 0.0328125
6 0.38203125 0.94140625 0.0359375 0.0328125
6 0.5296875 0.98046875 0.03125 0.0265625
6 0.0296875 0.7625 0.034375 0.040625
5 0.06640625 0.81328125 0.0453125 0.0578125
5 0.12265625 0.92109375 0.0578125 0.0703125
