6 0.59375 0.73359375 0.03125 0.0328125
6 0.2796875 0.29140625 0.03125 0.0296875
6 0.77265625 0.059375 0.0296875 0.025
6 0.76640625 0.04296875 0.0234375 0.0203125
6 0.7546875 0.03515625 0.028125 0.0265625
6 0.52734375 0.1625 0.0296875 0.025
6 0.521875 0.15078125 0.034375 0.0296875
6 0.50703125 0.1328125 0.0296875 0.025
6 0.5015625 0.121875 0.03125 0.025
6 0.49921875 0.1109375 0.0359375 0.025
6 0.49453125 0.0984375 0.0328125 0.028125
6 0.47421875 0.08046875 0.0203125 0.0265625
6 0.46484375 0.084375 0.0203125 0.025
6 0.4546875 0.08984375 0.021875 0.0265625
6 0.44296875 0.09375 0.0203125 0.021875
6 0.4359375 0.1 0.021875 0.025
6 0.428125 0.109375 0.01875 0.025
6 0.62734375 0.5953125 0.0171875 0.028125
5 0.60078125 0.865625 0.0453125 0.040625
6 0.40625 0.11875 0.021875 0.021875
5 0.5390625 0.89609375 0.05625 0.0421875
6 0.65 0.9421875 0.034375 0.03125
5 0.68359375 0.88671875 0.0359375 0.0453125
6 0.41484375 0.1109375 0.0203125 0.025
6 0.39765625 0.1234375 0.0203125 0.025
6 0.38671875 0.128125 0.0203125 0.025
6 0.3765625 0.134375 0.021875 0.021875
6 0.36796875 0.1390625 0.0234375 0.028125
6 0.35859375 0.14375 0.0234375 0.025
6 0.3484375 0.15 0.01875 0.025
6 0.3359375 0.15703125 0.025 0.0265625
6 0.4703125 0.04609375 0.0375 0.0328125
6 0.4578125 0.03046875 0.040625 0.0328125
6 0.45078125 0.01796875 0.0390625 0.0359375
5 0.43515625 0.22109375 0.0484375 0.0390625
5 0.38984375 0.2234375 0.0453125 0.034375
5 0.3796875 0.20546875 0.04375 0.0328125
5 0.371875 0.1921875 0.040625 0.034375
5 0.40703125 0.16953125 0.0421875 0.0390625
5 0.35234375 0.040625 0.0359375 0.04375
5 0.3703125 0.03203125 0.03125 0.0421875
5 0.31171875 0.06015625 0.0390625 0.0484375
5 0.296875 0.1671875 0.059375 0.078125
