6 0.2921875 0.85078125 0.025 0.0328125
6 0.31015625 0.8546875 0.0171875 0.03125
6 0.3234375 0.8578125 0.025 0.03125
6 0.33671875 0.8671875 0.0203125 0.0375
6 0.35 0.86953125 0.021875 0.0296875
6 0.36171875 0.87734375 0.0234375 0.0359375
6 0.378125 0.88046875 0.021875 0.0359375
6 0.3953125 0.88515625 0.025 0.0359375
5 0.52421875 0.82890625 0.0546875 0.0421875
5 0.5125 0.8078125 0.040625 0.034375
5 0.503125 0.790625 0.046875 0.0375
6 0.49921875 0.74375 0.0328125 0.0375
6 0.41484375 0.78828125 0.0265625 0.0328125
6 0.3859375 0.80546875 0.03125 0.0359375
6 0.396875 0.79609375 0.03125 0.0328125
6 0.746875 0.58671875 0.04375 0.0359375
5 0.6375 0.8484375 0.059375 0.046875
5 0.68359375 0.7953125 0.0546875 0.046875
5 0.69453125 0.815625 0.0640625 0.05
5 0.90390625 0.70859375 0.0515625 0.0390625
5 0.44453125 0.690625 0.0515625 0.04375
5 0.8921875 0.86875 0.06875 0.05625
5 0.6296875 0.82734375 0.05625 0.0453125
5 0.6171875 0.81171875 0.05625 0.0453125
5 0.60859375 0.79453125 0.0484375 0.0421875
4 0.159375 0.1828125 0.296875 0.296875
