5 0.959375 0.76015625 0.0375 0.0453125
5 0.259375 0.0421875 0.028125 0.034375
5 0.27109375 0.03359375 0.0296875 0.0421875
5 0.2953125 0.02109375 0.03125 0.0390625
5 0.91640625 0.08046875 0.0515625 0.0578125
5 0.94609375 0.221875 0.0453125 0.053125
6 0.96875 0.11171875 0.03125 0.0390625
6 0.346875 0.17421875 0.025 0.0296875
6 0.36953125 0.16484375 0.0234375 0.0296875
5 0.6671875 0.134375 0.046875 0.0625
6 0.6578125 0.8734375 0.028125 0.03125
6 0.384375 0.18984375 0.025 0.0328125
5 0.89921875 0.66328125 0.0390625 0.0453125
5 0.92890625 0.70859375 0.0359375 0.0453125
6 0.94921875 0.42265625 0.0296875 0.0234375
5 0.809375 0.5984375 0.03125 0.040625
6 0.98203125 0.8015625 0.0265625 0.034375
6 0.85859375 0.68125 0.0328125 0.040625
6 0.23671875 0.05625 0.0265625 0.034375
6 0.14375 0.52890625 0.028125 0.0328125
6 0.16484375 0.56484375 0.0328125 0.0390625
6 0.28671875 0.678125 0.0328125 0.025
6 0.2765625 0.6640625 0.03125 0.025
6 0.2640625 0.63984375 0.034375 0.0296875
6 0.3640625 0.91953125 0.028125 0.0390625
6 0.34609375 0.8875 0.0328125 0.034375
6 0.46796875 0.9203125 0.0296875 0.025
5 0.22890625 0.83125 0.0359375 0.05
5 0.059375 0.5375 0.05 0.05625
