6 0.61953125 0.8640625 0.0234375 0.03125
5 0.46484375 0.70234375 0.0359375 0.0453125
6 0.5234375 0.675 0.03125 0.03125
6 0.484375 0.69921875 0.025 0.0359375
6 0.5671875 0.72578125 0.028125 0.0328125
6 0.55703125 0.7375 0.0234375 0.028125
6 0.4671875 0.784375 0.021875 0.03125
6 0.5453125 0.74453125 0.025 0.0296875
6 0.4515625 0.79375 0.028125 0.034375
6 0.44765625 0.96484375 0.0265625 0.0328125
6 0.4640625 0.94765625 0.028125 0.0328125
6 0.5 0.9265625 0.03125 0.028125
6 0.58515625 0.97109375 0.0328125 0.0265625
6 0.578125 0.959375 0.034375 0.028125
6 0.55546875 0.91953125 0.0359375 0.0296875
6 0.5515625 0.9078125 0.03125 0.021875
6 0.54609375 0.89609375 0.0328125 0.0265625
6 0.659375 0.83125 0.034375 0.03125
6 0.6734375 0.85234375 0.034375 0.0296875
6 0.6875 0.87421875 0.03125 0.0234375
6 0.69609375 0.8875 0.0328125 0.028125
6 0.709375 0.9078125 0.034375 0.028125
6 0.4453125 0.70546875 0.028125 0.0359375
6 0.4390625 0.80390625 0.025 0.0296875
6 0.4328125 0.71171875 0.028125 0.0359375
6 0.4015625 0.8234375 0.028125 0.034375
6 0.3890625 0.83203125 0.025 0.0296875
6 0.375 0.8375 0.025 0.03125
6 0.36484375 0.84609375 0.0265625 0.0328125
6 0.35 0.8546875 0.025 0.034375
6 0.33984375 0.86015625 0.0234375 0.0296875
6 0.32890625 0.86953125 0.0234375 0.0296875
6 0.31328125 0.875 0.0234375 0.034375
6 0.2984375 0.88125 0.025 0.034375
6 0.2765625 0.89765625 0.028125 0.0390625
6 0.24765625 0.8234375 0.0296875 0.0375
6 0.35234375 0.7671875 0.0234375 0.03125
6 0.36796875 0.76015625 0.0265625 0.0359375
6 0.38125 0.7453125 0.028125 0.040625
6 0.41796875 0.7203125 0.0296875 0.034375
6 0.65859375 0.97109375 0.0328125 0.0421875
5 0.4109375 0.1640625 0.04375 0.05625
5 0.46640625 0.2546875 0.0453125 0.0625
5 0.49140625 0.29921875 0.0328125 0.0484375
5 0.5171875 0.353125 0.040625 0.05625
5 0.2875 0.08671875 0.04375 0.0546875
5 0.221875 0.1515625 0.04375 0.053125
5 0.14296875 0.196875 0.0453125 0.059375
5 0.11796875 0.20703125 0.0453125 0.0578125
5 0.06953125 0.18125 0.0390625 0.0625
5 0.4421875 0.21015625 0.040625 0.0453125
5 0.3828125 0.11328125 0.040625 0.0578125
5 0.12578125 0.090625 0.0640625 0.05625
5 0.0546875 0.13125 0.0625 0.05
6 0.17890625 0.06484375 0.0359375 0.0328125
5 0.13046875 0.77421875 0.0640625 0.0671875
5 0.48828125 0.9484375 0.0453125 0.059375
5 0.61015625 0.890625 0.0453125 0.059375
5 0.07578125 0.7171875 0.0609375 0.0625
5 0.68046875 0.58203125 0.0484375 0.0734375
5 0.93671875 0.20078125 0.0359375 0.0484375
5 0.70625 0.484375 0.0625 0.046875
5 0.953125 0.2828125 0.05625 0.075
5 0.2984375 0.79609375 0.0375 0.0453125
5 0.596875 0.68828125 0.05 0.0671875
5 0.6171875 0.671875 0.05 0.065625
5 0.621875 0.63828125 0.05 0.0671875
5 0.4828125 0.56328125 0.0625 0.0484375
5 0.49375 0.58125 0.059375 0.040625
5 0.50234375 0.60078125 0.0546875 0.0421875
5 0.51015625 0.62109375 0.0609375 0.0484375
5 0.403125 0.4203125 0.053125 0.04375
5 0.41015625 0.43984375 0.0546875 0.0390625
5 0.41875 0.459375 0.05625 0.040625
5 0.428125 0.4796875 0.053125 0.046875
5 0.55 0.409375 0.05 0.0625
6 0.721875 0.93046875 0.03125 0.0296875
6 0.615625 0.978125 0.021875 0.034375
6 0.74609375 0.93515625 0.0265625 0.0296875
6 0.75859375 0.92890625 0.0265625 0.0359375
6 0.77109375 0.92265625 0.0234375 0.0328125
6 0.784375 0.91484375 0.025 0.0328125
6 0.96171875 0.95859375 0.0296875 0.0234375
