6 0.9484375 0.98125 0.040625 0.034375
5 0.3765625 0.36953125 0.08125 0.0578125
5 0.390625 0.3921875 0.071875 0.053125
5 0.40546875 0.415625 0.0796875 0.05625
5 0.4140625 0.440625 0.08125 0.059375
5 0.25703125 0.484375 0.0578125 0.078125
5 0.2359375 0.496875 0.05625 0.078125
5 0.215625 0.50703125 0.059375 0.0796875
5 0.17578125 0.5296875 0.0578125 0.078125
5 0.15546875 0.54140625 0.0578125 0.0796875
5 0.13125 0.54609375 0.0375 0.0484375
6 0.41015625 0.5296875 0.0328125 0.0375
6 0.11875 0.646875 0.03125 0.028125
