5 0.759375 0.5421875 0.028125 0.034375
5 0.77109375 0.53359375 0.0296875 0.0421875
5 0.7953125 0.52109375 0.03125 0.0390625
5 0.79921875 0.48125 0.0234375 0.0375
5 0.81953125 0.465625 0.0234375 0.040625
5 0.78984375 0.42578125 0.0359375 0.0390625
5 0.74140625 0.46015625 0.0359375 0.0421875
5 0.75546875 0.45234375 0.0328125 0.0421875
6 0.27421875 0.4953125 0.0203125 0.028125
6 0.27265625 0.559375 0.0296875 0.025
6 0.26640625 0.54296875 0.0234375 0.0203125
6 0.2546875 0.53515625 0.028125 0.0265625
6 0.23984375 0.49453125 0.0328125 0.0296875
6 0.225 0.4703125 0.03125 0.028125
6 0.21796875 0.4578125 0.0296875 0.025
6 0.02734375 0.6625 0.0296875 0.025
6 0.021875 0.65078125 0.034375 0.0296875
5 0.28046875 0.284375 0.0546875 0.040625
5 0.33671875 0.38671875 0.0546875 0.0453125
5 0.33125 0.365625 0.05 0.040625
5 0.31015625 0.33515625 0.0515625 0.0390625
5 0.2984375 0.3203125 0.05625 0.04375
5 0.28359375 0.30625 0.0515625 0.0375
6 0.18515625 0.1734375 0.0328125 0.03125
6 0.29765625 0.20625 0.0328125 0.028125
6 0.3359375 0.2703125 0.034375 0.03125
6 0.3390625 0.28359375 0.03125 0.0265625
6 0.29453125 0.11328125 0.0234375 0.0296875
6 0.328125 0.096875 0.025 0.028125
6 0.36640625 0.1390625 0.0234375 0.03125
6 0.334375 0.15703125 0.025 0.0296875
6 0.34921875 0.1875 0.0234375 0.028125
6 0.38671875 0.23046875 0.0234375 0.0328125
5 0.35546875 0.446875 0.0640625 0.046875
5 0.27109375 0.26796875 0.0609375 0.0453125
5 0.31875 0.35078125 0.05 0.0390625
5 0.36015625 0.41875 0.0578125 0.04375
6 0.846875 0.67421875 0.025 0.0296875
6 0.86953125 0.66484375 0.0234375 0.0296875
6 0.4015625 0.2203125 0.028125 0.03125
6 0.47109375 0.08203125 0.0234375 0.0296875
6 0.49921875 0.09765625 0.0234375 0.0296875
6 0.3640625 0.17578125 0.028125 0.0359375
6 0.284375 0.11875 0.025 0.03125
6 0.434375 0.30703125 0.021875 0.0265625
6 0.884375 0.68984375 0.025 0.0328125
6 0.45625 0.19140625 0.028125 0.0359375
6 0.48125 0.178125 0.025 0.034375
6 0.49375 0.17109375 0.021875 0.0328125
6 0.50625 0.165625 0.025 0.034375
6 0.52734375 0.15 0.0265625 0.034375
6 0.50859375 0.19609375 0.0265625 0.0296875
6 0.53046875 0.1828125 0.0234375 0.03125
6 0.54453125 0.1765625 0.0265625 0.03125
6 0.38125 0.13125 0.025 0.03125
6 0.3640625 0.071875 0.025 0.034375
6 0.390625 0.06015625 0.025 0.0328125
6 0.59609375 0.2484375 0.0265625 0.03125
6 0.44296875 0.2984375 0.0234375 0.028125
6 0.4546875 0.2921875 0.025 0.034375
6 0.4671875 0.28515625 0.025 0.0328125
6 0.43671875 0.3390625 0.0265625 0.034375
6 0.47109375 0.31953125 0.0234375 0.0265625
6 0.49375 0.30625 0.025 0.03125
6 0.51796875 0.2921875 0.0234375 0.03125
6 0.5828125 0.22109375 0.028125 0.0328125
6 0.46796875 0.39140625 0.0234375 0.0359375
6 0.490625 0.3765625 0.025 0.034375
6 0.484375 0.20859375 0.025 0.0359375
6 0.4390625 0.2359375 0.028125 0.0375
6 0.55546875 0.3421875 0.0265625 0.034375
6 0.3453125 0.15 0.025 0.03125
6 0.6765625 0.18046875 0.028125 0.0328125
6 0.79375 0.32890625 0.025 0.0265625
6 0.41953125 0.41796875 0.0265625 0.0265625
6 0.39453125 0.31640625 0.0203125 0.0359375
6 0.39140625 0.26328125 0.0296875 0.0328125
6 0.39609375 0.15625 0.0296875 0.034375
6 0.5046875 0.37109375 0.028125 0.0359375
6 0.59140625 0.3203125 0.0265625 0.034375
6 0.60546875 0.315625 0.0265625 0.034375
6 0.61796875 0.30625 0.0296875 0.034375
6 0.63203125 0.3015625 0.0265625 0.034375
6 0.671875 0.3171875 0.03125 0.0375
6 0.59609375 0.36015625 0.0296875 0.0359375
6 0.609375 0.353125 0.028125 0.040625
6 0.621875 0.3453125 0.03125 0.0375
6 0.77578125 0.434375 0.0265625 0.03125
6 0.73671875 0.55625 0.0265625 0.034375
