6 0.61953125 0.3640625 0.0234375 0.03125
5 0.46484375 0.20234375 0.0359375 0.0453125
6 0.5234375 0.175 0.03125 0.03125
6 0.484375 0.19921875 0.025 0.0359375
6 0.5671875 0.22578125 0.028125 0.0328125
6 0.55703125 0.2375 0.0234375 0.028125
6 0.4671875 0.284375 0.021875 0.03125
6 0.5453125 0.24453125 0.025 0.0296875
6 0.4515625 0.29375 0.028125 0.034375
5 0.27265625 0.9046875 0.0515625 0.05
6 0.11953125 0.55234375 0.0328125 0.0328125
6 0.44765625 0.46484375 0.0265625 0.0328125
6 0.4640625 0.44765625 0.028125 0.0328125
6 0.5 0.4265625 0.03125 0.028125
6 0.59765625 0.50546875 0.0359375 0.0296875
6 0.58984375 0.48828125 0.0328125 0.0265625
6 0.58515625 0.47109375 0.0328125 0.0265625
6 0.578125 0.459375 0.034375 0.028125
6 0.55546875 0.41953125 0.0359375 0.0296875
6 0.5515625 0.4078125 0.03125 0.021875
6 0.54609375 0.39609375 0.0328125 0.0265625
6 0.659375 0.33125 0.034375 0.03125
6 0.6734375 0.35234375 0.034375 0.0296875
6 0.6875 0.37421875 0.03125 0.0234375
6 0.69609375 0.3875 0.0328125 0.028125
6 0.709375 0.4078125 0.034375 0.028125
6 0.43515625 0.4828125 0.0296875 0.034375
6 0.4453125 0.20546875 0.028125 0.0359375
6 0.4390625 0.30390625 0.025 0.0296875
6 0.4328125 0.21171875 0.028125 0.0359375
6 0.4015625 0.3234375 0.028125 0.034375
6 0.3890625 0.33203125 0.025 0.0296875
6 0.375 0.3375 0.025 0.03125
6 0.36484375 0.34609375 0.0265625 0.0328125
6 0.35 0.3546875 0.025 0.034375
6 0.33984375 0.36015625 0.0234375 0.0296875
6 0.32890625 0.36953125 0.0234375 0.0296875
6 0.31328125 0.375 0.0234375 0.034375
6 0.2984375 0.38125 0.025 0.034375
6 0.2765625 0.39765625 0.028125 0.0390625
6 0.24765625 0.3234375 0.0296875 0.0375
6 0.35234375 0.2671875 0.0234375 0.03125
6 0.36796875 0.26015625 0.0265625 0.0359375
6 0.38125 0.2453125 0.028125 0.040625
6 0.41796875 0.2203125 0.0296875 0.034375
5 0.38984375 0.8796875 0.0703125 0.06875
6 0.65859375 0.47109375 0.0328125 0.0421875
5 0.13046875 0.27421875 0.0640625 0.0671875
5 0.21484375 0.4875 0.0546875 0.05625
5 0.48828125 0.4484375 0.0453125 0.059375
5 0.61015625 0.390625 0.0453125 0.059375
5 0.53515625 0.5296875 0.0453125 0.0625
5 0.4765625 0.5515625 0.053125 0.08125
5 0.33359375 0.61328125 0.0515625 0.0515625
5 0.5546875 0.6953125 0.04375 0.059375
5 0.57421875 0.68515625 0.0453125 0.0609375
5 0.63125 0.63671875 0.05625 0.0734375
5 0.6890625 0.61328125 0.05 0.0703125
5 0.72734375 0.59921875 0.0421875 0.0546875
5 0.93203125 0.5234375 0.0453125 0.059375
5 0.07578125 0.2171875 0.0609375 0.0625
5 0.68046875 0.08203125 0.0484375 0.0734375
5 0.2984375 0.29609375 0.0375 0.0453125
5 0.596875 0.18828125 0.05 0.0671875
5 0.6171875 0.171875 0.05 0.065625
5 0.621875 0.13828125 0.05 0.0671875
5 0.4828125 0.06328125 0.0625 0.0484375
5 0.49375 0.08125 0.059375 0.040625
5 0.50234375 0.10078125 0.0546875 0.0421875
5 0.51015625 0.12109375 0.0609375 0.0484375
6 0.721875 0.43046875 0.03125 0.0296875
6 0.471875 0.58046875 0.025 0.0296875
6 0.615625 0.478125 0.021875 0.034375
6 0.4453125 0.634375 0.0375 0.0375
6 0.16015625 0.95546875 0.0328125 0.0390625
6 0.6859375 0.9328125 0.034375 0.040625
6 0.74609375 0.43515625 0.0265625 0.0296875
6 0.75859375 0.42890625 0.0265625 0.0359375
6 0.77109375 0.42265625 0.0234375 0.0328125
6 0.784375 0.41484375 0.025 0.0328125
6 0.9453125 0.48984375 0.01875 0.0265625
6 0.96171875 0.45859375 0.0296875 0.0234375
6 0.575 0.7953125 0.034375 0.03125
6 0.60546875 0.83125 0.0421875 0.040625
6 0.321875 0.72578125 0.034375 0.0359375
6 0.240625 0.7359375 0.03125 0.03125
6 0.10625 0.81015625 0.03125 0.0359375
6 0.39609375 0.79375 0.0328125 0.034375
6 0.51484375 0.9046875 0.0359375 0.040625
