6 0.96328125 0.503125 0.0203125 0.034375
6 0.70625 0.61171875 0.034375 0.0328125
6 0.6921875 0.6203125 0.03125 0.034375
6 0.77421875 0.5296875 0.0359375 0.040625
6 0.7390625 0.55 0.03125 0.0375
6 0.7 0.57265625 0.028125 0.0328125
6 0.7125 0.5625 0.025 0.0375
6 0.7265625 0.56015625 0.03125 0.0359375
6 0.37734375 0.19609375 0.0359375 0.0265625
6 0.72109375 0.60546875 0.0296875 0.0359375
6 0.734375 0.59921875 0.034375 0.0359375
6 0.76015625 0.584375 0.0328125 0.040625
6 0.8390625 0.4734375 0.025 0.034375
6 0.9203125 0.64453125 0.025 0.0328125
6 0.68125 0.43515625 0.034375 0.0421875
6 0.7265625 0.4421875 0.028125 0.040625
6 0.75234375 0.4484375 0.0234375 0.03125
6 0.76875 0.4546875 0.01875 0.03125
6 0.78046875 0.45703125 0.0171875 0.0328125
6 0.7953125 0.4578125 0.01875 0.03125
6 0.82109375 0.46640625 0.0234375 0.0328125
6 0.36953125 0.184375 0.0328125 0.028125
6 0.36328125 0.16875 0.0359375 0.03125
6 0.5375 0.24140625 0.034375 0.0421875
6 0.4921875 0.20390625 0.034375 0.0453125
6 0.5171875 0.20390625 0.028125 0.0359375
6 0.9484375 0.5 0.021875 0.034375
5 0.6390625 0.43203125 0.040625 0.0515625
5 0.5734375 0.49609375 0.04375 0.0578125
5 0.4171875 0.17890625 0.0375 0.0484375
5 0.63359375 0.4546875 0.0421875 0.053125
5 0.60546875 0.47734375 0.0421875 0.0515625
6 0.75 0.76484375 0.034375 0.0390625
6 0.91953125 0.49375 0.0203125 0.03125
6 0.93671875 0.49609375 0.0203125 0.0328125
