5 0.22734375 0.140625 0.0421875 0.06875
6 0.63359375 0.8703125 0.0265625 0.03125
5 0.50078125 0.6625 0.0640625 0.08125
6 0.64140625 0.84296875 0.0296875 0.0390625
5 0.27265625 0.253125 0.0515625 0.071875
6 0.28203125 0.08515625 0.0328125 0.0359375
6 0.265625 0.11796875 0.028125 0.0328125
6 0.2546875 0.146875 0.028125 0.034375
6 0.26015625 0.74140625 0.0390625 0.0328125
6 0.15703125 0.740625 0.0359375 0.0375
6 0.12421875 0.759375 0.0328125 0.0375
6 0.17578125 0.8375 0.0359375 0.034375
6 0.17890625 0.7890625 0.0359375 0.040625
6 0.25625 0.85546875 0.03125 0.0390625
6 0.27265625 0.84609375 0.0328125 0.0359375
6 0.43515625 0.553125 0.0390625 0.0375
6 0.2984375 0.80625 0.0375 0.034375
6 0.23828125 0.7046875 0.0328125 0.028125
