6 0.7015625 0.40078125 0.034375 0.0328125
6 0.59921875 0.4015625 0.0296875 0.034375
6 0.95625 0.4515625 0.025 0.034375
6 0.5671875 0.665625 0.03125 0.028125
6 0.67734375 0.77890625 0.0265625 0.0328125
6 0.66015625 0.78671875 0.0265625 0.0328125
6 0.646875 0.79453125 0.028125 0.0359375
6 0.6671875 0.85546875 0.028125 0.0296875
6 0.69765625 0.83671875 0.0265625 0.0296875
6 0.6890625 0.896875 0.025 0.028125
6 0.7015625 0.890625 0.021875 0.028125
6 0.73125 0.87421875 0.021875 0.0265625
6 0.74375 0.8921875 0.01875 0.025
4 0.18046875 0.721875 0.3078125 0.309375
