5 0.09609375 0.11640625 0.0734375 0.1046875
5 0.3609375 0.06328125 0.05 0.0703125
5 0.0609375 0.225 0.05 0.0625
5 0.103125 0.17265625 0.053125 0.0640625
6 0.2046875 0.21796875 0.03125 0.0359375
6 0.4140625 0.10546875 0.03125 0.0421875
5 0.68359375 0.2328125 0.0703125 0.084375
5 0.54296875 0.31875 0.0671875 0.090625
5 0.48359375 0.4328125 0.0796875 0.10625
5 0.3359375 0.58984375 0.05625 0.0703125
5 0.89375 0.5515625 0.040625 0.05
5 0.7234375 0.85625 0.05625 0.071875
6 0.8046875 0.78125 0.04375 0.046875
5 0.30390625 0.1671875 0.0609375 0.075
6 0.88984375 0.2078125 0.0421875 0.040625
6 0.7828125 0.0203125 0.04375 0.0375
6 0.8375 0.121875 0.040625 0.0375
6 0.86328125 0.16875 0.0390625 0.034375
6 0.875 0.1859375 0.040625 0.03125
6 0.11875 0.69296875 0.034375 0.0328125
6 0.015625 0.9578125 0.03125 0.028125
6 0.0296875 0.98046875 0.03125 0.0265625
