5 0.4109375 0.6640625 0.04375 0.05625
5 0.46640625 0.7546875 0.0453125 0.0625
5 0.49140625 0.79921875 0.0328125 0.0484375
5 0.5171875 0.853125 0.040625 0.05625
5 0.2875 0.58671875 0.04375 0.0546875
5 0.221875 0.6515625 0.04375 0.053125
5 0.14296875 0.696875 0.0453125 0.059375
5 0.11796875 0.70703125 0.0453125 0.0578125
5 0.159375 0.4734375 0.059375 0.025
5 0.13828125 0.434375 0.0546875 0.025
5 0.1328125 0.41484375 0.0625 0.0265625
5 0.12265625 0.3984375 0.0671875 0.025
5 0.1109375 0.37890625 0.0625 0.0265625
5 0.08359375 0.3421875 0.0546875 0.028125
5 0.08046875 0.32109375 0.0484375 0.0203125
5 0.06953125 0.68125 0.0390625 0.0625
5 0.4421875 0.71015625 0.040625 0.0453125
5 0.3828125 0.61328125 0.040625 0.0578125
5 0.12578125 0.590625 0.0640625 0.05625
5 0.65546875 0.04140625 0.0578125 0.0796875
5 0.63125 0.04609375 0.0375 0.0484375
5 0.3171875 0.1703125 0.0375 0.034375
6 0.91015625 0.0296875 0.0328125 0.0375
6 0.61875 0.146875 0.03125 0.028125
5 0.0546875 0.63125 0.0625 0.05
6 0.17890625 0.56484375 0.0359375 0.0328125
5 0.93671875 0.70078125 0.0359375 0.0484375
5 0.953125 0.7828125 0.05625 0.075
5 0.19375 0.21640625 0.078125 0.0578125
5 0.403125 0.9203125 0.053125 0.04375
5 0.41015625 0.93984375 0.0546875 0.0390625
5 0.41875 0.959375 0.05625 0.040625
5 0.55 0.909375 0.05 0.0625
