5 0.26171875 0.87890625 0.0546875 0.0640625
5 0.22734375 0.26484375 0.0484375 0.0578125
5 0.390625 0.509375 0.05 0.059375
5 0.22890625 0.53359375 0.0578125 0.0484375
5 0.1609375 0.34375 0.0375 0.04375
5 0.38828125 0.684375 0.0421875 0.046875
6 0.26484375 0.83671875 0.0328125 0.0359375
6 0.34453125 0.82421875 0.0296875 0.0359375
5 0.2453125 0.765625 0.046875 0.0625
5 0.53984375 0.7421875 0.0578125 0.075
5 0.48125 0.7890625 0.05 0.059375
5 0.503125 0.86640625 0.046875 0.0609375
5 0.790625 0.93359375 0.0625 0.0453125
5 0.71796875 0.8765625 0.0359375 0.03125
6 0.14765625 0.2921875 0.0359375 0.0375
6 0.05703125 0.18515625 0.0390625 0.0390625
6 0.4 0.31015625 0.0375 0.0296875
6 0.4171875 0.3390625 0.034375 0.028125
6 0.43828125 0.37578125 0.0359375 0.0296875
6 0.4609375 0.42890625 0.0375 0.0296875
6 0.3578125 0.62734375 0.028125 0.0328125
6 0.17421875 0.56640625 0.0359375 0.0296875
6 0.1390625 0.59140625 0.0375 0.0296875
6 0.07734375 0.42265625 0.0296875 0.0296875
5 0.7515625 0.90234375 0.0625 0.0484375
5 0.71328125 0.85390625 0.0546875 0.0421875
6 0.5390625 0.43359375 0.034375 0.0265625
6 0.51875 0.39609375 0.034375 0.0234375
6 0.5109375 0.38359375 0.034375 0.0265625
5 0.53515625 0.3078125 0.0609375 0.04375
5 0.52578125 0.29140625 0.0546875 0.0421875
5 0.659375 0.19296875 0.059375 0.0453125
6 0.52578125 0.409375 0.0390625 0.028125
6 0.565625 0.4859375 0.0375 0.03125
5 0.70078125 0.8359375 0.0609375 0.046875
6 0.79375 0.70546875 0.028125 0.0234375
5 0.6921875 0.81484375 0.071875 0.0546875
5 0.78359375 0.7890625 0.0546875 0.04375
5 0.86171875 0.87421875 0.0484375 0.0390625
5 0.9453125 0.83828125 0.0375 0.0453125
5 0.91484375 0.784375 0.0546875 0.078125
5 0.92421875 0.94375 0.0421875 0.03125
6 0.80546875 0.8234375 0.0265625 0.025
6 0.83359375 0.81171875 0.0296875 0.0265625
6 0.846875 0.790625 0.025 0.028125
6 0.7953125 0.80703125 0.028125 0.0234375
6 0.825 0.79375 0.025 0.025
6 0.7671875 0.7453125 0.025 0.01875
6 0.76328125 0.7328125 0.0234375 0.01875
6 0.7515625 0.71875 0.025 0.021875
6 0.16640625 0.0328125 0.0171875 0.03125
6 0.18203125 0.04453125 0.0171875 0.0328125
