6 0.05390625 0.484375 0.0296875 0.028125
5 0.18984375 0.40703125 0.0703125 0.0515625
6 0.35390625 0.2953125 0.0328125 0.025
6 0.71796875 0.1640625 0.0234375 0.028125
6 0.72578125 0.13828125 0.0234375 0.0234375
6 0.73203125 0.11328125 0.0171875 0.0234375
6 0.734375 0.08828125 0.01875 0.0296875
6 0.87890625 0.23046875 0.0359375 0.0328125
6 0.92265625 0.3359375 0.0328125 0.03125
6 0.18515625 0.515625 0.0328125 0.028125
6 0.41328125 0.1921875 0.0328125 0.028125
6 0.40390625 0.17890625 0.0359375 0.0296875
6 0.39375 0.16484375 0.034375 0.0296875
6 0.38828125 0.14921875 0.0359375 0.0296875
6 0.3078125 0.10078125 0.0375 0.0296875
6 0.396875 0.2359375 0.03125 0.03125
6 0.38828125 0.2234375 0.0328125 0.028125
6 0.38046875 0.21015625 0.0328125 0.0296875
6 0.371875 0.19609375 0.034375 0.0265625
6 0.36328125 0.18203125 0.0359375 0.0296875
6 0.35234375 0.1671875 0.0328125 0.028125
6 0.3390625 0.159375 0.034375 0.025
6 0.33203125 0.14609375 0.0390625 0.0328125
6 0.32734375 0.13359375 0.0390625 0.0296875
6 0.31328125 0.1140625 0.0390625 0.028125
6 0.30078125 0.08515625 0.0359375 0.0296875
6 0.29453125 0.06875 0.0390625 0.028125
6 0.290625 0.05546875 0.0375 0.0296875
6 0.2796875 0.0453125 0.040625 0.034375
6 0.27265625 0.03359375 0.0390625 0.0296875
6 0.2640625 0.02109375 0.0375 0.0328125
6 0.334375 0.0671875 0.034375 0.028125
6 0.34140625 0.08203125 0.0328125 0.0265625
6 0.3796875 0.13515625 0.034375 0.0296875
