5 0.89765625 0.6328125 0.0578125 0.075
5 0.30859375 0.48203125 0.0390625 0.0734375
5 0.45234375 0.3875 0.0703125 0.0375
5 0.44375 0.36328125 0.065625 0.0359375
5 0.4203125 0.3171875 0.075 0.040625
5 0.4125 0.29296875 0.071875 0.0390625
5 0.38125 0.246875 0.06875 0.0375
5 0.53203125 0.27265625 0.0765625 0.0578125
5 0.3515625 0.2015625 0.071875 0.034375
5 0.49296875 0.2046875 0.0796875 0.053125
5 0.3234375 0.153125 0.06875 0.0375
5 0.31484375 0.128125 0.0703125 0.0375
5 0.1625 0.221875 0.040625 0.06875
5 0.1765625 0.24609375 0.0375 0.0734375
5 0.18984375 0.2765625 0.0390625 0.078125
5 0.76640625 0.4875 0.0515625 0.071875
6 0.559375 0.09140625 0.0375 0.0421875
5 0.5890625 0.209375 0.05625 0.065625
5 0.253125 0.0234375 0.075 0.025
6 0.45 0.06796875 0.040625 0.0328125
6 0.265625 0.90859375 0.034375 0.0390625
