5 0.459375 0.76015625 0.0375 0.0453125
5 0.41640625 0.08046875 0.0515625 0.0578125
5 0.44609375 0.221875 0.0453125 0.053125
6 0.46875 0.11171875 0.03125 0.0390625
5 0.1671875 0.134375 0.046875 0.0625
6 0.1578125 0.8734375 0.028125 0.03125
6 0.565625 0.14296875 0.028125 0.0359375
5 0.39921875 0.66328125 0.0390625 0.0453125
5 0.42890625 0.70859375 0.0359375 0.0453125
6 0.44921875 0.42265625 0.0296875 0.0234375
5 0.309375 0.5984375 0.03125 0.040625
6 0.52734375 0.87109375 0.0296875 0.0359375
6 0.48203125 0.8015625 0.0265625 0.034375
6 0.50546875 0.83359375 0.0265625 0.0296875
6 0.35859375 0.68125 0.0328125 0.040625
