5 0.759375 0.0421875 0.028125 0.034375
5 0.77109375 0.03359375 0.0296875 0.0421875
5 0.7953125 0.02109375 0.03125 0.0390625
6 0.09375 0.73359375 0.03125 0.0328125
6 0.27265625 0.059375 0.0296875 0.025
6 0.26640625 0.04296875 0.0234375 0.0203125
6 0.2546875 0.03515625 0.028125 0.0265625
6 0.02734375 0.1625 0.0296875 0.025
6 0.021875 0.15078125 0.034375 0.0296875
6 0.12734375 0.5953125 0.0171875 0.028125
5 0.10078125 0.865625 0.0453125 0.040625
5 0.0390625 0.89609375 0.05625 0.0421875
6 0.15 0.9421875 0.034375 0.03125
5 0.18359375 0.88671875 0.0359375 0.0453125
6 0.846875 0.17421875 0.025 0.0296875
6 0.86953125 0.16484375 0.0234375 0.0296875
6 0.884375 0.18984375 0.025 0.0328125
6 0.73671875 0.05625 0.0265625 0.034375
6 0.64375 0.52890625 0.028125 0.0328125
6 0.66484375 0.56484375 0.0328125 0.0390625
6 0.78671875 0.678125 0.0328125 0.025
6 0.7765625 0.6640625 0.03125 0.025
6 0.7640625 0.63984375 0.034375 0.0296875
6 0.8640625 0.91953125 0.028125 0.0390625
6 0.84609375 0.8875 0.0328125 0.034375
6 0.96796875 0.9203125 0.0296875 0.025
5 0.72890625 0.83125 0.0359375 0.05
5 0.559375 0.5375 0.05 0.05625
