5 0.25 0.22578125 0.03125 0.0421875
5 0.29296875 0.25625 0.0234375 0.0375
5 0.31484375 0.240625 0.0234375 0.040625
5 0.284375 0.19921875 0.0375 0.0453125
5 0.290625 0.29765625 0.034375 0.0421875
5 0.26640625 0.31015625 0.0296875 0.0421875
5 0.2546875 0.32109375 0.03125 0.0390625
5 0.1015625 0.125 0.028125 0.0375
5 0.08828125 0.13203125 0.0296875 0.0359375
5 0.1140625 0.1171875 0.03125 0.0375
5 0.23515625 0.23359375 0.0328125 0.0421875
5 0.81640625 0.88359375 0.0328125 0.0421875
5 0.5875 0.2484375 0.071875 0.09375
5 0.66953125 0.4125 0.0484375 0.059375
5 0.590625 0.44765625 0.0375 0.0453125
5 0.9234375 0.359375 0.053125 0.059375
5 0.0484375 0.821875 0.053125 0.05625
6 0.36953125 0.44140625 0.0234375 0.0296875
6 0.23359375 0.334375 0.0296875 0.034375
6 0.1390625 0.8125 0.025 0.03125
6 0.15859375 0.85078125 0.0265625 0.0359375
5 0.3609375 0.6109375 0.04375 0.05
5 0.31796875 0.63203125 0.0390625 0.0515625
5 0.30390625 0.65078125 0.0390625 0.0515625
5 0.1765625 0.71484375 0.034375 0.0453125
5 0.05859375 0.55390625 0.0390625 0.0390625
6 0.384375 0.4703125 0.028125 0.034375
6 0.35703125 0.446875 0.0234375 0.028125
6 0.34453125 0.45234375 0.0234375 0.0296875
6 0.95625 0.70859375 0.028125 0.0265625
6 0.821875 0.61875 0.03125 0.034375
5 0.95390625 0.50078125 0.0484375 0.0578125
5 0.9390625 0.30390625 0.046875 0.0546875
6 0.97734375 0.3921875 0.0359375 0.040625
6 0.28828125 0.1015625 0.0296875 0.034375
6 0.69765625 0.1015625 0.0328125 0.040625
6 0.7890625 0.01875 0.034375 0.0375
6 0.16328125 0.090625 0.0296875 0.034375
6 0.08203125 0.0953125 0.0234375 0.0375
6 0.0453125 0.1171875 0.03125 0.0375
6 0.09609375 0.0875 0.0234375 0.0375
6 0.11015625 0.08046875 0.0265625 0.0359375
6 0.1234375 0.07109375 0.028125 0.0359375
6 0.08828125 0.01796875 0.0265625 0.0359375
