6 0.0875 0.196875 0.03125 0.0375
5 0.440625 0.9046875 0.059375 0.078125
5 0.51484375 0.95078125 0.0515625 0.0765625
5 0.49453125 0.44375 0.0484375 0.0625
6 0.5015625 0.534375 0.0375 0.04375
6 0.53828125 0.48203125 0.0328125 0.0453125
6 0.7390625 0.75546875 0.025 0.0390625
5 0.13671875 0.40625 0.0640625 0.09375
5 0.05625 0.3046875 0.053125 0.08125
6 0.44765625 0.78828125 0.0296875 0.0359375
6 0.434375 0.76796875 0.034375 0.0359375
6 0.41796875 0.740625 0.0359375 0.040625
6 0.4828125 0.81171875 0.0375 0.0421875
6 0.87265625 0.76953125 0.0453125 0.0390625
6 0.6453125 0.453125 0.025 0.0375
6 0.14453125 0.7734375 0.0421875 0.05
5 0.071875 0.71796875 0.0625 0.0859375
5 0.12109375 0.94609375 0.0453125 0.0609375
5 0.28125 0.059375 0.065625 0.09375
5 0.440625 0.21875 0.053125 0.0625
5 0.19296875 0.29296875 0.0453125 0.0609375
5 0.18203125 0.31953125 0.0515625 0.0609375
6 0.90078125 0.28125 0.0296875 0.025
5 0.178125 0.35625 0.059375 0.0875
5 0.31484375 0.5109375 0.0484375 0.059375
5 0.22890625 0.52578125 0.0640625 0.0859375
5 0.20703125 0.57734375 0.0421875 0.0578125
5 0.3640625 0.68203125 0.05 0.0640625
6 0.08125 0.13984375 0.040625 0.0453125
6 0.059375 0.10078125 0.0375 0.0421875
6 0.0359375 0.06484375 0.04375 0.0484375
6 0.82265625 0.30234375 0.0296875 0.0359375
6 0.796875 0.2515625 0.03125 0.040625
6 0.78125 0.26015625 0.034375 0.0421875
6 0.77578125 0.21796875 0.0296875 0.0359375
6 0.71015625 0.1921875 0.0328125 0.040625
