5 0.59609375 0.61640625 0.0734375 0.1046875
5 0.59140625 0.08671875 0.0546875 0.0703125
5 0.6109375 0.07734375 0.0375 0.0515625
5 0.7328125 0.2921875 0.05 0.0625
5 0.74296875 0.353125 0.0484375 0.065625
5 0.4890625 0.46484375 0.05625 0.0734375
5 0.8609375 0.56328125 0.05 0.0703125
5 0.5609375 0.725 0.05 0.0625
5 0.603125 0.67265625 0.053125 0.0640625
6 0.7046875 0.71796875 0.03125 0.0359375
6 0.9140625 0.60546875 0.03125 0.0421875
6 0.215625 0.1125 0.03125 0.0375
6 0.2984375 0.09296875 0.0375 0.0328125
6 0.4375 0.015625 0.034375 0.03125
6 0.3671875 0.15546875 0.03125 0.0390625
6 0.58515625 0.15859375 0.0328125 0.0421875
6 0.64375 0.18125 0.034375 0.04375
5 0.3765625 0.05390625 0.05625 0.0484375
5 0.3953125 0.29921875 0.05625 0.0796875
5 0.02734375 0.67890625 0.0453125 0.0671875
5 0.06015625 0.65234375 0.0390625 0.0640625
5 0.04140625 0.66171875 0.0484375 0.0703125
5 0.80390625 0.6671875 0.0609375 0.075
6 0.33515625 0.82109375 0.0265625 0.0328125
6 0.10234375 0.88515625 0.0265625 0.0328125
6 0.36484375 0.68125 0.0390625 0.025
