6 0.7796875 0.29140625 0.03125 0.0296875
6 0.97421875 0.08046875 0.0203125 0.0265625
6 0.96484375 0.084375 0.0203125 0.025
6 0.9546875 0.08984375 0.021875 0.0265625
6 0.94296875 0.09375 0.0203125 0.021875
6 0.9359375 0.1 0.021875 0.025
6 0.928125 0.109375 0.01875 0.025
6 0.90625 0.11875 0.021875 0.021875
6 0.91484375 0.1109375 0.0203125 0.025
6 0.89765625 0.1234375 0.0203125 0.025
6 0.88671875 0.128125 0.0203125 0.025
6 0.8765625 0.134375 0.021875 0.021875
6 0.86796875 0.1390625 0.0234375 0.028125
6 0.85859375 0.14375 0.0234375 0.025
6 0.8484375 0.15 0.01875 0.025
6 0.8359375 0.15703125 0.025 0.0265625
6 0.9703125 0.04609375 0.0375 0.0328125
6 0.9578125 0.03046875 0.040625 0.0328125
6 0.95078125 0.01796875 0.0390625 0.0359375
5 0.93515625 0.22109375 0.0484375 0.0390625
5 0.88984375 0.2234375 0.0453125 0.034375
5 0.8796875 0.20546875 0.04375 0.0328125
5 0.871875 0.1921875 0.040625 0.034375
5 0.90703125 0.16953125 0.0421875 0.0390625
5 0.85234375 0.040625 0.0359375 0.04375
5 0.8703125 0.03203125 0.03125 0.0421875
5 0.81171875 0.06015625 0.0390625 0.0484375
5 0.796875 0.1671875 0.059375 0.078125
