5 0.22734375 0.76484375 0.0484375 0.0578125
5 0.1609375 0.84375 0.0375 0.04375
6 0.14765625 0.7921875 0.0359375 0.0375
6 0.05703125 0.68515625 0.0390625 0.0390625
6 0.4 0.81015625 0.0375 0.0296875
6 0.4171875 0.8390625 0.034375 0.028125
6 0.43828125 0.87578125 0.0359375 0.0296875
6 0.4609375 0.92890625 0.0375 0.0296875
6 0.07734375 0.92265625 0.0296875 0.0296875
5 0.43828125 0.30234375 0.0390625 0.0265625
6 0.5390625 0.93359375 0.034375 0.0265625
6 0.51875 0.89609375 0.034375 0.0234375
6 0.5109375 0.88359375 0.034375 0.0265625
5 0.53515625 0.8078125 0.0609375 0.04375
5 0.52578125 0.79140625 0.0546875 0.0421875
5 0.659375 0.69296875 0.059375 0.0453125
6 0.52578125 0.909375 0.0390625 0.028125
6 0.43125 0.28828125 0.034375 0.0265625
5 0.4453125 0.325 0.046875 0.034375
6 0.115625 0.44453125 0.034375 0.0265625
6 0.125 0.42265625 0.03125 0.0265625
6 0.134375 0.40234375 0.03125 0.0265625
6 0.153125 0.5125 0.01875 0.03125
6 0.1328125 0.4875 0.034375 0.03125
6 0.16640625 0.5328125 0.0171875 0.03125
5 0.459375 0.34453125 0.05 0.0390625
6 0.09921875 0.1625 0.0296875 0.0375
6 0.1546875 0.121875 0.0375 0.028125
6 0.03515625 0.16640625 0.0265625 0.0328125
6 0.05 0.15703125 0.025 0.0296875
6 0.06328125 0.1484375 0.0265625 0.03125
6 0.090625 0.23359375 0.028125 0.0328125
6 0.1046875 0.2265625 0.028125 0.034375
6 0.25859375 0.390625 0.0328125 0.025
6 0.2515625 0.375 0.034375 0.028125
6 0.24140625 0.36328125 0.0390625 0.0328125
6 0.225 0.3359375 0.0375 0.028125
6 0.23671875 0.3484375 0.0359375 0.028125
6 0.01796875 0.10703125 0.0296875 0.0359375
6 0.18203125 0.54453125 0.0171875 0.0328125
6 0.021875 0.17109375 0.025 0.0328125
6 0.32734375 0.1359375 0.0328125 0.025
6 0.075 0.175 0.028125 0.0375
6 0.040625 0.26171875 0.028125 0.0359375
