6 0.7921875 0.85078125 0.025 0.0328125
6 0.81015625 0.8546875 0.0171875 0.03125
6 0.8234375 0.8578125 0.025 0.03125
6 0.83671875 0.8671875 0.0203125 0.0375
6 0.85 0.86953125 0.021875 0.0296875
6 0.86171875 0.87734375 0.0234375 0.0359375
6 0.878125 0.88046875 0.021875 0.0359375
6 0.8953125 0.88515625 0.025 0.0359375
6 0.91484375 0.78828125 0.0265625 0.0328125
6 0.8859375 0.80546875 0.03125 0.0359375
6 0.896875 0.79609375 0.03125 0.0328125
6 0.3390625 0.9734375 0.025 0.034375
6 0.18125 0.93515625 0.034375 0.0421875
6 0.2265625 0.9421875 0.028125 0.040625
6 0.25234375 0.9484375 0.0234375 0.03125
6 0.26875 0.9546875 0.01875 0.03125
6 0.28046875 0.95703125 0.0171875 0.0328125
6 0.2953125 0.9578125 0.01875 0.03125
6 0.32109375 0.96640625 0.0234375 0.0328125
6 0.0375 0.74140625 0.034375 0.0421875
6 0.0171875 0.70390625 0.028125 0.0359375
6 0.3265625 0.5140625 0.028125 0.03125
6 0.30234375 0.5140625 0.0296875 0.0375
5 0.1390625 0.93203125 0.040625 0.0515625
5 0.94453125 0.690625 0.0515625 0.04375
4 0.30625 0.36640625 0.303125 0.3109375
4 0.659375 0.1828125 0.296875 0.296875
5 0.13359375 0.9546875 0.0421875 0.053125
