6 0.11953125 0.8640625 0.0234375 0.03125
6 0.0234375 0.675 0.03125 0.03125
6 0.0671875 0.72578125 0.028125 0.0328125
6 0.05703125 0.7375 0.0234375 0.028125
6 0.0453125 0.74453125 0.025 0.0296875
6 0.08515625 0.97109375 0.0328125 0.0265625
6 0.078125 0.959375 0.034375 0.028125
6 0.05546875 0.91953125 0.0359375 0.0296875
6 0.0515625 0.9078125 0.03125 0.021875
6 0.04609375 0.89609375 0.0328125 0.0265625
6 0.159375 0.83125 0.034375 0.03125
6 0.1734375 0.85234375 0.034375 0.0296875
6 0.1875 0.87421875 0.03125 0.0234375
6 0.19609375 0.8875 0.0328125 0.028125
6 0.209375 0.9078125 0.034375 0.028125
6 0.15859375 0.97109375 0.0328125 0.0421875
5 0.11015625 0.890625 0.0453125 0.059375
5 0.18046875 0.58203125 0.0484375 0.0734375
5 0.43671875 0.20078125 0.0359375 0.0484375
5 0.20625 0.484375 0.0625 0.046875
5 0.453125 0.2828125 0.05625 0.075
5 0.096875 0.68828125 0.05 0.0671875
5 0.1171875 0.671875 0.05 0.065625
5 0.121875 0.63828125 0.05 0.0671875
5 0.05 0.409375 0.05 0.0625
6 0.221875 0.93046875 0.03125 0.0296875
6 0.115625 0.978125 0.021875 0.034375
6 0.24609375 0.93515625 0.0265625 0.0296875
6 0.25859375 0.92890625 0.0265625 0.0359375
6 0.27109375 0.92265625 0.0234375 0.0328125
6 0.284375 0.91484375 0.025 0.0328125
6 0.46171875 0.95859375 0.0296875 0.0234375
