5 0.37109375 0.03125 0.0484375 0.04375
5 0.39140625 0.0671875 0.0515625 0.040625
6 0.49375 0.040625 0.034375 0.028125
6 0.4828125 0.0296875 0.03125 0.021875
6 0.47734375 0.01953125 0.0359375 0.0265625
6 0.4390625 0.2 0.04375 0.0375
6 0.0609375 0.9265625 0.034375 0.03125
6 0.725 0.9703125 0.03125 0.028125
6 0.71796875 0.9578125 0.0296875 0.025
6 0.41171875 0.0234375 0.0296875 0.025
5 0.78046875 0.784375 0.0546875 0.040625
5 0.83671875 0.88671875 0.0546875 0.0453125
5 0.83125 0.865625 0.05 0.040625
5 0.81015625 0.83515625 0.0515625 0.0390625
5 0.7984375 0.8203125 0.05625 0.04375
5 0.78359375 0.80625 0.0515625 0.0375
6 0.68515625 0.6734375 0.0328125 0.03125
6 0.79765625 0.70625 0.0328125 0.028125
6 0.8359375 0.7703125 0.034375 0.03125
6 0.8390625 0.78359375 0.03125 0.0265625
6 0.79453125 0.61328125 0.0234375 0.0296875
6 0.828125 0.596875 0.025 0.028125
6 0.86640625 0.6390625 0.0234375 0.03125
6 0.834375 0.65703125 0.025 0.0296875
6 0.84921875 0.6875 0.0234375 0.028125
6 0.88671875 0.73046875 0.0234375 0.0328125
6 0.6234375 0.221875 0.03125 0.028125
6 0.60625 0.24765625 0.03125 0.0265625
6 0.703125 0.1625 0.028125 0.028125
6 0.50625 0.0640625 0.034375 0.025
6 0.52265625 0.08125 0.0328125 0.028125
6 0.54921875 0.0828125 0.0328125 0.028125
5 0.85546875 0.946875 0.0640625 0.046875
5 0.77109375 0.76796875 0.0609375 0.0453125
5 0.81875 0.85078125 0.05 0.0390625
6 0.4203125 0.978125 0.040625 0.034375
6 0.41640625 0.95625 0.0421875 0.034375
5 0.86015625 0.91875 0.0578125 0.04375
5 0.25703125 0.94921875 0.0484375 0.0421875
6 0.9015625 0.7203125 0.028125 0.03125
6 0.97109375 0.58203125 0.0234375 0.0296875
6 0.8640625 0.67578125 0.028125 0.0359375
6 0.784375 0.61875 0.025 0.03125
6 0.934375 0.80703125 0.021875 0.0265625
6 0.95625 0.69140625 0.028125 0.0359375
6 0.98125 0.678125 0.025 0.034375
6 0.88125 0.63125 0.025 0.03125
6 0.8640625 0.571875 0.025 0.034375
6 0.890625 0.56015625 0.025 0.0328125
6 0.94296875 0.7984375 0.0234375 0.028125
6 0.9546875 0.7921875 0.025 0.034375
6 0.9671875 0.78515625 0.025 0.0328125
6 0.93671875 0.8390625 0.0265625 0.034375
6 0.97109375 0.81953125 0.0234375 0.0265625
6 0.96796875 0.89140625 0.0234375 0.0359375
6 0.984375 0.70859375 0.025 0.0359375
6 0.9390625 0.7359375 0.028125 0.0375
6 0.8453125 0.65 0.025 0.03125
6 0.91953125 0.91796875 0.0265625 0.0265625
6 0.89453125 0.81640625 0.0203125 0.0359375
6 0.89140625 0.76328125 0.0296875 0.0328125
6 0.89609375 0.65625 0.0296875 0.034375
5 0.328125 0.95234375 0.046875 0.0390625
