5 0.7546875 0.2390625 0.05625 0.075
5 0.8234375 0.9140625 0.071875 0.0875
5 0.715625 0.71640625 0.03125 0.0421875
5 0.62578125 0.92265625 0.0328125 0.0421875
5 0.64453125 0.915625 0.0328125 0.040625
6 0.21796875 0.6640625 0.0234375 0.028125
6 0.22578125 0.63828125 0.0234375 0.0234375
6 0.23203125 0.61328125 0.0171875 0.0234375
6 0.234375 0.58828125 0.01875 0.0296875
6 0.37890625 0.73046875 0.0359375 0.0328125
6 0.42265625 0.8359375 0.0328125 0.03125
6 0.85234375 0.05859375 0.0359375 0.0390625
5 0.7390625 0.03515625 0.05 0.0671875
6 0.4203125 0.02890625 0.040625 0.0453125
6 0.4390625 0.225 0.034375 0.04375
6 0.11015625 0.06484375 0.0296875 0.0359375
