6 0.1203125 0.85859375 0.025 0.0390625
6 0.08984375 0.85 0.0203125 0.034375
6 0.0734375 0.84609375 0.025 0.0390625
6 0.059375 0.8453125 0.021875 0.0375
6 0.05 0.83984375 0.021875 0.0328125
6 0.03203125 0.834375 0.0234375 0.034375
6 0.01796875 0.828125 0.0203125 0.034375
6 0.246875 0.08671875 0.04375 0.0359375
6 0.1015625 0.85234375 0.01875 0.0359375
5 0.1375 0.3484375 0.059375 0.046875
5 0.18359375 0.2953125 0.0546875 0.046875
5 0.19453125 0.315625 0.0640625 0.05
5 0.40390625 0.20859375 0.0515625 0.0390625
5 0.3921875 0.36875 0.06875 0.05625
5 0.1296875 0.32734375 0.05625 0.0453125
5 0.1171875 0.31171875 0.05625 0.0453125
5 0.10859375 0.29453125 0.0484375 0.0421875
4 0.4015625 0.2921875 0.2875 0.296875
6 0.0203125 0.9140625 0.03125 0.034375
6 0.03671875 0.90625 0.0359375 0.040625
