6 0.71171875 0.72421875 0.0328125 0.0421875
6 0.134375 0.6984375 0.028125 0.0375
6 0.83359375 0.56328125 0.0328125 0.0390625
6 0.63359375 0.3703125 0.0265625 0.03125
5 0.6953125 0.50625 0.053125 0.075
5 0.50078125 0.1625 0.0640625 0.08125
6 0.64140625 0.34296875 0.0296875 0.0390625
6 0.26015625 0.24140625 0.0390625 0.0328125
6 0.15703125 0.240625 0.0359375 0.0375
6 0.12421875 0.259375 0.0328125 0.0375
6 0.17578125 0.3375 0.0359375 0.034375
6 0.17890625 0.2890625 0.0359375 0.040625
6 0.25625 0.35546875 0.03125 0.0390625
6 0.27265625 0.34609375 0.0328125 0.0359375
6 0.43515625 0.053125 0.0390625 0.0375
6 0.2984375 0.30625 0.0375 0.034375
6 0.23828125 0.2046875 0.0328125 0.028125
