6 0.37734375 0.69609375 0.0359375 0.0265625
6 0.8390625 0.9734375 0.025 0.034375
6 0.68125 0.93515625 0.034375 0.0421875
6 0.7265625 0.9421875 0.028125 0.040625
6 0.75234375 0.9484375 0.0234375 0.03125
6 0.76875 0.9546875 0.01875 0.03125
6 0.78046875 0.95703125 0.0171875 0.0328125
6 0.7953125 0.9578125 0.01875 0.03125
6 0.82109375 0.96640625 0.0234375 0.0328125
6 0.36953125 0.684375 0.0328125 0.028125
6 0.36328125 0.66875 0.0359375 0.03125
6 0.5375 0.74140625 0.034375 0.0421875
6 0.4921875 0.70390625 0.034375 0.0453125
6 0.5171875 0.70390625 0.028125 0.0359375
6 0.8265625 0.5140625 0.028125 0.03125
6 0.80234375 0.5140625 0.0296875 0.0375
5 0.6390625 0.93203125 0.040625 0.0515625
4 0.80625 0.36640625 0.303125 0.3109375
5 0.4171875 0.67890625 0.0375 0.0484375
5 0.63359375 0.9546875 0.0421875 0.053125
4 0.47265625 0.4984375 0.2859375 0.30625
