6 0.6125 0.72421875 0.025 0.0328125
5 0.48828125 0.7 0.0421875 0.053125
5 0.38515625 0.4984375 0.0296875 0.040625
6 0.48515625 0.4515625 0.0296875 0.034375
6 0.4484375 0.4578125 0.028125 0.034375
6 0.43515625 0.46640625 0.0265625 0.0359375
6 0.421875 0.471875 0.028125 0.034375
6 0.37109375 0.5125 0.0265625 0.034375
6 0.25390625 0.5734375 0.0296875 0.0375
6 0.27890625 0.64609375 0.0296875 0.0359375
5 0.478125 0.80078125 0.05625 0.0765625
5 0.33671875 0.8578125 0.0515625 0.05
5 0.21875 0.73515625 0.053125 0.0546875
6 0.12734375 0.8 0.0328125 0.028125
6 0.44296875 0.8796875 0.0296875 0.03125
6 0.4375 0.73515625 0.025 0.0296875
6 0.44765625 0.7125 0.0328125 0.0375
5 0.40390625 0.18203125 0.0578125 0.0453125
5 0.41328125 0.1984375 0.0578125 0.040625
5 0.4234375 0.21640625 0.059375 0.0453125
5 0.42890625 0.23828125 0.0609375 0.0453125
5 0.48125 0.31953125 0.05625 0.0453125
5 0.490625 0.33984375 0.059375 0.0421875
5 0.13828125 0.528125 0.0640625 0.065625
5 0.08359375 0.471875 0.0578125 0.059375
5 0.303125 0.54765625 0.034375 0.0453125
5 0.4671875 0.45703125 0.034375 0.0421875
6 0.3046875 0.63125 0.025 0.034375
6 0.31875 0.62578125 0.025 0.0328125
6 0.34296875 0.61328125 0.0234375 0.0265625
5 0.921875 0.7671875 0.046875 0.05625
5 0.55390625 0.93984375 0.0421875 0.0578125
5 0.571875 0.93203125 0.04375 0.0609375
5 0.62890625 0.88203125 0.0546875 0.0703125
5 0.68515625 0.85703125 0.0484375 0.0703125
5 0.53359375 0.7765625 0.0453125 0.059375
5 0.72578125 0.84765625 0.0484375 0.0609375
5 0.60703125 0.640625 0.0453125 0.0625
5 0.59375 0.44296875 0.05 0.0640625
5 0.61171875 0.42734375 0.0515625 0.0671875
5 0.54921875 0.16875 0.0453125 0.059375
5 0.61640625 0.3921875 0.0484375 0.065625
5 0.5203125 0.11171875 0.040625 0.0546875
6 0.7140625 0.68359375 0.03125 0.0328125
6 0.471875 0.82734375 0.025 0.0296875
5 0.4875 0.06015625 0.040625 0.0484375
6 0.5234375 0.43203125 0.03125 0.0359375
6 0.46875 0.53828125 0.028125 0.0328125
6 0.54453125 0.49921875 0.0234375 0.0296875
6 0.55703125 0.48984375 0.0234375 0.0296875
6 0.56796875 0.4828125 0.0265625 0.034375
6 0.65625 0.58359375 0.034375 0.0265625
6 0.66953125 0.60234375 0.0296875 0.0265625
6 0.6828125 0.6265625 0.025 0.021875
6 0.690625 0.6390625 0.025 0.025
6 0.703125 0.659375 0.025 0.025
6 0.54296875 0.6484375 0.0234375 0.01875
6 0.55234375 0.67109375 0.0328125 0.0234375
6 0.55078125 0.6578125 0.0234375 0.021875
6 0.5953125 0.75 0.034375 0.028125
6 0.58984375 0.73359375 0.0296875 0.0265625
6 0.57578125 0.70859375 0.0296875 0.0234375
6 0.6546875 0.72109375 0.03125 0.0390625
6 0.75390625 0.6796875 0.0234375 0.03125
6 0.7671875 0.6703125 0.028125 0.03125
6 0.78046875 0.66328125 0.0265625 0.0328125
6 0.9375 0.7359375 0.01875 0.028125
6 0.3546875 0.60390625 0.028125 0.0359375
6 0.36796875 0.596875 0.0234375 0.028125
6 0.3796875 0.58984375 0.021875 0.0296875
6 0.39375 0.58203125 0.028125 0.0328125
6 0.4046875 0.5765625 0.028125 0.034375
6 0.44140625 0.55703125 0.0265625 0.0328125
6 0.45390625 0.54453125 0.0296875 0.0359375
6 0.35546875 0.51953125 0.0265625 0.0328125
6 0.465625 0.69453125 0.028125 0.0328125
6 0.5 0.675 0.03125 0.025
6 0.24453125 0.97890625 0.0359375 0.0359375
6 0.3265625 0.96953125 0.0375 0.0359375
