6 0.48359375 0.35859375 0.0296875 0.0359375
6 0.5640625 0.41015625 0.028125 0.0296875
6 0.5484375 0.3859375 0.028125 0.034375
5 0.27109375 0.4234375 0.0359375 0.040625
5 0.23046875 0.34453125 0.0390625 0.0359375
5 0.15546875 0.684375 0.0765625 0.0875
6 0.23359375 0.2328125 0.0296875 0.034375
6 0.18203125 0.17109375 0.0328125 0.0359375
6 0.1015625 0.075 0.03125 0.03125
6 0.07265625 0.040625 0.0359375 0.034375
5 0.5578125 0.0703125 0.059375 0.06875
6 0.5359375 0.3953125 0.025 0.03125
6 0.51328125 0.4078125 0.0296875 0.034375
6 0.43671875 0.3890625 0.0234375 0.034375
6 0.19375 0.83046875 0.034375 0.0421875
6 0.4 0.7265625 0.034375 0.034375
6 0.28046875 0.74453125 0.0359375 0.0390625
5 0.0296875 0.29921875 0.040625 0.0421875
5 0.24140625 0.50078125 0.0453125 0.0453125
5 0.24609375 0.54296875 0.0546875 0.0578125
5 0.3140625 0.42890625 0.040625 0.0421875
6 0.528125 0.4953125 0.03125 0.034375
6 0.50859375 0.34375 0.0265625 0.03125
6 0.5875 0.3953125 0.028125 0.034375
6 0.39765625 0.37890625 0.0359375 0.0265625
6 0.1328125 0.40625 0.03125 0.03125
6 0.15625 0.27421875 0.0375 0.0359375
6 0.096875 0.221875 0.034375 0.034375
6 0.07578125 0.709375 0.0390625 0.04375
6 0.03046875 0.73125 0.0328125 0.0375
6 0.54609375 0.909375 0.0328125 0.040625
