6 0.246875 0.58671875 0.04375 0.0359375
5 0.1375 0.8484375 0.059375 0.046875
5 0.18359375 0.7953125 0.0546875 0.046875
5 0.19453125 0.815625 0.0640625 0.05
5 0.40390625 0.70859375 0.0515625 0.0390625
5 0.3921875 0.86875 0.06875 0.05625
5 0.1296875 0.82734375 0.05625 0.0453125
5 0.1171875 0.81171875 0.05625 0.0453125
5 0.10859375 0.79453125 0.0484375 0.0421875
4 0.4015625 0.7921875 0.2875 0.296875
5 0.6328125 0.159375 0.05625 0.04375
5 0.77578125 0.38046875 0.0453125 0.0421875
5 0.79140625 0.40546875 0.0421875 0.0390625
5 0.8 0.41953125 0.034375 0.0296875
5 0.809375 0.4359375 0.046875 0.0375
