5 0.2546875 0.7390625 0.05625 0.075
6 0.92109375 0.6765625 0.0296875 0.03125
6 0.81796875 0.6 0.0234375 0.025
6 0.803125 0.6171875 0.021875 0.025
6 0.7859375 0.63359375 0.025 0.0296875
6 0.76875 0.65078125 0.025 0.0234375
6 0.753125 0.665625 0.025 0.021875
6 0.7328125 0.678125 0.025 0.021875
6 0.7109375 0.6921875 0.025 0.021875
6 0.690625 0.7015625 0.021875 0.021875
6 0.6703125 0.7125 0.021875 0.021875
6 0.65 0.72421875 0.025 0.0203125
6 0.62734375 0.73515625 0.0265625 0.0203125
6 0.85078125 0.61015625 0.0328125 0.0359375
6 0.35234375 0.55859375 0.0359375 0.0390625
6 0.846875 0.5203125 0.028125 0.04375
5 0.2390625 0.53515625 0.05 0.0671875
6 0.71171875 0.22421875 0.0328125 0.0421875
6 0.134375 0.1984375 0.028125 0.0375
6 0.83359375 0.06328125 0.0328125 0.0390625
