5 0.27890625 0.146875 0.0453125 0.046875
5 0.39296875 0.1234375 0.0703125 0.06875
5 0.3609375 0.32421875 0.065625 0.0703125
5 0.3203125 0.3984375 0.059375 0.065625
5 0.31953125 0.965625 0.0234375 0.040625
5 0.28984375 0.92578125 0.0359375 0.0390625
5 0.24140625 0.96015625 0.0359375 0.0421875
5 0.25546875 0.95234375 0.0328125 0.0421875
6 0.98359375 0.35859375 0.0296875 0.0359375
5 0.77109375 0.4234375 0.0359375 0.040625
5 0.73046875 0.34453125 0.0390625 0.0359375
5 0.65546875 0.684375 0.0765625 0.0875
6 0.73359375 0.2328125 0.0296875 0.034375
6 0.68203125 0.17109375 0.0328125 0.0359375
6 0.6015625 0.075 0.03125 0.03125
6 0.57265625 0.040625 0.0359375 0.034375
6 0.93671875 0.3890625 0.0234375 0.034375
6 0.69375 0.83046875 0.034375 0.0421875
6 0.9 0.7265625 0.034375 0.034375
6 0.78046875 0.74453125 0.0359375 0.0390625
5 0.52734375 0.4328125 0.0671875 0.06875
5 0.5296875 0.29921875 0.040625 0.0421875
5 0.5234375 0.25703125 0.078125 0.0765625
5 0.74140625 0.50078125 0.0453125 0.0453125
5 0.74609375 0.54296875 0.0546875 0.0578125
5 0.8140625 0.42890625 0.040625 0.0421875
6 0.89765625 0.37890625 0.0359375 0.0265625
6 0.6328125 0.40625 0.03125 0.03125
6 0.65625 0.27421875 0.0375 0.0359375
6 0.596875 0.221875 0.034375 0.034375
6 0.57578125 0.709375 0.0390625 0.04375
6 0.53046875 0.73125 0.0328125 0.0375
6 0.1640625 0.0328125 0.040625 0.04375
5 0.22421875 0.0921875 0.0390625 0.040625
6 0.02734375 0.65 0.0265625 0.034375
6 0.03046875 0.6828125 0.0234375 0.03125
6 0.04453125 0.6765625 0.0265625 0.03125
6 0.09609375 0.7484375 0.0265625 0.03125
6 0.01796875 0.7921875 0.0234375 0.03125
6 0.0828125 0.72109375 0.028125 0.0328125
6 0.05546875 0.8421875 0.0265625 0.034375
6 0.11171875 0.053125 0.0359375 0.034375
6 0.16796875 0.196875 0.0359375 0.034375
6 0.1765625 0.68046875 0.028125 0.0328125
6 0.29375 0.82890625 0.025 0.0265625
6 0.09140625 0.8203125 0.0265625 0.034375
6 0.10546875 0.815625 0.0265625 0.034375
6 0.11796875 0.80625 0.0296875 0.034375
6 0.13203125 0.8015625 0.0265625 0.034375
6 0.171875 0.8171875 0.03125 0.0375
6 0.09609375 0.86015625 0.0296875 0.0359375
6 0.109375 0.853125 0.028125 0.040625
6 0.121875 0.8453125 0.03125 0.0375
6 0.27578125 0.934375 0.0265625 0.03125
