5 0.09140625 0.58671875 0.0546875 0.0703125
5 0.1109375 0.57734375 0.0375 0.0515625
5 0.2328125 0.7921875 0.05 0.0625
5 0.24296875 0.853125 0.0484375 0.065625
6 0.2390625 0.25546875 0.025 0.0390625
6 0.37265625 0.26953125 0.0453125 0.0390625
6 0.08515625 0.65859375 0.0328125 0.0421875
6 0.14375 0.68125 0.034375 0.04375
5 0.803125 0.26484375 0.05625 0.0796875
5 0.77109375 0.2828125 0.0578125 0.075
5 0.73984375 0.30390625 0.0546875 0.0703125
5 0.65234375 0.35859375 0.0546875 0.0734375
5 0.634375 0.371875 0.05625 0.078125
5 0.61796875 0.3765625 0.0515625 0.06875
5 0.6 0.3859375 0.053125 0.071875
5 0.58359375 0.3953125 0.0515625 0.06875
5 0.62109375 0.4609375 0.0640625 0.075
5 0.54609375 0.33359375 0.0515625 0.0734375
5 0.5625 0.3203125 0.046875 0.06875
5 0.58125 0.3109375 0.046875 0.075
5 0.59921875 0.3046875 0.0484375 0.06875
5 0.61953125 0.29296875 0.0546875 0.0734375
6 0.74765625 0.70859375 0.0359375 0.0421875
6 0.84765625 0.6484375 0.0328125 0.040625
6 0.89140625 0.6296875 0.0328125 0.04375
6 0.934375 0.665625 0.040625 0.034375
6 0.971875 0.728125 0.040625 0.0375
6 0.68828125 0.74609375 0.0359375 0.0421875
6 0.69140625 0.846875 0.0421875 0.0375
