6 0.1125 0.72421875 0.025 0.0328125
5 0.53125 0.9578125 0.059375 0.075
5 0.421875 0.7671875 0.046875 0.05625
5 0.05390625 0.93984375 0.0421875 0.0578125
5 0.071875 0.93203125 0.04375 0.0609375
5 0.12890625 0.88203125 0.0546875 0.0703125
5 0.18515625 0.85703125 0.0484375 0.0703125
5 0.03359375 0.7765625 0.0453125 0.059375
5 0.22578125 0.84765625 0.0484375 0.0609375
5 0.10703125 0.640625 0.0453125 0.0625
5 0.09375 0.44296875 0.05 0.0640625
5 0.11171875 0.42734375 0.0515625 0.0671875
5 0.04921875 0.16875 0.0453125 0.059375
5 0.11640625 0.3921875 0.0484375 0.065625
5 0.0203125 0.11171875 0.040625 0.0546875
6 0.2140625 0.68359375 0.03125 0.0328125
6 0.0234375 0.43203125 0.03125 0.0359375
6 0.04453125 0.49921875 0.0234375 0.0296875
6 0.05703125 0.48984375 0.0234375 0.0296875
6 0.06796875 0.4828125 0.0265625 0.034375
6 0.15625 0.58359375 0.034375 0.0265625
6 0.16953125 0.60234375 0.0296875 0.0265625
6 0.1828125 0.6265625 0.025 0.021875
6 0.190625 0.6390625 0.025 0.025
6 0.203125 0.659375 0.025 0.025
6 0.04296875 0.6484375 0.0234375 0.01875
6 0.05234375 0.67109375 0.0328125 0.0234375
6 0.05078125 0.6578125 0.0234375 0.021875
6 0.0953125 0.75 0.034375 0.028125
6 0.08984375 0.73359375 0.0296875 0.0265625
6 0.07578125 0.70859375 0.0296875 0.0234375
6 0.1546875 0.72109375 0.03125 0.0390625
6 0.25390625 0.6796875 0.0234375 0.03125
6 0.2671875 0.6703125 0.028125 0.03125
6 0.28046875 0.66328125 0.0265625 0.0328125
6 0.4375 0.7359375 0.01875 0.028125
