5 0.09609375 0.61640625 0.0734375 0.1046875
5 0.09140625 0.08671875 0.0546875 0.0703125
5 0.1109375 0.07734375 0.0375 0.0515625
5 0.2328125 0.2921875 0.05 0.0625
5 0.24296875 0.353125 0.0484375 0.065625
5 0.3609375 0.56328125 0.05 0.0703125
5 0.0609375 0.725 0.05 0.0625
5 0.103125 0.67265625 0.053125 0.0640625
6 0.2046875 0.71796875 0.03125 0.0359375
6 0.4140625 0.60546875 0.03125 0.0421875
5 0.565625 0.46953125 0.065625 0.0796875
5 0.68359375 0.7328125 0.0703125 0.084375
5 0.54296875 0.81875 0.0671875 0.090625
5 0.48359375 0.9328125 0.0796875 0.10625
6 0.08515625 0.15859375 0.0328125 0.0421875
6 0.14375 0.18125 0.034375 0.04375
5 0.30390625 0.6671875 0.0609375 0.075
6 0.74765625 0.20859375 0.0359375 0.0421875
6 0.88984375 0.7078125 0.0421875 0.040625
6 0.84765625 0.1484375 0.0328125 0.040625
6 0.89140625 0.1296875 0.0328125 0.04375
6 0.934375 0.165625 0.040625 0.034375
6 0.971875 0.228125 0.040625 0.0375
6 0.68828125 0.24609375 0.0359375 0.0421875
6 0.69140625 0.346875 0.0421875 0.0375
6 0.7828125 0.5203125 0.04375 0.0375
6 0.8375 0.621875 0.040625 0.0375
6 0.86328125 0.66875 0.0390625 0.034375
6 0.875 0.6859375 0.040625 0.03125
