5 0.578125 0.48046875 0.040625 0.0453125
5 0.25 0.72578125 0.03125 0.0421875
5 0.29296875 0.75625 0.0234375 0.0375
5 0.31484375 0.740625 0.0234375 0.040625
5 0.284375 0.69921875 0.0375 0.0453125
5 0.290625 0.79765625 0.034375 0.0421875
5 0.26640625 0.81015625 0.0296875 0.0421875
5 0.2546875 0.82109375 0.03125 0.0390625
5 0.1015625 0.625 0.028125 0.0375
5 0.08828125 0.63203125 0.0296875 0.0359375
5 0.1140625 0.6171875 0.03125 0.0375
5 0.23515625 0.73359375 0.0328125 0.0421875
5 0.36015625 0.0890625 0.0671875 0.071875
5 0.31796875 0.16015625 0.0671875 0.0703125
5 0.81796875 0.18984375 0.0390625 0.0359375
5 0.74609375 0.2640625 0.0453125 0.046875
5 0.65859375 0.45625 0.0765625 0.0875
5 0.5875 0.7484375 0.071875 0.09375
5 0.66953125 0.9125 0.0484375 0.059375
5 0.590625 0.94765625 0.0375 0.0453125
5 0.9234375 0.859375 0.053125 0.059375
6 0.36953125 0.94140625 0.0234375 0.0296875
6 0.23359375 0.834375 0.0296875 0.034375
6 0.384375 0.9703125 0.028125 0.034375
6 0.35703125 0.946875 0.0234375 0.028125
6 0.34453125 0.95234375 0.0234375 0.0296875
5 0.9390625 0.80390625 0.046875 0.0546875
6 0.97734375 0.8921875 0.0359375 0.040625
6 0.734375 0.10703125 0.034375 0.0359375
6 0.775 0.1859375 0.0375 0.04375
6 0.90546875 0.14296875 0.0296875 0.0265625
6 0.63671875 0.1734375 0.0359375 0.0375
6 0.53203125 0.0578125 0.0421875 0.040625
5 0.5296875 0.19765625 0.06875 0.0703125
6 0.171875 0.4484375 0.028125 0.03125
6 0.28828125 0.6015625 0.0296875 0.034375
6 0.69765625 0.6015625 0.0328125 0.040625
6 0.7890625 0.51875 0.034375 0.0375
6 0.9109375 0.4984375 0.03125 0.03125
6 0.6609375 0.0359375 0.034375 0.034375
5 0.753125 0.30703125 0.046875 0.0484375
6 0.94296875 0.15078125 0.0265625 0.0328125
6 0.53359375 0.50234375 0.0265625 0.0359375
6 0.16328125 0.590625 0.0296875 0.034375
6 0.08203125 0.5953125 0.0234375 0.0375
6 0.0453125 0.6171875 0.03125 0.0375
6 0.09609375 0.5875 0.0234375 0.0375
6 0.11015625 0.58046875 0.0265625 0.0359375
6 0.1234375 0.57109375 0.028125 0.0359375
6 0.08828125 0.51796875 0.0265625 0.0359375
6 0.01796875 0.4203125 0.0265625 0.0375
6 0.075 0.49375 0.025 0.03125
6 0.98125 0.25859375 0.01875 0.0328125
