6 0.459375 0.45 0.03125 0.03125
5 0.42890625 0.8421875 0.0609375 0.046875
6 0.64453125 0.365625 0.0296875 0.025
6 0.25703125 0.3328125 0.0265625 0.034375
6 0.31640625 0.3390625 0.0296875 0.0375
6 0.25546875 0.409375 0.0265625 0.034375
6 0.26875 0.4046875 0.03125 0.040625
6 0.28359375 0.396875 0.0265625 0.034375
6 0.30078125 0.39140625 0.0296875 0.0359375
6 0.2921875 0.47734375 0.025 0.0328125
6 0.30546875 0.46796875 0.0265625 0.0296875
6 0.31953125 0.4609375 0.0265625 0.034375
6 0.33671875 0.4546875 0.0265625 0.0375
6 0.48671875 0.71875 0.0359375 0.03125
6 0.96328125 0.96640625 0.0234375 0.0296875
5 0.96484375 0.91953125 0.0421875 0.0546875
6 0.27265625 0.32578125 0.0265625 0.0359375
6 0.203125 0.371875 0.03125 0.040625
6 0.18828125 0.378125 0.0296875 0.0375
