6 0.70625 0.11171875 0.034375 0.0328125
6 0.6921875 0.1203125 0.03125 0.034375
6 0.77421875 0.0296875 0.0359375 0.040625
6 0.7390625 0.05 0.03125 0.0375
6 0.7 0.07265625 0.028125 0.0328125
6 0.7125 0.0625 0.025 0.0375
6 0.7265625 0.06015625 0.03125 0.0359375
6 0.72109375 0.10546875 0.0296875 0.0359375
6 0.734375 0.09921875 0.034375 0.0359375
6 0.76015625 0.084375 0.0328125 0.040625
6 0.9203125 0.14453125 0.025 0.0328125
5 0.45234375 0.8875 0.0703125 0.0375
5 0.44375 0.86328125 0.065625 0.0359375
5 0.4203125 0.8171875 0.075 0.040625
5 0.4125 0.79296875 0.071875 0.0390625
5 0.38125 0.746875 0.06875 0.0375
5 0.53203125 0.77265625 0.0765625 0.0578125
5 0.3515625 0.7015625 0.071875 0.034375
5 0.49296875 0.7046875 0.0796875 0.053125
5 0.3234375 0.653125 0.06875 0.0375
5 0.31484375 0.628125 0.0703125 0.0375
5 0.1625 0.721875 0.040625 0.06875
5 0.1765625 0.74609375 0.0375 0.0734375
5 0.18984375 0.7765625 0.0390625 0.078125
6 0.559375 0.59140625 0.0375 0.0421875
6 0.75 0.26484375 0.034375 0.0390625
5 0.5890625 0.709375 0.05625 0.065625
5 0.253125 0.5234375 0.075 0.025
6 0.45 0.56796875 0.040625 0.0328125
