6 0.7796875 0.79140625 0.03125 0.0296875
6 0.5609375 0.4265625 0.034375 0.03125
6 0.97421875 0.58046875 0.0203125 0.0265625
6 0.96484375 0.584375 0.0203125 0.025
6 0.9546875 0.58984375 0.021875 0.0265625
6 0.94296875 0.59375 0.0203125 0.021875
6 0.9359375 0.6 0.021875 0.025
6 0.928125 0.609375 0.01875 0.025
6 0.90625 0.61875 0.021875 0.021875
6 0.91484375 0.6109375 0.0203125 0.025
6 0.89765625 0.6234375 0.0203125 0.025
6 0.88671875 0.628125 0.0203125 0.025
6 0.8765625 0.634375 0.021875 0.021875
6 0.86796875 0.6390625 0.0234375 0.028125
6 0.85859375 0.64375 0.0234375 0.025
6 0.8484375 0.65 0.01875 0.025
6 0.8359375 0.65703125 0.025 0.0265625
6 0.9203125 0.478125 0.040625 0.034375
6 0.9703125 0.54609375 0.0375 0.0328125
6 0.9578125 0.53046875 0.040625 0.0328125
6 0.95078125 0.51796875 0.0390625 0.0359375
6 0.91640625 0.45625 0.0421875 0.034375
5 0.93515625 0.72109375 0.0484375 0.0390625
5 0.88984375 0.7234375 0.0453125 0.034375
5 0.8796875 0.70546875 0.04375 0.0328125
5 0.871875 0.6921875 0.040625 0.034375
5 0.90703125 0.66953125 0.0421875 0.0390625
5 0.85234375 0.540625 0.0359375 0.04375
5 0.8703125 0.53203125 0.03125 0.0421875
5 0.81171875 0.56015625 0.0390625 0.0484375
5 0.69453125 0.4890625 0.0546875 0.078125
5 0.796875 0.6671875 0.059375 0.078125
5 0.75703125 0.44921875 0.0484375 0.0421875
5 0.828125 0.45234375 0.046875 0.0390625
5 0.7703125 0.4875 0.046875 0.040625
