6 0.159375 0.89609375 0.040625 0.0484375
6 0.42109375 0.1765625 0.0296875 0.03125
6 0.31796875 0.1 0.0234375 0.025
6 0.303125 0.1171875 0.021875 0.025
6 0.2859375 0.13359375 0.025 0.0296875
6 0.26875 0.15078125 0.025 0.0234375
6 0.253125 0.165625 0.025 0.021875
6 0.2328125 0.178125 0.025 0.021875
6 0.2109375 0.1921875 0.025 0.021875
6 0.190625 0.2015625 0.021875 0.021875
6 0.1703125 0.2125 0.021875 0.021875
6 0.15 0.22421875 0.025 0.0203125
6 0.12734375 0.23515625 0.0265625 0.0203125
6 0.35078125 0.11015625 0.0328125 0.0359375
5 0.809375 0.29609375 0.04375 0.0359375
5 0.7890625 0.2375 0.04375 0.03125
5 0.79921875 0.2578125 0.0515625 0.040625
5 0.80859375 0.2734375 0.0484375 0.0375
5 0.6984375 0.3640625 0.04375 0.034375
5 0.721875 0.40859375 0.04375 0.0328125
5 0.71484375 0.39453125 0.0390625 0.0328125
5 0.91171875 0.9703125 0.0328125 0.034375
