5 0.159375 0.9734375 0.059375 0.025
5 0.13828125 0.934375 0.0546875 0.025
5 0.1328125 0.91484375 0.0625 0.0265625
5 0.12265625 0.8984375 0.0671875 0.025
5 0.1109375 0.87890625 0.0625 0.0265625
5 0.08359375 0.8421875 0.0546875 0.028125
5 0.08046875 0.82109375 0.0484375 0.0203125
5 0.8765625 0.36953125 0.08125 0.0578125
5 0.890625 0.3921875 0.071875 0.053125
5 0.90546875 0.415625 0.0796875 0.05625
5 0.9140625 0.440625 0.08125 0.059375
5 0.75703125 0.484375 0.0578125 0.078125
5 0.7359375 0.496875 0.05625 0.078125
5 0.715625 0.50703125 0.059375 0.0796875
5 0.67578125 0.5296875 0.0578125 0.078125
5 0.65546875 0.54140625 0.0578125 0.0796875
5 0.63125 0.54609375 0.0375 0.0484375
5 0.3171875 0.6703125 0.0375 0.034375
6 0.91015625 0.5296875 0.0328125 0.0375
6 0.61875 0.646875 0.03125 0.028125
5 0.19375 0.71640625 0.078125 0.0578125
