5 0.2546875 0.2390625 0.05625 0.075
5 0.3234375 0.9140625 0.071875 0.0875
5 0.215625 0.71640625 0.03125 0.0421875
5 0.12578125 0.92265625 0.0328125 0.0421875
5 0.14453125 0.915625 0.0328125 0.040625
6 0.659375 0.89609375 0.040625 0.0484375
6 0.92109375 0.1765625 0.0296875 0.03125
6 0.81796875 0.1 0.0234375 0.025
6 0.803125 0.1171875 0.021875 0.025
6 0.7859375 0.13359375 0.025 0.0296875
6 0.76875 0.15078125 0.025 0.0234375
6 0.753125 0.165625 0.025 0.021875
6 0.7328125 0.178125 0.025 0.021875
6 0.7109375 0.1921875 0.025 0.021875
6 0.690625 0.2015625 0.021875 0.021875
6 0.6703125 0.2125 0.021875 0.021875
6 0.65 0.22421875 0.025 0.0203125
6 0.62734375 0.23515625 0.0265625 0.0203125
6 0.85078125 0.11015625 0.0328125 0.0359375
6 0.35234375 0.05859375 0.0359375 0.0390625
5 0.2390625 0.03515625 0.05 0.0671875
