6 0.6203125 0.35859375 0.025 0.0390625
6 0.45 0.31328125 0.021875 0.0296875
6 0.58984375 0.35 0.0203125 0.034375
6 0.5734375 0.34609375 0.025 0.0390625
6 0.559375 0.3453125 0.021875 0.0375
6 0.55 0.33984375 0.021875 0.0328125
6 0.53203125 0.334375 0.0234375 0.034375
6 0.51796875 0.328125 0.0203125 0.034375
6 0.50546875 0.325 0.0203125 0.034375
6 0.49140625 0.31953125 0.0234375 0.0359375
6 0.47734375 0.3171875 0.0234375 0.0375
6 0.465625 0.315625 0.021875 0.028125
6 0.43671875 0.30859375 0.0203125 0.0359375
6 0.425 0.303125 0.021875 0.03125
6 0.39453125 0.296875 0.0203125 0.034375
6 0.6015625 0.35234375 0.01875 0.0359375
6 0.38046875 0.29375 0.0234375 0.034375
6 0.31015625 0.2765625 0.0234375 0.034375
4 0.6921875 0.63359375 0.509375 0.5203125
6 0.49375 0.4296875 0.03125 0.0375
6 0.5171875 0.53203125 0.03125 0.0359375
6 0.5046875 0.5390625 0.03125 0.0375
6 0.49140625 0.54375 0.0234375 0.034375
6 0.4203125 0.47578125 0.034375 0.0390625
6 0.4421875 0.46015625 0.034375 0.0359375
6 0.45390625 0.446875 0.0296875 0.0375
6 0.46640625 0.4421875 0.0296875 0.0375
6 0.4796875 0.4359375 0.028125 0.0375
6 0.5078125 0.42265625 0.03125 0.0390625
6 0.5421875 0.51484375 0.03125 0.0390625
6 0.5203125 0.4140625 0.03125 0.034375
6 0.53671875 0.40625 0.0359375 0.040625
6 0.36796875 0.42265625 0.0265625 0.0328125
6 0.37890625 0.415625 0.0328125 0.034375
6 0.39375 0.409375 0.028125 0.040625
6 0.4046875 0.40078125 0.03125 0.0390625
6 0.415625 0.39609375 0.03125 0.0390625
6 0.428125 0.3875 0.034375 0.034375
6 0.43984375 0.38125 0.0328125 0.0375
6 0.45546875 0.3734375 0.0328125 0.03125
6 0.53046875 0.5234375 0.0265625 0.03125
6 0.55546875 0.509375 0.0296875 0.034375
6 0.5703125 0.50234375 0.03125 0.0359375
6 0.8671875 0.6875 0.0375 0.046875
6 0.4265625 0.59375 0.034375 0.040625
6 0.4578125 0.56953125 0.0375 0.0484375
6 0.47890625 0.55234375 0.0296875 0.0359375
