6 0.4484375 0.48515625 0.03125 0.0296875
6 0.4859375 0.48984375 0.034375 0.0296875
6 0.55390625 0.484375 0.0296875 0.028125
5 0.390625 0.3171875 0.034375 0.04375
5 0.35546875 0.34140625 0.0453125 0.0609375
5 0.68984375 0.40703125 0.0703125 0.0515625
6 0.4421875 0.47265625 0.03125 0.0296875
6 0.43515625 0.46171875 0.0265625 0.0265625
6 0.4265625 0.45078125 0.034375 0.0328125
6 0.46015625 0.31171875 0.0328125 0.0265625
6 0.85390625 0.2953125 0.0328125 0.025
6 0.68515625 0.515625 0.0328125 0.028125
6 0.47109375 0.33671875 0.0265625 0.0234375
6 0.4671875 0.32421875 0.028125 0.0234375
6 0.45546875 0.30078125 0.0296875 0.0234375
6 0.390625 0.38203125 0.028125 0.0234375
6 0.44921875 0.29140625 0.0328125 0.0265625
6 0.440625 0.2765625 0.03125 0.028125
6 0.41171875 0.23046875 0.0296875 0.0234375
6 0.30859375 0.2546875 0.0265625 0.034375
6 0.26015625 0.271875 0.0140625 0.03125
6 0.38125 0.36875 0.03125 0.025
6 0.4140625 0.3671875 0.03125 0.028125
6 0.40625 0.41796875 0.03125 0.0296875
6 0.40234375 0.40625 0.0328125 0.025
6 0.39609375 0.39453125 0.0296875 0.0234375
6 0.45625 0.50703125 0.03125 0.0234375
6 0.91328125 0.1921875 0.0328125 0.028125
6 0.90390625 0.17890625 0.0359375 0.0296875
6 0.89375 0.16484375 0.034375 0.0296875
6 0.88828125 0.14921875 0.0359375 0.0296875
6 0.8078125 0.10078125 0.0375 0.0296875
6 0.896875 0.2359375 0.03125 0.03125
6 0.88828125 0.2234375 0.0328125 0.028125
6 0.88046875 0.21015625 0.0328125 0.0296875
6 0.871875 0.19609375 0.034375 0.0265625
6 0.86328125 0.18203125 0.0359375 0.0296875
6 0.85234375 0.1671875 0.0328125 0.028125
6 0.8390625 0.159375 0.034375 0.025
6 0.83203125 0.14609375 0.0390625 0.0328125
6 0.82734375 0.13359375 0.0390625 0.0296875
6 0.81328125 0.1140625 0.0390625 0.028125
6 0.80078125 0.08515625 0.0359375 0.0296875
6 0.79453125 0.06875 0.0390625 0.028125
6 0.790625 0.05546875 0.0375 0.0296875
6 0.7796875 0.0453125 0.040625 0.034375
6 0.77265625 0.03359375 0.0390625 0.0296875
6 0.7640625 0.02109375 0.0375 0.0328125
6 0.834375 0.0671875 0.034375 0.028125
6 0.84140625 0.08203125 0.0328125 0.0265625
6 0.8796875 0.13515625 0.034375 0.0296875
