5 0.125 0.14609375 0.078125 0.0984375
5 0.23671875 0.37109375 0.0578125 0.0671875
6 0.2546875 0.2390625 0.028125 0.03125
5 0.58046875 0.671875 0.0515625 0.059375
6 0.240625 0.928125 0.025 0.03125
6 0.603125 0.978125 0.034375 0.040625
6 0.55625 0.77109375 0.028125 0.0328125
6 0.1171875 0.7796875 0.028125 0.025
5 0.42265625 0.67890625 0.0765625 0.0984375
5 0.39609375 0.315625 0.0578125 0.078125
6 0.5140625 0.53828125 0.021875 0.0296875
6 0.46015625 0.56875 0.0296875 0.034375
6 0.540625 0.0171875 0.03125 0.021875
6 0.58203125 0.03359375 0.0296875 0.0234375
6 0.59609375 0.05 0.0296875 0.025
