6 0.959375 0.47890625 0.03125 0.0234375
6 0.8859375 0.5203125 0.034375 0.028125
6 0.959375 0.38046875 0.04375 0.0328125
6 0.94921875 0.3625 0.0453125 0.034375
6 0.9078125 0.2375 0.025 0.034375
6 0.590625 0.96796875 0.034375 0.0296875
6 0.55546875 0.90625 0.0296875 0.025
6 0.496875 0.92109375 0.025 0.0296875
6 0.515625 0.840625 0.028125 0.021875
6 0.43515625 0.81640625 0.0359375 0.0421875
6 0.40703125 0.7734375 0.0296875 0.03125
6 0.459375 0.7421875 0.03125 0.025
5 0.46328125 0.86875 0.0484375 0.05625
6 0.85 0.54296875 0.03125 0.0234375
6 0.39296875 0.60234375 0.0296875 0.0234375
6 0.36015625 0.68984375 0.0265625 0.0359375
6 0.38671875 0.590625 0.0265625 0.021875
6 0.3796875 0.57734375 0.028125 0.0234375
6 0.3734375 0.565625 0.028125 0.021875
6 0.9296875 0.49296875 0.028125 0.0203125
6 0.18046875 0.4390625 0.0328125 0.028125
6 0.9734375 0.4109375 0.028125 0.025
