6 0.97421875 0.784375 0.0421875 0.046875
6 0.0296875 0.88828125 0.03125 0.0234375
6 0.0421875 0.9125 0.03125 0.025
6 0.0671875 0.9515625 0.034375 0.028125
6 0.73046875 0.21328125 0.0359375 0.0328125
6 0.66328125 0.08515625 0.0265625 0.0234375
6 0.65546875 0.0734375 0.0328125 0.025
6 0.64921875 0.0609375 0.0234375 0.021875
6 0.63515625 0.03828125 0.0296875 0.0234375
6 0.62578125 0.0140625 0.0265625 0.025
6 0.66640625 0.10234375 0.0390625 0.0296875
6 0.6453125 0.2015625 0.028125 0.021875
6 0.41796875 0.78125 0.0421875 0.03125
