6 0.0984375 0.4609375 0.03125 0.034375
5 0.125 0.64609375 0.078125 0.0984375
5 0.23671875 0.87109375 0.0578125 0.0671875
6 0.2546875 0.7390625 0.028125 0.03125
5 0.39609375 0.815625 0.0578125 0.078125
6 0.5 0.1875 0.028125 0.03125
6 0.46953125 0.13046875 0.0265625 0.0359375
6 0.4578125 0.13828125 0.028125 0.0359375
6 0.4375 0.1484375 0.025 0.03125
6 0.42421875 0.15390625 0.0234375 0.0328125
6 0.40234375 0.165625 0.0234375 0.03125
6 0.37265625 0.1453125 0.0265625 0.03125
6 0.3859375 0.13828125 0.03125 0.0359375
6 0.40078125 0.13046875 0.0265625 0.0328125
6 0.4140625 0.1203125 0.03125 0.0375
6 0.42734375 0.11484375 0.0296875 0.0390625
6 0.44140625 0.109375 0.0296875 0.0375
6 0.48203125 0.0859375 0.0265625 0.034375
6 0.50546875 0.07109375 0.0234375 0.0296875
6 0.52109375 0.0640625 0.0296875 0.034375
6 0.53515625 0.0578125 0.0234375 0.034375
6 0.57734375 0.14453125 0.0296875 0.0359375
6 0.5640625 0.15390625 0.025 0.0328125
6 0.5515625 0.16171875 0.025 0.0328125
6 0.49375 0.115625 0.03125 0.034375
6 0.53125 0.0953125 0.03125 0.0375
6 0.546875 0.0875 0.028125 0.034375
6 0.41015625 0.05625 0.0296875 0.03125
6 0.334375 0.06796875 0.021875 0.0296875
6 0.34453125 0.05859375 0.0203125 0.0265625
6 0.35703125 0.05078125 0.0234375 0.0296875
6 0.37109375 0.04375 0.0234375 0.03125
6 0.38359375 0.03515625 0.0234375 0.0359375
6 0.396875 0.028125 0.025 0.03125
6 0.4 0.0640625 0.03125 0.034375
6 0.421875 0.04921875 0.028125 0.0359375
6 0.56015625 0.0796875 0.0296875 0.0375
6 0.43515625 0.04140625 0.0296875 0.0328125
6 0.45 0.03671875 0.03125 0.0359375
6 0.46328125 0.0296875 0.0265625 0.034375
6 0.47578125 0.02109375 0.0265625 0.0328125
6 0.48828125 0.01640625 0.0265625 0.0328125
6 0.5390625 0.16640625 0.021875 0.0296875
6 0.48671875 0.196875 0.0234375 0.034375
6 0.47421875 0.20234375 0.0234375 0.0328125
6 0.60234375 0.415625 0.0328125 0.025
6 0.46171875 0.2109375 0.0234375 0.03125
6 0.45 0.215625 0.028125 0.034375
6 0.5953125 0.1765625 0.03125 0.0375
6 0.52890625 0.384375 0.0296875 0.021875
6 0.496875 0.44375 0.034375 0.025
6 0.53203125 0.42578125 0.0265625 0.0203125
6 0.559375 0.4125 0.025 0.01875
6 0.59375 0.3921875 0.034375 0.028125
6 0.6109375 0.43671875 0.0375 0.0296875
6 0.53359375 0.5046875 0.0265625 0.021875
6 0.540625 0.5171875 0.03125 0.021875
6 0.58203125 0.53359375 0.0296875 0.0234375
6 0.63046875 0.46875 0.0328125 0.028125
6 0.640625 0.4828125 0.028125 0.021875
6 0.6421875 0.5015625 0.028125 0.021875
6 0.59609375 0.55 0.0296875 0.025
