6 0.61171875 0.97734375 0.0234375 0.0296875
6 0.66796875 0.97109375 0.0328125 0.0234375
6 0.66015625 0.9578125 0.0328125 0.025
6 0.65078125 0.9453125 0.0296875 0.025
6 0.64609375 0.9328125 0.0328125 0.028125
6 0.63984375 0.91796875 0.0296875 0.0234375
6 0.62109375 0.89375 0.0328125 0.028125
6 0.47421875 0.784375 0.0421875 0.046875
6 0.5609375 0.77421875 0.03125 0.0265625
6 0.8390625 0.21875 0.03125 0.025
6 0.60859375 0.14609375 0.0296875 0.0296875
6 0.9625 0.23515625 0.05 0.0203125
5 0.6125 0.084375 0.178125 0.09375
6 0.23046875 0.21328125 0.0359375 0.0328125
6 0.16328125 0.08515625 0.0265625 0.0234375
6 0.15546875 0.0734375 0.0328125 0.025
6 0.14921875 0.0609375 0.0234375 0.021875
6 0.13515625 0.03828125 0.0296875 0.0234375
6 0.12578125 0.0140625 0.0265625 0.025
6 0.16640625 0.10234375 0.0390625 0.0296875
6 0.1453125 0.2015625 0.028125 0.021875
