6 0.24921875 0.8078125 0.0265625 0.025
6 0.428125 0.9125 0.025 0.021875
5 0.58046875 0.171875 0.0515625 0.059375
6 0.240625 0.428125 0.025 0.03125
6 0.603125 0.478125 0.034375 0.040625
6 0.55625 0.27109375 0.028125 0.0328125
6 0.1171875 0.2796875 0.028125 0.025
5 0.42265625 0.17890625 0.0765625 0.0984375
6 0.5140625 0.03828125 0.021875 0.0296875
6 0.46015625 0.06875 0.0296875 0.034375
5 0.734375 0.590625 0.059375 0.078125
6 0.8484375 0.82421875 0.03125 0.0359375
6 0.92890625 0.8875 0.0359375 0.040625
5 0.64453125 0.85859375 0.0828125 0.0796875
5 0.72109375 0.7 0.0578125 0.075
5 0.8390625 0.72890625 0.046875 0.0578125
5 0.75078125 0.578125 0.0515625 0.059375
5 0.684375 0.55234375 0.065625 0.0796875
