6 0.21796875 0.2015625 0.0234375 0.028125
6 0.03203125 0.25703125 0.0234375 0.0296875
6 0.36875 0.215625 0.028125 0.021875
6 0.38359375 0.228125 0.0328125 0.025
6 0.3921875 0.24609375 0.028125 0.0234375
6 0.403125 0.26171875 0.028125 0.0234375
6 0.409375 0.2765625 0.028125 0.021875
6 0.02421875 0.39296875 0.0234375 0.0296875
6 0.02109375 0.5640625 0.0296875 0.034375
6 0.03515625 0.5578125 0.0234375 0.034375
6 0.07734375 0.64453125 0.0296875 0.0359375
6 0.0640625 0.65390625 0.025 0.0328125
6 0.0515625 0.66171875 0.025 0.0328125
6 0.03125 0.5953125 0.03125 0.0375
6 0.046875 0.5875 0.028125 0.034375
6 0.06015625 0.5796875 0.0296875 0.0375
6 0.015625 0.49921875 0.028125 0.0328125
6 0.02734375 0.4921875 0.0296875 0.034375
6 0.0390625 0.66640625 0.021875 0.0296875
6 0.10234375 0.915625 0.0328125 0.025
6 0.0953125 0.6765625 0.03125 0.0375
6 0.02890625 0.884375 0.0296875 0.021875
6 0.03203125 0.92578125 0.0265625 0.0203125
6 0.059375 0.9125 0.025 0.01875
6 0.09375 0.8921875 0.034375 0.028125
6 0.1109375 0.93671875 0.0375 0.0296875
6 0.13046875 0.96875 0.0328125 0.028125
6 0.140625 0.9828125 0.028125 0.021875
