6 0.17265625 0.0796875 0.0609375 0.021875
6 0.0515625 0.84765625 0.03125 0.0515625
6 0.0765625 0.84375 0.025 0.05625
6 0.13671875 0.84453125 0.0296875 0.0546875
6 0.16171875 0.83671875 0.0234375 0.0421875
6 0.19140625 0.834375 0.0328125 0.05625
6 0.23515625 0.8375 0.0296875 0.0625
6 0.2640625 0.83828125 0.03125 0.0578125
6 0.31171875 0.84375 0.0328125 0.059375
6 0.1296875 0.95 0.028125 0.053125
6 0.43046875 0.94375 0.0328125 0.053125
6 0.39921875 0.94296875 0.0234375 0.0453125
6 0.63984375 0.971875 0.0546875 0.021875
6 0.6390625 0.94609375 0.05625 0.0234375
