5 0.93203125 0.06640625 0.0515625 0.0390625
6 0.96796875 0.121875 0.0328125 0.03125
6 0.95859375 0.2078125 0.0296875 0.025
6 0.8640625 0.1453125 0.03125 0.034375
6 0.69765625 0.146875 0.0234375 0.03125
4 0.7578125 0.43046875 0.35625 0.3234375
6 0.9578125 0.10546875 0.0375 0.0296875
5 0.91796875 0.04609375 0.0515625 0.0390625
5 0.903125 0.0265625 0.05 0.0375
5 0.71015625 0.1984375 0.0390625 0.046875
5 0.6609375 0.22578125 0.040625 0.0515625
5 0.64375 0.23359375 0.034375 0.0484375
5 0.621875 0.19453125 0.0375 0.0484375
6 0.8828125 0.1375 0.046875 0.053125
6 0.91015625 0.1203125 0.0421875 0.053125
