6 0.5515625 0.34765625 0.03125 0.0515625
6 0.5765625 0.34375 0.025 0.05625
6 0.63671875 0.34453125 0.0296875 0.0546875
6 0.66171875 0.33671875 0.0234375 0.0421875
6 0.69140625 0.334375 0.0328125 0.05625
6 0.73515625 0.3375 0.0296875 0.0625
6 0.7640625 0.33828125 0.03125 0.0578125
6 0.81171875 0.34375 0.0328125 0.059375
6 0.6296875 0.45 0.028125 0.053125
6 0.93046875 0.44375 0.0328125 0.053125
6 0.89921875 0.44296875 0.0234375 0.0453125
6 0.5140625 0.51328125 0.0625 0.0234375
4 0.17890625 0.6375 0.1828125 0.271875
