6 0.2515625 0.321875 0.046875 0.021875
6 0.6453125 0.63515625 0.034375 0.0484375
6 0.559375 0.58828125 0.046875 0.0546875
6 0.5984375 0.5828125 0.04375 0.0625
6 0.64140625 0.57734375 0.0515625 0.0609375
6 0.67109375 0.58203125 0.0421875 0.0484375
6 0.70390625 0.57890625 0.0484375 0.0546875
6 0.73984375 0.58125 0.0453125 0.059375
6 0.7734375 0.5765625 0.04375 0.053125
6 0.78125 0.634375 0.03125 0.0375
6 0.81640625 0.6234375 0.0453125 0.0625
6 0.8578125 0.4515625 0.059375 0.05
6 0.84921875 0.41171875 0.0546875 0.0484375
6 0.91875 0.2921875 0.046875 0.01875
6 0.90625 0.21640625 0.053125 0.0234375
6 0.84140625 0.25234375 0.0546875 0.0421875
6 0.90390625 0.171875 0.0546875 0.028125
6 0.83203125 0.12578125 0.0578125 0.0484375
6 0.5046875 0.640625 0.0375 0.05
6 0.2375 0.04140625 0.06875 0.0296875
