6 0.14765625 0.19765625 0.0265625 0.0296875
6 0.1234375 0.25078125 0.021875 0.0265625
6 0.21484375 0.95 0.0265625 0.03125
6 0.1890625 0.96484375 0.025 0.0328125
6 0.29765625 0.78203125 0.0296875 0.0234375
5 0.34140625 0.77421875 0.0609375 0.0421875
6 0.365625 0.44296875 0.03125 0.0234375
6 0.528125 0.3359375 0.034375 0.028125
6 0.0140625 0.7421875 0.025 0.03125
6 0.27890625 0.79765625 0.0296875 0.0328125
6 0.10859375 0.2171875 0.0265625 0.03125
5 0.89765625 0.0546875 0.0765625 0.096875
5 0.82421875 0.0828125 0.0734375 0.090625
6 0.56171875 0.50625 0.0453125 0.03125
6 0.72578125 0.45703125 0.0359375 0.0265625
6 0.746875 0.53203125 0.028125 0.0328125
6 0.765625 0.56015625 0.025 0.0296875
6 0.79296875 0.6140625 0.0203125 0.028125
6 0.825 0.66796875 0.021875 0.0296875
6 0.8921875 0.9703125 0.034375 0.028125
