5 0.93203125 0.56640625 0.0515625 0.0390625
6 0.96796875 0.621875 0.0328125 0.03125
6 0.95859375 0.7078125 0.0296875 0.025
6 0.8640625 0.6453125 0.03125 0.034375
6 0.69765625 0.646875 0.0234375 0.03125
6 0.9578125 0.60546875 0.0375 0.0296875
5 0.91796875 0.54609375 0.0515625 0.0390625
5 0.903125 0.5265625 0.05 0.0375
6 0.9703125 0.29453125 0.04375 0.0328125
6 0.9640625 0.275 0.04375 0.03125
6 0.8984375 0.50546875 0.04375 0.0328125
5 0.71015625 0.6984375 0.0390625 0.046875
5 0.6609375 0.72578125 0.040625 0.0515625
5 0.64375 0.73359375 0.034375 0.0484375
5 0.621875 0.69453125 0.0375 0.0484375
6 0.8828125 0.6375 0.046875 0.053125
6 0.91015625 0.6203125 0.0421875 0.053125
