6 0.51015625 0.1828125 0.0484375 0.025
6 0.1453125 0.63515625 0.034375 0.0484375
6 0.059375 0.58828125 0.046875 0.0546875
6 0.0984375 0.5828125 0.04375 0.0625
6 0.14140625 0.57734375 0.0515625 0.0609375
6 0.17109375 0.58203125 0.0421875 0.0484375
6 0.20390625 0.57890625 0.0484375 0.0546875
6 0.23984375 0.58125 0.0453125 0.059375
6 0.2734375 0.5765625 0.04375 0.053125
6 0.28125 0.634375 0.03125 0.0375
6 0.31640625 0.6234375 0.0453125 0.0625
6 0.3578125 0.4515625 0.059375 0.05
6 0.34921875 0.41171875 0.0546875 0.0484375
6 0.51015625 0.39296875 0.0609375 0.0296875
6 0.41875 0.2921875 0.046875 0.01875
6 0.40625 0.21640625 0.053125 0.0234375
6 0.34140625 0.25234375 0.0546875 0.0421875
6 0.40390625 0.171875 0.0546875 0.028125
6 0.33203125 0.12578125 0.0578125 0.0484375
6 0.5078125 0.2109375 0.05 0.021875
6 0.51328125 0.2390625 0.0578125 0.021875
6 0.74765625 0.240625 0.0734375 0.0375
6 0.72265625 0.11015625 0.0515625 0.0265625
6 0.86171875 0.51640625 0.0453125 0.0546875
6 0.8359375 0.50703125 0.04375 0.0484375
