6 0.81875 0.92734375 0.05625 0.0453125
6 0.31796875 0.79765625 0.0328125 0.0546875
6 0.76171875 0.5046875 0.0546875 0.0375
6 0.290625 0.5171875 0.03125 0.053125
6 0.2015625 0.67421875 0.065625 0.0265625
6 0.1671875 0.4109375 0.0625 0.025
6 0.1640625 0.38125 0.065625 0.025
6 0.16328125 0.35625 0.0515625 0.021875
6 0.15 0.19765625 0.05 0.0203125
6 0.1484375 0.16796875 0.053125 0.0203125
6 0.14921875 0.14453125 0.0546875 0.0265625
6 0.14453125 0.09453125 0.0546875 0.0234375
6 0.14375 0.02265625 0.053125 0.0203125
