6 0.0515625 0.34765625 0.03125 0.0515625
6 0.0765625 0.34375 0.025 0.05625
6 0.13671875 0.34453125 0.0296875 0.0546875
6 0.16171875 0.33671875 0.0234375 0.0421875
6 0.19140625 0.334375 0.0328125 0.05625
6 0.23515625 0.3375 0.0296875 0.0625
6 0.2640625 0.33828125 0.03125 0.0578125
6 0.31171875 0.34375 0.0328125 0.059375
6 0.1296875 0.45 0.028125 0.053125
6 0.43046875 0.44375 0.0328125 0.053125
6 0.39921875 0.44296875 0.0234375 0.0453125
6 0.6671875 0.9109375 0.0625 0.025
6 0.6640625 0.88125 0.065625 0.025
6 0.66328125 0.85625 0.0515625 0.021875
6 0.65 0.69765625 0.05 0.0203125
6 0.6484375 0.66796875 0.053125 0.0203125
6 0.64921875 0.64453125 0.0546875 0.0265625
6 0.64453125 0.59453125 0.0546875 0.0234375
6 0.64375 0.52265625 0.053125 0.0203125
6 0.63984375 0.4953125 0.0546875 0.021875
6 0.63984375 0.471875 0.0546875 0.021875
6 0.6390625 0.44609375 0.05625 0.0234375
