6 0.07578125 0.03359375 0.0265625 0.0328125
6 0.05 0.04609375 0.021875 0.0296875
6 0.0375 0.0546875 0.021875 0.028125
6 0.02734375 0.06171875 0.0265625 0.0296875
6 0.03359375 0.02109375 0.0265625 0.0328125
6 0.0609375 0.03671875 0.03125 0.0359375
6 0.090625 0.02890625 0.025 0.0296875
6 0.19765625 0.02265625 0.0359375 0.0265625
6 0.10078125 0.01953125 0.0265625 0.0296875
6 0.15625 0.0890625 0.025 0.03125
6 0.1421875 0.09609375 0.025 0.0296875
6 0.13125 0.10703125 0.028125 0.0296875
6 0.11875 0.11171875 0.025 0.0296875
6 0.09609375 0.125 0.0265625 0.034375
6 0.0828125 0.13125 0.028125 0.034375
6 0.04609375 0.15078125 0.0265625 0.0296875
6 0.01953125 0.1328125 0.0265625 0.034375
6 0.03046875 0.12578125 0.0265625 0.0296875
6 0.0671875 0.1078125 0.025 0.028125
6 0.078125 0.09921875 0.021875 0.0296875
6 0.10390625 0.0828125 0.0234375 0.03125
6 0.11640625 0.078125 0.0234375 0.025
6 0.12890625 0.06953125 0.0234375 0.0265625
6 0.13984375 0.06484375 0.0234375 0.0265625
6 0.15234375 0.0546875 0.0265625 0.025
6 0.64765625 0.19765625 0.0265625 0.0296875
6 0.6234375 0.25078125 0.021875 0.0265625
6 0.16796875 0.084375 0.0265625 0.03125
6 0.20625 0.03359375 0.034375 0.0265625
6 0.2140625 0.0453125 0.034375 0.028125
6 0.253125 0.2390625 0.03125 0.0375
6 0.240625 0.209375 0.028125 0.034375
6 0.225 0.2171875 0.025 0.03125
6 0.21640625 0.225 0.0265625 0.03125
6 0.03515625 0.2234375 0.0265625 0.03125
6 0.12265625 0.17421875 0.0296875 0.0359375
6 0.13671875 0.16875 0.0265625 0.03125
6 0.1515625 0.19609375 0.03125 0.0359375
6 0.10234375 0.225 0.0265625 0.03125
6 0.18828125 0.17734375 0.0265625 0.0296875
6 0.1984375 0.16484375 0.025 0.0296875
6 0.2125 0.16015625 0.028125 0.0328125
6 0.18515625 0.140625 0.0265625 0.03125
6 0.1984375 0.1328125 0.025 0.03125
6 0.16171875 0.153125 0.0234375 0.03125
6 0.17421875 0.18046875 0.0234375 0.0296875
6 0.25390625 0.121875 0.0296875 0.025
6 0.23515625 0.0890625 0.0265625 0.021875
6 0.225 0.07421875 0.03125 0.0234375
6 0.2421875 0.2453125 0.025 0.03125
6 0.23046875 0.2546875 0.0296875 0.03125
6 0.15625 0.26015625 0.025 0.0296875
6 0.71484375 0.95 0.0265625 0.03125
6 0.6890625 0.96484375 0.025 0.0328125
6 0.14453125 0.2984375 0.0234375 0.028125
6 0.79765625 0.78203125 0.0296875 0.0234375
5 0.84140625 0.77421875 0.0609375 0.0421875
6 0.865625 0.44296875 0.03125 0.0234375
6 0.21796875 0.26328125 0.0328125 0.0359375
6 0.18125 0.2796875 0.028125 0.034375
6 0.5140625 0.7421875 0.025 0.03125
6 0.77890625 0.79765625 0.0296875 0.0328125
6 0.1140625 0.2140625 0.028125 0.034375
5 0.31015625 0.68828125 0.0421875 0.0546875
6 0.17734375 0.24453125 0.0234375 0.0296875
6 0.18984375 0.23671875 0.0234375 0.0328125
6 0.2046875 0.23203125 0.025 0.0296875
6 0.05546875 0.11171875 0.0203125 0.0265625
6 0.60859375 0.2171875 0.0265625 0.03125
6 0.3578125 0.30625 0.03125 0.025
6 0.3796875 0.34765625 0.028125 0.0203125
5 0.28671875 0.6984375 0.0421875 0.053125
