6 0.9484375 0.93515625 0.025 0.0265625
6 0.89609375 0.94453125 0.0234375 0.0328125
6 0.91875 0.88203125 0.025 0.0328125
6 0.90390625 0.85546875 0.0234375 0.0296875
6 0.9203125 0.8484375 0.025 0.034375
6 0.71484375 0.45 0.0265625 0.03125
6 0.9328125 0.840625 0.028125 0.034375
6 0.946875 0.8328125 0.028125 0.03125
6 0.8765625 0.8046875 0.025 0.03125
6 0.8625 0.77734375 0.025 0.0296875
6 0.8765625 0.771875 0.028125 0.034375
6 0.8890625 0.7640625 0.028125 0.03125
6 0.740625 0.534375 0.028125 0.03125
6 0.7734375 0.52109375 0.028125 0.0328125
6 0.6890625 0.46484375 0.025 0.0328125
6 0.79765625 0.28203125 0.0296875 0.0234375
5 0.84140625 0.27421875 0.0609375 0.0421875
6 0.72890625 0.509375 0.0234375 0.028125
6 0.715625 0.51796875 0.025 0.0328125
6 0.85625 0.96640625 0.025 0.0296875
6 0.84453125 0.97265625 0.0171875 0.0203125
6 0.5140625 0.2421875 0.025 0.03125
6 0.75703125 0.5296875 0.0265625 0.028125
6 0.72890625 0.54609375 0.0265625 0.0328125
6 0.77890625 0.29765625 0.0296875 0.0328125
5 0.31015625 0.18828125 0.0421875 0.0546875
5 0.28671875 0.1984375 0.0421875 0.053125
