6 0.07578125 0.53359375 0.0265625 0.0328125
6 0.05 0.54609375 0.021875 0.0296875
6 0.0375 0.5546875 0.021875 0.028125
6 0.02734375 0.56171875 0.0265625 0.0296875
6 0.03359375 0.52109375 0.0265625 0.0328125
6 0.0609375 0.5046875 0.021875 0.028125
6 0.08515625 0.49296875 0.0203125 0.0296875
6 0.11171875 0.47734375 0.0234375 0.0296875
6 0.16796875 0.47109375 0.0328125 0.0234375
6 0.16015625 0.4578125 0.0328125 0.025
6 0.15078125 0.4453125 0.0296875 0.025
6 0.14609375 0.4328125 0.0328125 0.028125
6 0.13984375 0.41796875 0.0296875 0.0234375
6 0.12109375 0.39375 0.0328125 0.028125
6 0.74921875 0.3078125 0.0265625 0.025
6 0.0609375 0.53671875 0.03125 0.0359375
6 0.090625 0.52890625 0.025 0.0296875
6 0.19765625 0.52265625 0.0359375 0.0265625
6 0.10078125 0.51953125 0.0265625 0.0296875
6 0.15625 0.5890625 0.025 0.03125
6 0.1421875 0.59609375 0.025 0.0296875
6 0.13125 0.60703125 0.028125 0.0296875
6 0.11875 0.61171875 0.025 0.0296875
6 0.09609375 0.625 0.0265625 0.034375
6 0.0828125 0.63125 0.028125 0.034375
6 0.04609375 0.65078125 0.0265625 0.0296875
6 0.01953125 0.6328125 0.0265625 0.034375
6 0.03046875 0.62578125 0.0265625 0.0296875
6 0.0671875 0.6078125 0.025 0.028125
6 0.078125 0.59921875 0.021875 0.0296875
6 0.10390625 0.5828125 0.0234375 0.03125
6 0.11640625 0.578125 0.0234375 0.025
6 0.12890625 0.56953125 0.0234375 0.0265625
6 0.13984375 0.56484375 0.0234375 0.0265625
6 0.15234375 0.5546875 0.0265625 0.025
6 0.12578125 0.50546875 0.0296875 0.0359375
6 0.11015625 0.5109375 0.0265625 0.028125
6 0.928125 0.4125 0.025 0.021875
6 0.64765625 0.69765625 0.0265625 0.0296875
6 0.6234375 0.75078125 0.021875 0.0265625
6 0.0609375 0.27421875 0.03125 0.0265625
6 0.16796875 0.584375 0.0265625 0.03125
6 0.20625 0.53359375 0.034375 0.0265625
6 0.2140625 0.5453125 0.034375 0.028125
6 0.253125 0.7390625 0.03125 0.0375
6 0.240625 0.709375 0.028125 0.034375
6 0.225 0.7171875 0.025 0.03125
6 0.21640625 0.725 0.0265625 0.03125
6 0.03515625 0.7234375 0.0265625 0.03125
6 0.12265625 0.67421875 0.0296875 0.0359375
6 0.13671875 0.66875 0.0265625 0.03125
6 0.1515625 0.69609375 0.03125 0.0359375
6 0.10234375 0.725 0.0265625 0.03125
6 0.18828125 0.67734375 0.0265625 0.0296875
6 0.1984375 0.66484375 0.025 0.0296875
6 0.2125 0.66015625 0.028125 0.0328125
6 0.18515625 0.640625 0.0265625 0.03125
6 0.1984375 0.6328125 0.025 0.03125
6 0.16171875 0.653125 0.0234375 0.03125
6 0.17421875 0.68046875 0.0234375 0.0296875
6 0.25390625 0.621875 0.0296875 0.025
6 0.23515625 0.5890625 0.0265625 0.021875
6 0.225 0.57421875 0.03125 0.0234375
6 0.2421875 0.7453125 0.025 0.03125
6 0.23046875 0.7546875 0.0296875 0.03125
6 0.15625 0.76015625 0.025 0.0296875
6 0.14453125 0.7984375 0.0234375 0.028125
6 0.865625 0.94296875 0.03125 0.0234375
6 0.21796875 0.76328125 0.0328125 0.0359375
6 0.18125 0.7796875 0.028125 0.034375
6 0.1140625 0.7140625 0.028125 0.034375
6 0.17734375 0.74453125 0.0234375 0.0296875
6 0.18984375 0.73671875 0.0234375 0.0328125
6 0.2046875 0.73203125 0.025 0.0296875
6 0.05546875 0.61171875 0.0203125 0.0265625
6 0.60859375 0.7171875 0.0265625 0.03125
6 0.3578125 0.80625 0.03125 0.025
6 0.3796875 0.84765625 0.028125 0.0203125
