6 0.96875 0.69609375 0.021875 0.0265625
6 0.9484375 0.43515625 0.025 0.0265625
6 0.89609375 0.44453125 0.0234375 0.0328125
6 0.91875 0.38203125 0.025 0.0328125
6 0.90390625 0.35546875 0.0234375 0.0296875
6 0.9203125 0.3484375 0.025 0.034375
6 0.9328125 0.340625 0.028125 0.034375
6 0.946875 0.3328125 0.028125 0.03125
6 0.8765625 0.3046875 0.025 0.03125
6 0.8625 0.27734375 0.025 0.0296875
6 0.8765625 0.271875 0.028125 0.034375
6 0.8890625 0.2640625 0.028125 0.03125
6 0.740625 0.034375 0.028125 0.03125
6 0.7734375 0.02109375 0.028125 0.0328125
6 0.715625 0.01796875 0.025 0.0328125
6 0.85625 0.46640625 0.025 0.0296875
6 0.84453125 0.47265625 0.0171875 0.0203125
6 0.81484375 0.6453125 0.0453125 0.03125
5 0.853125 0.76875 0.040625 0.053125
5 0.87109375 0.75546875 0.0390625 0.0453125
5 0.95859375 0.71015625 0.0359375 0.0421875
6 0.75703125 0.0296875 0.0265625 0.028125
6 0.72890625 0.04609375 0.0265625 0.0328125
