6 0.57578125 0.53359375 0.0265625 0.0328125
6 0.55 0.54609375 0.021875 0.0296875
6 0.5375 0.5546875 0.021875 0.028125
6 0.52734375 0.56171875 0.0265625 0.0296875
6 0.47421875 0.55390625 0.0234375 0.0296875
6 0.46171875 0.56015625 0.0203125 0.0265625
6 0.446875 0.5703125 0.021875 0.025
6 0.43359375 0.57578125 0.0234375 0.0234375
6 0.53359375 0.52109375 0.0265625 0.0328125
6 0.5609375 0.5046875 0.021875 0.028125
6 0.58515625 0.49296875 0.0203125 0.0296875
6 0.61171875 0.47734375 0.0234375 0.0296875
6 0.66796875 0.47109375 0.0328125 0.0234375
6 0.66015625 0.4578125 0.0328125 0.025
6 0.65078125 0.4453125 0.0296875 0.025
6 0.64609375 0.4328125 0.0328125 0.028125
6 0.63984375 0.41796875 0.0296875 0.0234375
6 0.62109375 0.39375 0.0328125 0.028125
6 0.47421875 0.284375 0.0421875 0.046875
6 0.5609375 0.53671875 0.03125 0.0359375
6 0.590625 0.52890625 0.025 0.0296875
6 0.69765625 0.52265625 0.0359375 0.0265625
6 0.60078125 0.51953125 0.0265625 0.0296875
6 0.65625 0.5890625 0.025 0.03125
6 0.6421875 0.59609375 0.025 0.0296875
6 0.63125 0.60703125 0.028125 0.0296875
6 0.61875 0.61171875 0.025 0.0296875
6 0.59609375 0.625 0.0265625 0.034375
6 0.5828125 0.63125 0.028125 0.034375
6 0.54609375 0.65078125 0.0265625 0.0296875
6 0.50546875 0.63828125 0.0234375 0.0328125
6 0.51953125 0.6328125 0.0265625 0.034375
6 0.53046875 0.62578125 0.0265625 0.0296875
6 0.5671875 0.6078125 0.025 0.028125
6 0.578125 0.59921875 0.021875 0.0296875
6 0.60390625 0.5828125 0.0234375 0.03125
6 0.61640625 0.578125 0.0234375 0.025
6 0.62890625 0.56953125 0.0234375 0.0265625
6 0.63984375 0.56484375 0.0234375 0.0265625
6 0.65234375 0.5546875 0.0265625 0.025
6 0.62578125 0.50546875 0.0296875 0.0359375
6 0.61015625 0.5109375 0.0265625 0.028125
6 0.5609375 0.27421875 0.03125 0.0265625
6 0.66796875 0.584375 0.0265625 0.03125
6 0.70625 0.53359375 0.034375 0.0265625
6 0.7140625 0.5453125 0.034375 0.028125
6 0.753125 0.7390625 0.03125 0.0375
6 0.740625 0.709375 0.028125 0.034375
6 0.725 0.7171875 0.025 0.03125
6 0.71640625 0.725 0.0265625 0.03125
6 0.53515625 0.7234375 0.0265625 0.03125
6 0.62265625 0.67421875 0.0296875 0.0359375
6 0.63671875 0.66875 0.0265625 0.03125
6 0.6515625 0.69609375 0.03125 0.0359375
6 0.60234375 0.725 0.0265625 0.03125
6 0.68828125 0.67734375 0.0265625 0.0296875
6 0.6984375 0.66484375 0.025 0.0296875
6 0.7125 0.66015625 0.028125 0.0328125
6 0.68515625 0.640625 0.0265625 0.03125
6 0.6984375 0.6328125 0.025 0.03125
6 0.66171875 0.653125 0.0234375 0.03125
6 0.67421875 0.68046875 0.0234375 0.0296875
6 0.75390625 0.621875 0.0296875 0.025
6 0.73515625 0.5890625 0.0265625 0.021875
6 0.725 0.57421875 0.03125 0.0234375
6 0.7421875 0.7453125 0.025 0.03125
6 0.73046875 0.7546875 0.0296875 0.03125
6 0.65625 0.76015625 0.025 0.0296875
6 0.64453125 0.7984375 0.0234375 0.028125
6 0.71796875 0.76328125 0.0328125 0.0359375
6 0.68125 0.7796875 0.028125 0.034375
6 0.49140625 0.64609375 0.0265625 0.0328125
6 0.49609375 0.53671875 0.0265625 0.0296875
6 0.5125 0.56953125 0.028125 0.0328125
6 0.45234375 0.60234375 0.0265625 0.0328125
6 0.4921875 0.6828125 0.025 0.021875
6 0.6140625 0.7140625 0.028125 0.034375
6 0.67734375 0.74453125 0.0234375 0.0296875
6 0.68984375 0.73671875 0.0234375 0.0328125
6 0.7046875 0.73203125 0.025 0.0296875
6 0.55546875 0.61171875 0.0203125 0.0265625
6 0.8578125 0.80625 0.03125 0.025
6 0.8796875 0.84765625 0.028125 0.0203125
