6 0.46875 0.69609375 0.021875 0.0265625
6 0.4484375 0.43515625 0.025 0.0265625
6 0.39609375 0.44453125 0.0234375 0.0328125
6 0.41875 0.38203125 0.025 0.0328125
6 0.40390625 0.35546875 0.0234375 0.0296875
6 0.4203125 0.3484375 0.025 0.034375
6 0.4328125 0.340625 0.028125 0.034375
6 0.446875 0.3328125 0.028125 0.03125
6 0.3765625 0.3046875 0.025 0.03125
6 0.3625 0.27734375 0.025 0.0296875
6 0.3765625 0.271875 0.028125 0.034375
6 0.3890625 0.2640625 0.028125 0.03125
6 0.240625 0.034375 0.028125 0.03125
6 0.2734375 0.02109375 0.028125 0.0328125
6 0.575 0.10859375 0.03125 0.0328125
6 0.5875 0.0953125 0.028125 0.034375
6 0.94765625 0.10703125 0.0265625 0.0296875
6 0.215625 0.01796875 0.025 0.0328125
6 0.35625 0.46640625 0.025 0.0296875
6 0.34453125 0.47265625 0.0171875 0.0203125
6 0.31484375 0.6453125 0.0453125 0.03125
5 0.353125 0.76875 0.040625 0.053125
5 0.37109375 0.75546875 0.0390625 0.0453125
5 0.9359375 0.88828125 0.0375 0.0296875
5 0.95078125 0.91484375 0.0421875 0.0328125
5 0.45859375 0.71015625 0.0359375 0.0421875
5 0.50234375 0.67734375 0.0421875 0.0453125
5 0.48671875 0.69375 0.0421875 0.046875
6 0.25703125 0.0296875 0.0265625 0.028125
6 0.22890625 0.04609375 0.0265625 0.0328125
6 0.91015625 0.128125 0.0234375 0.03125
6 0.87734375 0.1453125 0.0234375 0.03125
6 0.8546875 0.09140625 0.025 0.0234375
6 0.84140625 0.0640625 0.0328125 0.025
6 0.74296875 0.015625 0.0265625 0.03125
6 0.928125 0.0328125 0.03125 0.028125
6 0.9359375 0.0453125 0.034375 0.028125
