5 0.625 0.14609375 0.078125 0.0984375
5 0.73671875 0.37109375 0.0578125 0.0671875
6 0.7546875 0.2390625 0.028125 0.03125
6 0.740625 0.928125 0.025 0.03125
6 0.6171875 0.7796875 0.028125 0.025
6 0.3390625 0.71875 0.03125 0.025
6 0.10859375 0.64609375 0.0296875 0.0296875
5 0.92265625 0.67890625 0.0765625 0.0984375
6 0.4625 0.73515625 0.05 0.0203125
5 0.89609375 0.315625 0.0578125 0.078125
5 0.1125 0.584375 0.178125 0.09375
6 0.96015625 0.56875 0.0296875 0.034375
6 0.24296875 0.37890625 0.0390625 0.0265625
6 0.23515625 0.36484375 0.0328125 0.0265625
6 0.10390625 0.37421875 0.0234375 0.0296875
6 0.078125 0.39375 0.028125 0.040625
6 0.03828125 0.41953125 0.0265625 0.0359375
5 0.19140625 0.48046875 0.1640625 0.1078125
6 0.05 0.40625 0.025 0.034375
6 0.06171875 0.39921875 0.0234375 0.0296875
6 0.07578125 0.21328125 0.0234375 0.0296875
6 0.02265625 0.42421875 0.0296875 0.0328125
