6 0.075 0.10859375 0.03125 0.0328125
6 0.0875 0.0953125 0.028125 0.034375
6 0.44765625 0.10703125 0.0265625 0.0296875
6 0.57265625 0.984375 0.0359375 0.028125
5 0.4359375 0.88828125 0.0375 0.0296875
5 0.45078125 0.91484375 0.0421875 0.0328125
6 0.41015625 0.128125 0.0234375 0.03125
6 0.37734375 0.1453125 0.0234375 0.03125
6 0.3546875 0.09140625 0.025 0.0234375
6 0.34140625 0.0640625 0.0328125 0.025
6 0.24296875 0.015625 0.0265625 0.03125
6 0.428125 0.0328125 0.03125 0.028125
6 0.4359375 0.0453125 0.034375 0.028125
