6 0.3859375 0.0203125 0.034375 0.028125
6 0.8390625 0.71875 0.03125 0.025
6 0.60859375 0.64609375 0.0296875 0.0296875
6 0.9625 0.73515625 0.05 0.0203125
5 0.6125 0.584375 0.178125 0.09375
6 0.74296875 0.37890625 0.0390625 0.0265625
6 0.73515625 0.36484375 0.0328125 0.0265625
6 0.60390625 0.37421875 0.0234375 0.0296875
6 0.578125 0.39375 0.028125 0.040625
6 0.53828125 0.41953125 0.0265625 0.0359375
5 0.69140625 0.48046875 0.1640625 0.1078125
6 0.23046875 0.71328125 0.0359375 0.0328125
6 0.16328125 0.58515625 0.0265625 0.0234375
6 0.15546875 0.5734375 0.0328125 0.025
6 0.14921875 0.5609375 0.0234375 0.021875
6 0.13515625 0.53828125 0.0296875 0.0234375
6 0.12578125 0.5140625 0.0265625 0.025
6 0.090625 0.46796875 0.034375 0.0296875
6 0.05546875 0.40625 0.0296875 0.025
6 0.015625 0.340625 0.028125 0.021875
6 0.35 0.04296875 0.03125 0.0234375
6 0.16640625 0.60234375 0.0390625 0.0296875
6 0.1453125 0.7015625 0.028125 0.021875
6 0.55 0.40625 0.025 0.034375
6 0.56171875 0.39921875 0.0234375 0.0296875
6 0.57578125 0.21328125 0.0234375 0.0296875
6 0.52265625 0.42421875 0.0296875 0.0328125
6 0.50703125 0.42890625 0.0265625 0.0328125
