6 0.075 0.60859375 0.03125 0.0328125
6 0.0875 0.5953125 0.028125 0.034375
6 0.44765625 0.60703125 0.0265625 0.0296875
6 0.41015625 0.628125 0.0234375 0.03125
6 0.37734375 0.6453125 0.0234375 0.03125
6 0.3546875 0.59140625 0.025 0.0234375
6 0.34140625 0.5640625 0.0328125 0.025
6 0.246875 0.03203125 0.028125 0.0328125
6 0.265625 0.06015625 0.025 0.0296875
6 0.29296875 0.1140625 0.0203125 0.028125
6 0.325 0.16796875 0.021875 0.0296875
6 0.24296875 0.515625 0.0265625 0.03125
6 0.3046875 0.50078125 0.034375 0.0296875
6 0.3921875 0.4703125 0.034375 0.028125
6 0.41484375 0.50703125 0.0328125 0.0265625
6 0.428125 0.5328125 0.03125 0.028125
6 0.4359375 0.5453125 0.034375 0.028125
