6 0.5984375 0.9609375 0.03125 0.034375
5 0.46796875 0.90703125 0.0734375 0.0890625
6 0.3140625 0.3921875 0.03125 0.025
6 0.62265625 0.4078125 0.0234375 0.034375
5 0.346875 0.421875 0.04375 0.08125
6 0.98203125 0.4125 0.0265625 0.03125
6 0.96953125 0.421875 0.0234375 0.028125
6 0.95625 0.42734375 0.01875 0.0265625
6 0.946875 0.43359375 0.01875 0.0265625
6 0.96953125 0.63046875 0.0265625 0.0359375
6 0.9578125 0.63828125 0.028125 0.0359375
6 0.9375 0.6484375 0.025 0.03125
6 0.92421875 0.65390625 0.0234375 0.0328125
6 0.90234375 0.665625 0.0234375 0.03125
6 0.87265625 0.6453125 0.0265625 0.03125
6 0.80546875 0.5109375 0.0265625 0.034375
6 0.8859375 0.63828125 0.03125 0.0359375
6 0.90078125 0.63046875 0.0265625 0.0328125
6 0.9140625 0.6203125 0.03125 0.0375
6 0.92734375 0.61484375 0.0296875 0.0390625
6 0.94140625 0.609375 0.0296875 0.0375
6 0.98203125 0.5859375 0.0265625 0.034375
6 0.91015625 0.55625 0.0296875 0.03125
6 0.92265625 0.45 0.0265625 0.03125
6 0.834375 0.56796875 0.021875 0.0296875
6 0.84453125 0.55859375 0.0203125 0.0265625
6 0.85703125 0.55078125 0.0234375 0.0296875
6 0.87109375 0.54375 0.0234375 0.03125
6 0.88359375 0.53515625 0.0234375 0.0359375
6 0.896875 0.528125 0.025 0.03125
6 0.9 0.5640625 0.03125 0.034375
6 0.921875 0.54921875 0.028125 0.0359375
6 0.93515625 0.54140625 0.0296875 0.0328125
6 0.95 0.53671875 0.03125 0.0359375
6 0.96328125 0.5296875 0.0265625 0.034375
6 0.97578125 0.52109375 0.0265625 0.0328125
6 0.98671875 0.696875 0.0234375 0.034375
6 0.97421875 0.70234375 0.0234375 0.0328125
6 0.96171875 0.7109375 0.0234375 0.03125
6 0.95 0.715625 0.028125 0.034375
