4 0.17265625 0.2296875 0.0390625 0.046875
4 0.284375 0.25390625 0.040625 0.0359375
4 0.234375 0.371875 0.03125 0.03125
4 0.32890625 0.33125 0.0328125 0.040625
4 0.084375 0.62109375 0.040625 0.0515625
4 0.059375 0.32265625 0.028125 0.0265625
4 0.03671875 0.31875 0.0203125 0.021875
4 0.23828125 0.23046875 0.0359375 0.0390625
4 0.25703125 0.240625 0.0234375 0.021875
4 0.271875 0.40234375 0.021875 0.0265625
4 0.290625 0.40390625 0.021875 0.0265625
4 0.30859375 0.40703125 0.0203125 0.0265625
4 0.33203125 0.38515625 0.0203125 0.0265625
4 0.33125 0.36015625 0.021875 0.0234375
4 0.0640625 0.2125 0.025 0.028125
4 0.21015625 0.3421875 0.0234375 0.03125
4 0.2765625 0.353125 0.01875 0.028125
4 0.328125 0.409375 0.03125 0.028125
4 0.209375 0.36875 0.021875 0.028125
4 0.01171875 0.31328125 0.0234375 0.0203125
4 0.259375 0.34609375 0.01875 0.0234375
4 0.25859375 0.38046875 0.0203125 0.0234375
4 0.2546875 0.4 0.015625 0.021875
