4 0.8625 0.69609375 0.0625 0.0765625
4 0.934375 0.7546875 0.065625 0.078125
4 0.953125 0.921875 0.0875 0.096875
4 0.76171875 0.8671875 0.0703125 0.06875
4 0.71015625 0.70390625 0.0578125 0.0546875
4 0.77578125 0.946875 0.0890625 0.090625
4 0.5890625 0.9109375 0.096875 0.090625
4 0.56953125 0.80859375 0.0671875 0.0640625
4 0.32109375 0.0421875 0.0609375 0.065625
4 0.33828125 0.1078125 0.0609375 0.06875
4 0.5328125 0.71640625 0.1 0.0921875
4 0.6453125 0.09453125 0.1 0.1078125
4 0.44296875 0.2359375 0.0640625 0.06875
4 0.5984375 0.5546875 0.06875 0.071875
4 0.56171875 0.6296875 0.1171875 0.115625
