4 0.58671875 0.3421875 0.0765625 0.084375
4 0.8046875 0.42734375 0.075 0.0765625
4 0.86875 0.47421875 0.096875 0.1015625
4 0.1421875 0.5765625 0.090625 0.1
4 0.20625 0.56015625 0.0625 0.0671875
4 0.26328125 0.51953125 0.0765625 0.0859375
4 0.3625 0.19609375 0.0625 0.0765625
4 0.434375 0.2546875 0.065625 0.078125
4 0.453125 0.421875 0.0875 0.096875
4 0.26171875 0.3671875 0.0703125 0.06875
4 0.21015625 0.20390625 0.0578125 0.0546875
4 0.1875 0.6890625 0.153125 0.146875
4 0.240625 0.8546875 0.146875 0.14375
4 0.33359375 0.78671875 0.1734375 0.1734375
4 0.42578125 0.71484375 0.1421875 0.1421875
4 0.56796875 0.6171875 0.1515625 0.146875
4 0.9015625 0.55625 0.078125 0.0875
4 0.921875 0.6484375 0.0875 0.0875
4 0.71953125 0.56328125 0.1109375 0.1109375
4 0.27578125 0.446875 0.0890625 0.090625
4 0.0890625 0.4109375 0.096875 0.090625
4 0.06953125 0.30859375 0.0671875 0.0640625
4 0.0984375 0.0546875 0.06875 0.071875
4 0.06171875 0.1296875 0.1171875 0.115625
