4 0.5515625 0.084375 0.065625 0.071875
4 0.60546875 0.05078125 0.0828125 0.0859375
4 0.79921875 0.20390625 0.0953125 0.1015625
4 0.32109375 0.5421875 0.0609375 0.065625
4 0.59921875 0.27578125 0.0828125 0.0859375
4 0.1890625 0.35234375 0.0625 0.0734375
4 0.31015625 0.25703125 0.0765625 0.0890625
4 0.36796875 0.28359375 0.0796875 0.0921875
4 0.43125 0.30703125 0.084375 0.0890625
4 0.48671875 0.34296875 0.0890625 0.0984375
4 0.290625 0.41640625 0.0625 0.0703125
4 0.33828125 0.6078125 0.0609375 0.06875
4 0.51328125 0.4859375 0.0828125 0.08125
4 0.740625 0.3875 0.09375 0.096875
4 0.7046875 0.453125 0.0875 0.096875
4 0.6453125 0.59453125 0.1 0.1078125
4 0.44296875 0.7359375 0.0640625 0.06875
