4 0.64609375 0.47890625 0.0828125 0.0765625
4 0.43125 0.22109375 0.0875 0.0984375
4 0.56328125 0.30234375 0.0796875 0.0859375
4 0.30390625 0.44921875 0.0890625 0.0859375
4 0.5515625 0.584375 0.065625 0.071875
4 0.66171875 0.41015625 0.0859375 0.0796875
4 0.60546875 0.55078125 0.0828125 0.0859375
4 0.79921875 0.70390625 0.0953125 0.1015625
4 0.59921875 0.77578125 0.0828125 0.0859375
4 0.1890625 0.85234375 0.0625 0.0734375
4 0.31015625 0.75703125 0.0765625 0.0890625
4 0.36796875 0.78359375 0.0796875 0.0921875
4 0.43125 0.80703125 0.084375 0.0890625
4 0.48671875 0.84296875 0.0890625 0.0984375
4 0.290625 0.91640625 0.0625 0.0703125
4 0.740625 0.8875 0.09375 0.096875
