4 0.67265625 0.7296875 0.0390625 0.046875
4 0.784375 0.75390625 0.040625 0.0359375
4 0.734375 0.871875 0.03125 0.03125
4 0.82890625 0.83125 0.0328125 0.040625
4 0.47734375 0.8203125 0.0421875 0.0375
4 0.559375 0.82265625 0.028125 0.0265625
4 0.53671875 0.81875 0.0203125 0.021875
4 0.73828125 0.73046875 0.0359375 0.0390625
4 0.75703125 0.740625 0.0234375 0.021875
4 0.771875 0.90234375 0.021875 0.0265625
4 0.790625 0.90390625 0.021875 0.0265625
4 0.80859375 0.90703125 0.0203125 0.0265625
4 0.83203125 0.88515625 0.0203125 0.0265625
4 0.83125 0.86015625 0.021875 0.0234375
4 0.5640625 0.7125 0.025 0.028125
4 0.71015625 0.8421875 0.0234375 0.03125
4 0.7765625 0.853125 0.01875 0.028125
4 0.828125 0.909375 0.03125 0.028125
4 0.709375 0.86875 0.021875 0.028125
4 0.51171875 0.81328125 0.0234375 0.0203125
4 0.759375 0.84609375 0.01875 0.0234375
4 0.75859375 0.88046875 0.0203125 0.0234375
4 0.7546875 0.9 0.015625 0.021875
