6 0.21796875 0.23125 0.0109375 0.01875
5 0.54140625 0.109375 0.0171875 0.034375
5 0.53671875 0.17890625 0.0171875 0.0296875
5 0.5359375 0.26015625 0.015625 0.0296875
5 0.3015625 0.35625 0.015625 0.03125
6 0.24140625 0.42265625 0.0078125 0.0203125
6 0.5015625 0.3578125 0.01875 0.009375
6 0.503125 0.403125 0.01875 0.009375
6 0.50625 0.42890625 0.01875 0.0078125
6 0.2765625 0.4234375 0.009375 0.01875
6 0.2671875 0.42421875 0.009375 0.0171875
6 0.2578125 0.4234375 0.009375 0.015625
6 0.24921875 0.42265625 0.0078125 0.0171875
6 0.23203125 0.421875 0.0078125 0.015625
5 0.5359375 0.378125 0.0125 0.028125
6 0.22265625 0.42265625 0.0078125 0.0171875
6 0.22265625 0.4390625 0.0078125 0.015625
6 0.23203125 0.43984375 0.0109375 0.0171875
6 0.24765625 0.43984375 0.0078125 0.0140625
6 0.25703125 0.440625 0.0078125 0.015625
6 0.2671875 0.44140625 0.009375 0.0171875
6 0.27578125 0.44296875 0.0078125 0.0140625
6 0.515625 0.34609375 0.015625 0.0078125
6 0.578125 0.371875 0.009375 0.021875
6 0.60078125 0.375 0.0109375 0.021875
6 0.203125 0.33515625 0.021875 0.0078125
5 0.34609375 0.41484375 0.0109375 0.0265625
5 0.35703125 0.4140625 0.0109375 0.028125
5 0.3671875 0.41484375 0.0125 0.0265625
5 0.37890625 0.415625 0.0140625 0.028125
5 0.47109375 0.41796875 0.0140625 0.0296875
5 0.4828125 0.41953125 0.0125 0.0265625
6 0.62890625 0.43671875 0.0234375 0.0078125
6 0.20234375 0.3578125 0.0203125 0.00625
6 0.2 0.3515625 0.021875 0.009375
6 0.25546875 0.3796875 0.0109375 0.01875
6 0.2484375 0.37890625 0.00625 0.0171875
6 0.240625 0.37734375 0.009375 0.0171875
6 0.2296875 0.37890625 0.009375 0.0171875
6 0.2203125 0.375 0.009375 0.01875
6 0.20234375 0.34453125 0.0203125 0.0109375
6 0.29296875 0.43984375 0.0078125 0.0171875
6 0.28359375 0.440625 0.0078125 0.015625
6 0.30078125 0.440625 0.0078125 0.015625
6 0.30859375 0.440625 0.0078125 0.015625
6 0.38125 0.4875 0.009375 0.01875
6 0.2453125 0.5 0.009375 0.01875
6 0.2359375 0.49921875 0.009375 0.0140625
6 0.22734375 0.4984375 0.0078125 0.015625
6 0.21796875 0.4984375 0.0078125 0.015625
6 0.209375 0.49609375 0.009375 0.0171875
6 0.32890625 0.50234375 0.0109375 0.0140625
6 0.353125 0.5046875 0.009375 0.0125
6 0.38828125 0.48828125 0.0078125 0.0171875
6 0.21953125 0.48125 0.0078125 0.015625
6 0.40390625 0.48828125 0.0078125 0.0171875
6 0.47421875 0.5015625 0.0203125 0.009375
6 0.421875 0.4921875 0.009375 0.01875
6 0.22578125 0.559375 0.0078125 0.01875
6 0.25078125 0.5609375 0.0109375 0.015625
6 0.2515625 0.54375 0.009375 0.01875
6 0.24296875 0.54296875 0.0078125 0.0203125
6 0.26953125 0.5015625 0.0109375 0.015625
6 0.22734375 0.48046875 0.0078125 0.0171875
6 0.32109375 0.4859375 0.0078125 0.015625
6 0.3171875 0.4375 0.009375 0.01875
6 0.4453125 0.44375 0.009375 0.015625
6 0.43046875 0.44296875 0.0078125 0.0140625
6 0.4140625 0.440625 0.009375 0.01875
6 0.3640625 0.4859375 0.009375 0.01875
6 0.35390625 0.4859375 0.0109375 0.015625
6 0.3296875 0.4859375 0.009375 0.015625
6 0.31171875 0.484375 0.0078125 0.01875
6 0.2359375 0.4828125 0.009375 0.015625
6 0.30390625 0.48359375 0.0078125 0.0171875
6 0.29609375 0.4828125 0.0078125 0.015625
6 0.28828125 0.48359375 0.0078125 0.0171875
6 0.27109375 0.484375 0.0078125 0.01875
6 0.2609375 0.48359375 0.009375 0.0171875
6 0.2515625 0.48125 0.009375 0.0125
6 0.2453125 0.48203125 0.009375 0.0171875
6 0.234375 0.5421875 0.009375 0.01875
6 0.22421875 0.54140625 0.0078125 0.0171875
6 0.2171875 0.54140625 0.009375 0.0171875
6 0.20625 0.5453125 0.009375 0.015625
6 0.26015625 0.5421875 0.0078125 0.015625
6 0.2703125 0.54375 0.009375 0.01875
6 0.41328125 0.6125 0.0078125 0.015625
6 0.371875 0.61015625 0.0125 0.0203125
6 0.18046875 0.60390625 0.0109375 0.0171875
