6 0.4125 0.6359375 0.009375 0.021875
6 0.49765625 0.60703125 0.0171875 0.0078125
6 0.4984375 0.590625 0.01875 0.009375
6 0.503125 0.4890625 0.015625 0.00625
6 0.48515625 0.503125 0.0109375 0.021875
6 0.496875 0.6328125 0.021875 0.009375
6 0.4953125 0.62421875 0.01875 0.0078125
6 0.44453125 0.6359375 0.0109375 0.01875
6 0.40234375 0.634375 0.0078125 0.01875
6 0.54765625 0.58515625 0.0203125 0.0078125
6 0.38671875 0.63515625 0.0078125 0.0203125
6 0.378125 0.6359375 0.009375 0.01875
6 0.36953125 0.63515625 0.0109375 0.0203125
6 0.359375 0.63359375 0.009375 0.0203125
6 0.35078125 0.6328125 0.0078125 0.015625
6 0.34375 0.634375 0.009375 0.021875
6 0.33515625 0.63203125 0.0078125 0.0171875
6 0.546875 0.57734375 0.021875 0.0078125
6 0.5484375 0.59453125 0.01875 0.0078125
6 0.615625 0.53046875 0.015625 0.0078125
6 0.6125 0.62421875 0.01875 0.0109375
6 0.61015625 0.60703125 0.0234375 0.0078125
6 0.615625 0.58203125 0.01875 0.0078125
6 0.61328125 0.57265625 0.0203125 0.0109375
6 0.54453125 0.66953125 0.0203125 0.0078125
6 0.54609375 0.60234375 0.0171875 0.0078125
6 0.54140625 0.659375 0.0171875 0.009375
6 0.5453125 0.65234375 0.01875 0.0078125
6 0.54375 0.64296875 0.015625 0.0078125
6 0.54375 0.63359375 0.01875 0.0078125
6 0.546875 0.62734375 0.015625 0.0078125
6 0.54296875 0.61875 0.0234375 0.009375
6 0.5484375 0.61015625 0.01875 0.0078125
6 0.328125 0.63359375 0.00625 0.0140625
6 0.49765625 0.68046875 0.0078125 0.0203125
6 0.44921875 0.68046875 0.0109375 0.0171875
6 0.265625 0.66796875 0.009375 0.0171875
6 0.378125 0.70703125 0.015625 0.0078125
6 0.36171875 0.70625 0.0140625 0.009375
6 0.3421875 0.70625 0.01875 0.009375
6 0.31953125 0.70390625 0.0203125 0.0078125
6 0.2671875 0.70390625 0.015625 0.0078125
6 0.24453125 0.70234375 0.0234375 0.0109375
6 0.27421875 0.66875 0.0078125 0.015625
6 0.25625 0.66953125 0.009375 0.0171875
6 0.4328125 0.6765625 0.00625 0.015625
6 0.2484375 0.66875 0.009375 0.015625
6 0.24140625 0.66953125 0.0078125 0.0171875
6 0.23203125 0.66953125 0.0078125 0.0171875
6 0.2203125 0.66953125 0.009375 0.0171875
6 0.17421875 0.6703125 0.0109375 0.01875
6 0.16484375 0.67109375 0.0109375 0.0171875
6 0.1765625 0.625 0.009375 0.015625
6 0.3984375 0.709375 0.015625 0.00625
6 0.415625 0.709375 0.015625 0.00625
6 0.43671875 0.71015625 0.0203125 0.0078125
6 0.47578125 0.71015625 0.0171875 0.0078125
6 0.4234375 0.67734375 0.009375 0.0203125
6 0.4078125 0.67734375 0.009375 0.0171875
6 0.4 0.6765625 0.00625 0.01875
6 0.39140625 0.67734375 0.0078125 0.0171875
6 0.38515625 0.6765625 0.0078125 0.01875
6 0.3765625 0.67734375 0.00625 0.0171875
6 0.36015625 0.67421875 0.0078125 0.0171875
6 0.3515625 0.67578125 0.009375 0.0171875
6 0.33671875 0.67421875 0.0078125 0.0203125
6 0.328125 0.6734375 0.00625 0.015625
6 0.32109375 0.671875 0.0078125 0.015625
6 0.31328125 0.671875 0.0078125 0.015625
6 0.30390625 0.671875 0.0078125 0.015625
6 0.29609375 0.67265625 0.0078125 0.0171875
6 0.49375 0.71171875 0.015625 0.0078125
6 0.15546875 0.62578125 0.0078125 0.0203125
6 0.6578125 0.5171875 0.01875 0.009375
6 0.6546875 0.60546875 0.01875 0.0109375
6 0.65546875 0.59453125 0.0203125 0.0078125
6 0.65546875 0.5875 0.0203125 0.009375
6 0.65546875 0.56171875 0.0203125 0.0078125
6 0.6546875 0.5453125 0.021875 0.009375
6 0.65703125 0.53671875 0.0171875 0.0078125
6 0.65703125 0.5265625 0.0171875 0.009375
6 0.65859375 0.51015625 0.0203125 0.0078125
6 0.65390625 0.63046875 0.0171875 0.0078125
6 0.6578125 0.5015625 0.01875 0.00625
6 0.6734375 0.65546875 0.015625 0.0078125
6 0.67421875 0.60625 0.0203125 0.009375
6 0.6734375 0.5953125 0.01875 0.009375
6 0.671875 0.55390625 0.015625 0.0078125
6 0.6734375 0.54453125 0.015625 0.0078125
6 0.67578125 0.5359375 0.0171875 0.009375
6 0.65234375 0.61953125 0.0171875 0.0078125
6 0.65234375 0.63828125 0.0171875 0.0078125
6 0.96796875 0.5546875 0.0203125 0.009375
6 0.9859375 0.53828125 0.015625 0.0078125
6 0.6515625 0.646875 0.01875 0.00625
6 0.9703125 0.53828125 0.015625 0.0078125
6 0.96796875 0.52890625 0.0171875 0.0078125
6 0.6921875 0.71640625 0.00625 0.0171875
6 0.6734375 0.71328125 0.009375 0.0171875
6 0.6484375 0.71484375 0.0125 0.0203125
6 0.6515625 0.65390625 0.01875 0.0078125
6 0.67421875 0.52890625 0.0140625 0.0078125
6 0.67578125 0.5109375 0.0171875 0.009375
6 0.678125 0.50234375 0.01875 0.0078125
6 0.675 0.49375 0.01875 0.00625
6 0.98046875 0.35390625 0.0078125 0.0171875
6 0.96328125 0.4625 0.0109375 0.015625
6 0.99453125 0.42109375 0.0078125 0.0171875
6 0.72109375 0.5046875 0.0171875 0.009375
6 0.765625 0.5296875 0.01875 0.009375
6 0.80703125 0.546875 0.0203125 0.009375
6 0.80703125 0.59140625 0.0203125 0.0078125
6 0.76640625 0.60625 0.0171875 0.009375
6 0.7671875 0.65625 0.021875 0.009375
6 0.7609375 0.70234375 0.015625 0.0078125
6 0.84140625 0.72421875 0.0078125 0.0171875
6 0.88515625 0.61640625 0.0171875 0.0078125
6 0.88671875 0.55703125 0.0171875 0.0078125
6 0.8890625 0.540625 0.01875 0.009375
6 0.8890625 0.49765625 0.0125 0.0078125
6 0.9265625 0.4734375 0.015625 0.00625
6 0.93046875 0.4421875 0.0171875 0.009375
6 0.84453125 0.415625 0.0078125 0.015625
6 0.165625 0.625 0.009375 0.015625
6 0.04609375 0.8953125 0.0234375 0.009375
6 0.0953125 0.8984375 0.025 0.015625
6 0.1546875 0.871875 0.009375 0.025
6 0.16953125 0.875 0.0109375 0.01875
6 0.1875 0.8296875 0.009375 0.01875
6 0.509375 0.9109375 0.025 0.0125
6 0.45078125 0.9640625 0.0203125 0.009375
6 0.359375 0.98984375 0.009375 0.0171875
6 0.96796875 0.5609375 0.0171875 0.009375
6 0.96640625 0.5703125 0.0171875 0.00625
6 0.984375 0.57265625 0.01875 0.0078125
6 0.98515625 0.5890625 0.0171875 0.009375
6 0.9796875 0.68359375 0.01875 0.0078125
6 0.9828125 0.67421875 0.01875 0.0078125
6 0.98515625 0.66640625 0.0171875 0.0078125
6 0.96875 0.65703125 0.015625 0.0078125
6 0.96875 0.63203125 0.015625 0.0078125
6 0.9671875 0.6234375 0.015625 0.009375
6 0.9875 0.62421875 0.021875 0.0078125
6 0.65390625 0.9859375 0.0171875 0.0125
6 0.69609375 0.97890625 0.0203125 0.0109375
6 0.925 0.928125 0.025 0.0125
6 0.93515625 0.971875 0.0171875 0.00625
6 0.8921875 0.97109375 0.015625 0.0078125
6 0.8578125 0.96875 0.01875 0.009375
6 0.834375 0.96875 0.01875 0.009375
6 0.8140625 0.96796875 0.015625 0.0078125
6 0.79375 0.96875 0.01875 0.009375
6 0.7546875 0.9703125 0.01875 0.009375
6 0.7171875 0.9765625 0.0125 0.009375
5 0.73359375 0.775 0.0734375 0.0125
