6 0.665625 0.21796875 0.01875 0.0171875
6 0.98515625 0.165625 0.0109375 0.01875
6 0.6921875 0.1859375 0.01875 0.01875
6 0.6859375 0.19296875 0.021875 0.0171875
6 0.67421875 0.2046875 0.0203125 0.01875
6 0.65859375 0.22578125 0.0203125 0.0171875
6 0.65546875 0.234375 0.0171875 0.015625
6 0.65 0.240625 0.01875 0.015625
6 0.54609375 0.66171875 0.0171875 0.0078125
6 0.5390625 0.65234375 0.01875 0.0078125
6 0.53359375 0.6421875 0.0171875 0.009375
4 0.58984375 0.5984375 0.3171875 0.26875
4 0.203125 0.84921875 0.14375 0.1140625
4 0.18828125 0.62734375 0.2171875 0.2296875
