6 0.69921875 0.83828125 0.0203125 0.0046875
6 0.70078125 0.76640625 0.0265625 0.0078125
6 0.70078125 0.775 0.0203125 0.009375
6 0.703125 0.78515625 0.021875 0.0078125
6 0.70234375 0.7921875 0.0203125 0.009375
6 0.70234375 0.8109375 0.0171875 0.009375
6 0.69921875 0.821875 0.0203125 0.00625
6 0.69765625 0.83125 0.0203125 0.00625
6 0.7 0.846875 0.01875 0.00625
6 0.72265625 0.77265625 0.0078125 0.0140625
6 0.70078125 0.85546875 0.0203125 0.0078125
6 0.69765625 0.87265625 0.0203125 0.0078125
6 0.69609375 0.88203125 0.0203125 0.0078125
6 0.696875 0.88984375 0.01875 0.0078125
6 0.696875 0.89921875 0.01875 0.0078125
6 0.69921875 0.75703125 0.0234375 0.0109375
6 0.734375 0.775 0.009375 0.0125
6 0.8796875 0.7453125 0.009375 0.01875
6 0.90625 0.74609375 0.009375 0.0203125
6 0.9390625 0.74609375 0.00625 0.0140625
6 0.95546875 0.74765625 0.0109375 0.0171875
6 0.9921875 0.7484375 0.00625 0.015625
6 0.74453125 0.77421875 0.0109375 0.0171875
6 0.9390625 0.81640625 0.009375 0.0171875
6 0.91875 0.8265625 0.009375 0.01875
6 0.91015625 0.83046875 0.0078125 0.0140625
6 0.9 0.82890625 0.0125 0.0234375
6 0.86953125 0.8359375 0.0109375 0.01875
6 0.73515625 0.81328125 0.0140625 0.0171875
6 0.896875 0.74609375 0.009375 0.0171875
6 0.87265625 0.74375 0.0109375 0.01875
6 0.875 0.70390625 0.009375 0.0140625
6 0.953125 0.70703125 0.00625 0.0171875
6 0.93671875 0.70625 0.0078125 0.015625
6 0.92890625 0.70703125 0.0078125 0.0203125
6 0.91796875 0.70703125 0.0078125 0.0171875
6 0.9 0.70859375 0.009375 0.0171875
6 0.8921875 0.70703125 0.009375 0.0171875
6 0.884375 0.70625 0.009375 0.015625
6 0.86796875 0.70390625 0.0078125 0.0140625
6 0.97109375 0.70859375 0.0078125 0.0203125
6 0.86015625 0.70390625 0.0078125 0.0140625
6 0.85234375 0.70390625 0.0078125 0.0140625
6 0.84296875 0.70546875 0.0078125 0.0171875
6 0.83515625 0.70546875 0.0078125 0.0171875
6 0.82578125 0.70390625 0.0109375 0.0171875
6 0.81640625 0.70390625 0.0078125 0.0171875
6 0.75546875 0.73984375 0.0109375 0.0140625
6 0.96171875 0.709375 0.0078125 0.01875
6 0.978125 0.7109375 0.009375 0.01875
6 0.8640625 0.74453125 0.009375 0.0140625
6 0.903125 0.690625 0.00625 0.01875
6 0.9125 0.68984375 0.009375 0.0109375
6 0.94609375 0.6921875 0.0078125 0.01875
6 0.953125 0.68984375 0.009375 0.0171875
6 0.96171875 0.69140625 0.0078125 0.0171875
6 0.9703125 0.68828125 0.009375 0.0171875
6 0.9796875 0.69140625 0.00625 0.0171875
6 0.98671875 0.71015625 0.0078125 0.0171875
6 0.80859375 0.703125 0.0078125 0.015625
6 0.79765625 0.7015625 0.0078125 0.015625
6 0.8015625 0.64296875 0.009375 0.0171875
6 0.165625 0.71796875 0.01875 0.0171875
6 0.528125 0.66796875 0.00625 0.0140625
6 0.52109375 0.66640625 0.0078125 0.0171875
6 0.5109375 0.66640625 0.009375 0.0140625
6 0.48515625 0.665625 0.0109375 0.01875
6 0.1921875 0.6859375 0.01875 0.01875
6 0.1859375 0.69296875 0.021875 0.0171875
6 0.17421875 0.7046875 0.0203125 0.01875
6 0.15859375 0.72578125 0.0203125 0.0171875
6 0.7359375 0.625 0.009375 0.015625
6 0.15546875 0.734375 0.0171875 0.015625
6 0.15 0.740625 0.01875 0.015625
6 0.80078125 0.7421875 0.0078125 0.015625
6 0.8109375 0.74296875 0.009375 0.0171875
6 0.8203125 0.740625 0.009375 0.015625
6 0.82890625 0.74140625 0.0078125 0.0171875
6 0.8375 0.74296875 0.009375 0.0203125
6 0.5109375 0.70078125 0.009375 0.0171875
6 0.54375 0.70390625 0.009375 0.0171875
6 0.55390625 0.70234375 0.0078125 0.0171875
6 0.71953125 0.7390625 0.0109375 0.015625
6 0.74375 0.625 0.009375 0.015625
6 0.753125 0.62265625 0.009375 0.0171875
6 0.76171875 0.62265625 0.0078125 0.0171875
6 0.76953125 0.6265625 0.0078125 0.015625
6 0.76953125 0.64375 0.0109375 0.01875
6 0.76015625 0.6421875 0.0078125 0.01875
6 0.75078125 0.6421875 0.0078125 0.0125
6 0.7421875 0.64375 0.009375 0.015625
6 0.71875 0.65703125 0.021875 0.0171875
6 0.7125 0.66328125 0.021875 0.0171875
6 0.70546875 0.6671875 0.0203125 0.01875
6 0.696875 0.67578125 0.01875 0.0171875
6 0.68984375 0.68046875 0.0265625 0.0203125
6 0.7421875 0.740625 0.009375 0.015625
6 0.7328125 0.73828125 0.009375 0.0171875
6 0.1359375 0.45 0.040625 0.015625
6 0.090625 0.4484375 0.03125 0.01875
6 0.08515625 0.42265625 0.0265625 0.0140625
6 0.12109375 0.13984375 0.0171875 0.0109375
6 0.01875 0.175 0.015625 0.01875
6 0.8953125 0.68984375 0.009375 0.0171875
6 0.8859375 0.6890625 0.009375 0.01875
6 0.87578125 0.68671875 0.0078125 0.0203125
6 0.86796875 0.6875 0.0078125 0.015625
6 0.9125 0.1359375 0.009375 0.021875
6 0.94453125 0.1359375 0.0109375 0.01875
6 0.90234375 0.134375 0.0078125 0.01875
6 0.88671875 0.13515625 0.0078125 0.0203125
6 0.878125 0.1359375 0.009375 0.01875
6 0.86953125 0.13515625 0.0109375 0.0203125
6 0.859375 0.13359375 0.009375 0.0203125
6 0.85078125 0.1328125 0.0078125 0.015625
6 0.84375 0.134375 0.009375 0.021875
6 0.83515625 0.13203125 0.0078125 0.0171875
6 0.828125 0.13359375 0.00625 0.0140625
6 0.94921875 0.18046875 0.0109375 0.0171875
6 0.765625 0.16796875 0.009375 0.0171875
6 0.878125 0.20703125 0.015625 0.0078125
6 0.86171875 0.20625 0.0140625 0.009375
6 0.8421875 0.20625 0.01875 0.009375
6 0.81953125 0.20390625 0.0203125 0.0078125
6 0.7671875 0.20390625 0.015625 0.0078125
6 0.74453125 0.20234375 0.0234375 0.0109375
6 0.77421875 0.16875 0.0078125 0.015625
6 0.75625 0.16953125 0.009375 0.0171875
6 0.9328125 0.1765625 0.00625 0.015625
6 0.7484375 0.16875 0.009375 0.015625
6 0.74140625 0.16953125 0.0078125 0.0171875
6 0.73203125 0.16953125 0.0078125 0.0171875
6 0.7203125 0.16953125 0.009375 0.0171875
6 0.67421875 0.1703125 0.0109375 0.01875
6 0.66484375 0.17109375 0.0109375 0.0171875
6 0.6765625 0.125 0.009375 0.015625
6 0.8984375 0.209375 0.015625 0.00625
6 0.915625 0.209375 0.015625 0.00625
6 0.93671875 0.21015625 0.0203125 0.0078125
6 0.97578125 0.21015625 0.0171875 0.0078125
6 0.9234375 0.17734375 0.009375 0.0203125
6 0.9078125 0.17734375 0.009375 0.0171875
6 0.9 0.1765625 0.00625 0.01875
6 0.89140625 0.17734375 0.0078125 0.0171875
6 0.88515625 0.1765625 0.0078125 0.01875
6 0.8765625 0.17734375 0.00625 0.0171875
6 0.86015625 0.17421875 0.0078125 0.0171875
6 0.8515625 0.17578125 0.009375 0.0171875
6 0.83671875 0.17421875 0.0078125 0.0203125
6 0.828125 0.1734375 0.00625 0.015625
6 0.82109375 0.171875 0.0078125 0.015625
6 0.81328125 0.171875 0.0078125 0.015625
6 0.80390625 0.171875 0.0078125 0.015625
6 0.79609375 0.17265625 0.0078125 0.0171875
6 0.65546875 0.12578125 0.0078125 0.0203125
6 0.665625 0.125 0.009375 0.015625
6 0.24375 0.315625 0.009375 0.015625
6 0.990625 0.5890625 0.009375 0.015625
6 0.93359375 0.5859375 0.0078125 0.015625
6 0.94140625 0.58671875 0.0078125 0.0171875
6 0.95 0.58671875 0.00625 0.0171875
6 0.95859375 0.5859375 0.0078125 0.01875
6 0.9671875 0.58671875 0.00625 0.0171875
6 0.975 0.5875 0.009375 0.015625
6 0.98359375 0.58671875 0.0078125 0.0140625
6 0.70859375 0.5703125 0.0203125 0.009375
6 0.98984375 0.6328125 0.0109375 0.01875
6 0.98125 0.63515625 0.009375 0.0171875
6 0.9734375 0.6328125 0.009375 0.015625
6 0.9640625 0.6328125 0.009375 0.015625
6 0.95625 0.6328125 0.009375 0.0125
6 0.94609375 0.6296875 0.0078125 0.015625
6 0.93828125 0.63046875 0.0078125 0.0171875
6 0.709375 0.53984375 0.025 0.0109375
6 0.73515625 0.58125 0.0078125 0.015625
6 0.8296875 0.5234375 0.00625 0.015625
6 0.73828125 0.52421875 0.0078125 0.0171875
6 0.8125 0.52265625 0.00625 0.0171875
6 0.8046875 0.52265625 0.009375 0.0171875
6 0.79609375 0.52265625 0.0078125 0.0171875
6 0.78671875 0.52265625 0.0109375 0.0171875
6 0.77265625 0.521875 0.0078125 0.01875
6 0.76171875 0.52265625 0.0078125 0.0140625
6 0.746875 0.525 0.009375 0.01875
6 0.73671875 0.56015625 0.0078125 0.0171875
6 0.74453125 0.58046875 0.0078125 0.0140625
6 0.746875 0.56171875 0.009375 0.0171875
6 0.75546875 0.56171875 0.0078125 0.0171875
6 0.76328125 0.5640625 0.0109375 0.015625
6 0.77265625 0.5625 0.0078125 0.015625
6 0.76953125 0.58203125 0.0078125 0.0171875
6 0.76015625 0.58203125 0.0109375 0.0171875
6 0.75234375 0.58125 0.0046875 0.015625
6 0.921875 0.63046875 0.00625 0.0171875
6 0.9140625 0.63125 0.009375 0.015625
6 0.8875 0.62734375 0.009375 0.0203125
6 0.9640625 0.65078125 0.009375 0.0171875
6 0.97265625 0.65078125 0.0078125 0.0171875
6 0.98125 0.65078125 0.009375 0.0140625
6 0.990625 0.6515625 0.00625 0.015625
6 0.87890625 0.628125 0.0109375 0.015625
6 0.8015625 0.6875 0.009375 0.01875
6 0.809375 0.6859375 0.009375 0.021875
6 0.8171875 0.68515625 0.00625 0.0171875
6 0.83359375 0.6875 0.0078125 0.015625
6 0.84375 0.68671875 0.009375 0.0171875
6 0.8609375 0.68671875 0.009375 0.0171875
6 0.95625 0.64765625 0.009375 0.0140625
6 0.9484375 0.6484375 0.009375 0.015625
6 0.9390625 0.64765625 0.009375 0.0171875
6 0.93203125 0.646875 0.0078125 0.015625
6 0.8625 0.6296875 0.009375 0.0125
6 0.85390625 0.6265625 0.0078125 0.01875
6 0.8453125 0.62734375 0.009375 0.0203125
6 0.828125 0.62734375 0.009375 0.0203125
6 0.8203125 0.64453125 0.00625 0.0171875
6 0.82734375 0.6453125 0.0078125 0.015625
6 0.83671875 0.6453125 0.0078125 0.01875
6 0.8453125 0.64453125 0.00625 0.0171875
6 0.8546875 0.6453125 0.009375 0.015625
6 0.8625 0.646875 0.009375 0.01875
6 0.87109375 0.64609375 0.0078125 0.0171875
6 0.8796875 0.6453125 0.00625 0.015625
6 0.8875 0.64921875 0.00625 0.0171875
6 0.8953125 0.64765625 0.009375 0.0171875
6 0.921875 0.646875 0.009375 0.01875
6 0.82109375 0.52265625 0.0078125 0.0140625
6 0.8390625 0.52421875 0.009375 0.0171875
6 0.346875 0.3203125 0.009375 0.015625
6 0.84765625 0.56640625 0.0078125 0.0171875
6 0.90703125 0.56796875 0.0078125 0.0140625
6 0.9 0.5671875 0.009375 0.01875
6 0.89140625 0.565625 0.0078125 0.015625
6 0.88203125 0.565625 0.0078125 0.0125
6 0.87421875 0.5671875 0.0078125 0.015625
6 0.86484375 0.56640625 0.0109375 0.0171875
6 0.85625 0.5671875 0.00625 0.015625
6 0.83828125 0.565625 0.0078125 0.015625
6 0.92578125 0.56875 0.0078125 0.0125
6 0.8296875 0.5640625 0.009375 0.015625
6 0.82265625 0.56796875 0.0046875 0.0109375
6 0.8140625 0.5640625 0.009375 0.015625
6 0.80390625 0.565625 0.0078125 0.015625
6 0.8046875 0.58125 0.009375 0.015625
6 0.81328125 0.5828125 0.0078125 0.01875
6 0.82109375 0.58203125 0.0078125 0.0203125
6 0.9171875 0.56875 0.009375 0.015625
6 0.98984375 0.4953125 0.0078125 0.015625
6 0.84765625 0.525 0.0078125 0.01875
6 0.54609375 0.3953125 0.0234375 0.009375
6 0.5953125 0.3984375 0.025 0.015625
6 0.6546875 0.371875 0.009375 0.025
6 0.66953125 0.375 0.0109375 0.01875
6 0.6875 0.3296875 0.009375 0.01875
6 0.96328125 0.49609375 0.0078125 0.0203125
6 0.95078125 0.4640625 0.0203125 0.009375
6 0.859375 0.48984375 0.009375 0.0171875
6 0.91640625 0.4921875 0.0109375 0.01875
6 0.946875 0.49296875 0.0125 0.0203125
6 0.95546875 0.49453125 0.0078125 0.0171875
6 0.83125 0.5828125 0.009375 0.01875
6 0.83984375 0.5828125 0.0078125 0.015625
6 0.84921875 0.58203125 0.0078125 0.0140625
6 0.94375 0.52734375 0.009375 0.0171875
6 0.98828125 0.5296875 0.0078125 0.015625
6 0.9796875 0.528125 0.009375 0.015625
6 0.96796875 0.5296875 0.0078125 0.015625
6 0.96015625 0.528125 0.0078125 0.01875
6 0.9515625 0.52890625 0.00625 0.0140625
6 0.93359375 0.5296875 0.0078125 0.015625
6 0.85546875 0.58359375 0.0078125 0.0171875
6 0.92578125 0.528125 0.0078125 0.01875
6 0.91796875 0.528125 0.0078125 0.01875
6 0.90859375 0.5265625 0.0078125 0.015625
6 0.90078125 0.52421875 0.0078125 0.0171875
6 0.8734375 0.525 0.00625 0.01875
6 0.86484375 0.52578125 0.0109375 0.0203125
6 0.85546875 0.52421875 0.0078125 0.0171875
6 0.99296875 0.57109375 0.0078125 0.0171875
6 0.98359375 0.571875 0.0078125 0.015625
6 0.975 0.56875 0.009375 0.015625
6 0.8640625 0.58359375 0.009375 0.0171875
6 0.875 0.58359375 0.009375 0.0171875
6 0.88203125 0.5828125 0.0078125 0.01875
6 0.89140625 0.5828125 0.0078125 0.01875
6 0.9 0.584375 0.00625 0.01875
6 0.90703125 0.5859375 0.0078125 0.015625
6 0.91640625 0.5859375 0.0109375 0.015625
6 0.925 0.58515625 0.00625 0.0171875
6 0.896875 0.628125 0.009375 0.015625
6 0.90625 0.63125 0.009375 0.0125
6 0.93359375 0.56953125 0.0109375 0.0171875
6 0.94296875 0.56796875 0.0109375 0.0171875
6 0.95234375 0.56796875 0.0078125 0.0140625
6 0.96015625 0.56875 0.0078125 0.015625
6 0.96640625 0.56953125 0.0078125 0.0140625
