5 0.04140625 0.609375 0.0171875 0.034375
6 0.02421875 0.25 0.0078125 0.015625
6 0.00703125 0.2484375 0.0078125 0.015625
6 0.01640625 0.25 0.0078125 0.015625
6 0.03203125 0.25078125 0.0078125 0.0140625
6 0.0421875 0.24453125 0.009375 0.0171875
5 0.03671875 0.67890625 0.0171875 0.0296875
5 0.0359375 0.76015625 0.015625 0.0296875
5 0.0359375 0.878125 0.0125 0.028125
6 0.015625 0.84609375 0.015625 0.0078125
6 0.078125 0.871875 0.009375 0.021875
6 0.10078125 0.875 0.0109375 0.021875
6 0.12890625 0.93671875 0.0234375 0.0078125
6 0.0046875 0.18984375 0.009375 0.0171875
6 0.0140625 0.18984375 0.009375 0.0171875
6 0.021875 0.18984375 0.009375 0.0140625
6 0.028125 0.1890625 0.009375 0.015625
6 0.03984375 0.190625 0.0109375 0.015625
6 0.03984375 0.2109375 0.0140625 0.015625
6 0.0265625 0.20859375 0.009375 0.0171875
6 0.01171875 0.21015625 0.0078125 0.0171875
6 0.0265625 0.1515625 0.009375 0.015625
6 0.009375 0.15234375 0.009375 0.0140625
6 0.0171875 0.15234375 0.00625 0.0171875
6 0.034375 0.15390625 0.009375 0.0140625
6 0.04375 0.1546875 0.009375 0.015625
6 0.14140625 0.0453125 0.0140625 0.015625
6 0.11640625 0.01171875 0.0140625 0.0203125
6 0.11015625 0.01484375 0.0203125 0.0234375
6 0.0046875 0.02890625 0.00625 0.0109375
6 0.025 0.046875 0.01875 0.00625
6 0.8625 0.03203125 0.009375 0.0171875
6 0.85234375 0.03359375 0.0140625 0.0203125
6 0.98046875 0.06796875 0.0171875 0.0171875
6 0.93203125 0.07109375 0.0203125 0.0203125
6 0.9171875 0.071875 0.015625 0.015625
6 0.89921875 0.0703125 0.0171875 0.01875
6 0.8890625 0.06953125 0.015625 0.0171875
6 0.88125 0.06953125 0.015625 0.0171875
6 0.871875 0.06875 0.0125 0.015625
6 0.8625 0.0703125 0.015625 0.01875
6 0.85078125 0.065625 0.0140625 0.015625
6 0.7734375 0.0125 0.0125 0.01875
6 0.95234375 0.01796875 0.0109375 0.0171875
6 0.94375 0.0203125 0.009375 0.0125
6 0.84375 0.015625 0.015625 0.01875
6 0.825 0.01484375 0.0125 0.0171875
6 0.809375 0.01328125 0.0125 0.0203125
6 0.84140625 0.0671875 0.0171875 0.01875
6 0.99375 0.0203125 0.009375 0.015625
6 0.98671875 0.01875 0.0140625 0.01875
6 0.978125 0.01953125 0.0125 0.0171875
6 0.83125 0.0671875 0.015625 0.021875
6 0.61796875 0.16015625 0.0078125 0.0203125
6 0.82109375 0.06484375 0.0140625 0.0203125
6 0.80390625 0.028125 0.0140625 0.01875
6 0.7953125 0.028125 0.0125 0.01875
6 0.78671875 0.028125 0.0078125 0.01875
6 0.76875 0.02734375 0.009375 0.0140625
6 0.90625 0.03203125 0.0125 0.0171875
6 0.9140625 0.0328125 0.0125 0.01875
6 0.921875 0.03515625 0.0125 0.0140625
6 0.98203125 0.0375 0.0140625 0.01875
6 0.96328125 0.01796875 0.0140625 0.0203125
6 0.97109375 0.0203125 0.0140625 0.015625
6 0.6109375 0.0203125 0.0125 0.015625
6 0.628125 0.021875 0.0125 0.01875
6 0.646875 0.0234375 0.015625 0.01875
6 0.665625 0.02421875 0.015625 0.0171875
6 0.58125 0.0203125 0.0125 0.015625
6 0.465625 0.0140625 0.015625 0.01875
6 0.44921875 0.0109375 0.0171875 0.01875
6 0.36328125 0.01484375 0.0140625 0.0171875
6 0.38359375 0.0140625 0.0140625 0.01875
6 0.5984375 0.0203125 0.015625 0.01875
6 0.56328125 0.01953125 0.0171875 0.0203125
6 0.6453125 0.06640625 0.0125 0.0234375
6 0.309375 0.05078125 0.01875 0.0171875
6 0.34609375 0.05 0.0140625 0.01875
6 0.359375 0.05234375 0.015625 0.0171875
6 0.37734375 0.053125 0.0140625 0.01875
6 0.39609375 0.053125 0.0171875 0.015625
6 0.4265625 0.0578125 0.015625 0.01875
6 0.43359375 0.0515625 0.0171875 0.01875
6 0.62734375 0.065625 0.0109375 0.015625
6 0.553125 0.01796875 0.01875 0.0203125
6 0.47109375 0.05625 0.0171875 0.021875
6 0.4859375 0.01640625 0.015625 0.0203125
6 0.496875 0.015625 0.009375 0.015625
6 0.5078125 0.015625 0.015625 0.015625
6 0.51484375 0.01875 0.0109375 0.015625
6 0.534375 0.01640625 0.015625 0.0171875
6 0.54375 0.01796875 0.015625 0.0203125
6 0.24375 0.01015625 0.015625 0.0171875
6 0.23515625 0.00859375 0.0140625 0.0171875
6 0.20390625 0.00703125 0.0140625 0.0140625
6 0.3015625 0.05078125 0.015625 0.0171875
6 0.29140625 0.05078125 0.0171875 0.0203125
6 0.28125 0.04921875 0.015625 0.0203125
6 0.2734375 0.05078125 0.015625 0.0203125
6 0.15859375 0.04375 0.0140625 0.01875
5 0.2828125 0.10703125 0.075 0.0140625
6 0.31796875 0.14453125 0.0109375 0.0203125
6 0.33984375 0.14296875 0.0078125 0.0171875
6 0.35078125 0.14296875 0.0109375 0.0203125
6 0.15078125 0.04453125 0.0171875 0.0203125
6 0.1671875 0.0453125 0.015625 0.01875
6 0.178125 0.0453125 0.015625 0.01875
6 0.18828125 0.0484375 0.0140625 0.01875
6 0.19609375 0.0453125 0.0140625 0.015625
6 0.2046875 0.04609375 0.0125 0.0171875
6 0.21484375 0.04765625 0.0171875 0.0203125
6 0.24296875 0.04765625 0.0203125 0.0234375
6 0.25546875 0.04765625 0.0171875 0.0171875
6 0.721875 0.01953125 0.0125 0.0171875
6 0.7296875 0.02578125 0.0125 0.0171875
