4 0.0859375 0.3421875 0.16875 0.175
4 0.61484375 0.15 0.1078125 0.125
5 0.15078125 0.58046875 0.0359375 0.0359375
6 0.11015625 0.48515625 0.0109375 0.0171875
6 0.121875 0.484375 0.009375 0.01875
6 0.27890625 0.46328125 0.0140625 0.0203125
6 0.2765625 0.38125 0.015625 0.021875
6 0.2890625 0.33515625 0.0125 0.0203125
6 0.33046875 0.3375 0.0078125 0.01875
6 0.3375 0.36953125 0.0125 0.0171875
6 0.39921875 0.3390625 0.0109375 0.015625
6 0.36796875 0.421875 0.0140625 0.01875
6 0.38515625 0.42265625 0.0140625 0.0203125
6 0.29140625 0.48046875 0.0171875 0.0203125
6 0.30390625 0.38671875 0.0140625 0.0203125
6 0.303125 0.4828125 0.0125 0.01875
6 0.3203125 0.484375 0.0125 0.01875
6 0.2984375 0.46640625 0.0125 0.0171875
6 0.30859375 0.4671875 0.0140625 0.01875
6 0.315625 0.4671875 0.009375 0.015625
6 0.33515625 0.46796875 0.0140625 0.0203125
6 0.3515625 0.46953125 0.0125 0.0171875
6 0.28359375 0.371875 0.0140625 0.01875
6 0.3234375 0.3859375 0.0125 0.015625
6 0.23984375 0.3796875 0.0140625 0.009375
6 0.23984375 0.35390625 0.0171875 0.0109375
6 0.29765625 0.41953125 0.0109375 0.0171875
6 0.32265625 0.41875 0.0140625 0.01875
6 0.30546875 0.41796875 0.0109375 0.0203125
6 0.2796875 0.4359375 0.0125 0.015625
6 0.290625 0.434375 0.0125 0.01875
6 0.30078125 0.43359375 0.0109375 0.0140625
6 0.3078125 0.43359375 0.009375 0.0203125
6 0.3359375 0.4375 0.0125 0.01875
6 0.353125 0.4390625 0.0125 0.01875
6 0.371875 0.4828125 0.0125 0.021875
6 0.4109375 0.46953125 0.009375 0.0140625
6 0.409375 0.48515625 0.009375 0.0171875
6 0.44453125 0.85859375 0.0109375 0.0203125
6 0.23984375 0.81640625 0.0203125 0.0140625
6 0.23984375 0.8078125 0.0203125 0.0125
6 0.25390625 0.8515625 0.0109375 0.01875
6 0.3109375 0.85625 0.0125 0.015625
6 0.3546875 0.8546875 0.0125 0.015625
6 0.36796875 0.85625 0.0109375 0.01875
6 0.3796875 0.8546875 0.009375 0.015625
6 0.6484375 0.8625 0.0125 0.025
6 0.3421875 0.5140625 0.0125 0.015625
6 0.97265625 0.875 0.0171875 0.021875
6 0.2109375 0.7703125 0.021875 0.0125
6 0.44453125 0.6 0.0171875 0.009375
6 0.2921875 0.7421875 0.01875 0.0125
6 0.05 0.78828125 0.015625 0.0109375
6 0.33125 0.51328125 0.0125 0.0171875
6 0.36953125 0.51484375 0.0109375 0.0171875
6 0.38671875 0.51796875 0.0109375 0.0171875
6 0.41171875 0.5171875 0.0109375 0.01875
6 0.35390625 0.5328125 0.0109375 0.015625
6 0.346875 0.53203125 0.009375 0.0171875
6 0.3375 0.5328125 0.015625 0.01875
6 0.378125 0.56328125 0.0125 0.0171875
6 0.35625 0.58125 0.015625 0.01875
6 0.33359375 0.56328125 0.0140625 0.0203125
6 0.3296875 0.5796875 0.0125 0.01875
6 0.1234375 0.63984375 0.0125 0.0203125
6 0.74375 0.96015625 0.015625 0.0109375
6 0.69296875 0.9640625 0.0140625 0.009375
6 0.090625 0.99296875 0.01875 0.0078125
