5 0.88671875 0.5484375 0.0078125 0.021875
5 0.878125 0.5453125 0.009375 0.021875
6 0.3859375 0.059375 0.015625 0.021875
6 0.55 0.1265625 0.025 0.009375
6 0.54375 0.11875 0.01875 0.009375
6 0.3046875 0.1203125 0.009375 0.015625
6 0.31796875 0.11328125 0.0109375 0.0171875
6 0.34609375 0.12109375 0.0140625 0.0203125
6 0.3828125 0.1265625 0.009375 0.015625
6 0.39375 0.121875 0.009375 0.015625
6 0.36953125 0.0625 0.0109375 0.021875
6 0.55 0.1625 0.021875 0.009375
6 0.33828125 0.05703125 0.0078125 0.0171875
6 0.16953125 0.36171875 0.0203125 0.0171875
6 0.23984375 0.35859375 0.0171875 0.0171875
6 0.240625 0.33671875 0.021875 0.0171875
6 0.2421875 0.3265625 0.01875 0.015625
6 0.22890625 0.30546875 0.0171875 0.0171875
6 0.2265625 0.29609375 0.01875 0.0171875
6 0.546875 0.15078125 0.021875 0.0078125
6 0.5453125 0.1796875 0.015625 0.00625
6 0.1671875 0.49375 0.01875 0.015625
6 0.1671875 0.471875 0.01875 0.0125
6 0.3453125 0.42265625 0.009375 0.0203125
6 0.3359375 0.4234375 0.009375 0.015625
6 0.3265625 0.42265625 0.009375 0.0171875
6 0.27890625 0.3984375 0.0234375 0.01875
6 0.27890625 0.3890625 0.0234375 0.01875
6 0.23671875 0.46796875 0.0171875 0.0140625
6 0.18203125 0.48125 0.0171875 0.015625
6 0.1296875 0.47421875 0.01875 0.0140625
6 0.54453125 0.18984375 0.0203125 0.0078125
6 0.18359375 0.46171875 0.0171875 0.0140625
6 0.13046875 0.403125 0.0171875 0.015625
6 0.53359375 0.33828125 0.0171875 0.0078125
6 0.54296875 0.28828125 0.0203125 0.0078125
6 0.5453125 0.21484375 0.01875 0.0078125
6 0.54609375 0.20703125 0.0203125 0.0078125
6 0.54296875 0.19765625 0.0171875 0.0078125
6 0.22734375 0.28515625 0.0203125 0.0140625
6 0.23203125 0.265625 0.0171875 0.015625
6 0.228125 0.25546875 0.021875 0.0171875
6 0.20078125 0.11640625 0.0203125 0.0171875
6 0.17578125 0.17265625 0.0203125 0.0171875
6 0.1921875 0.18359375 0.01875 0.0140625
6 0.19296875 0.175 0.0203125 0.01875
6 0.19375 0.16328125 0.021875 0.0171875
6 0.1796875 0.1453125 0.01875 0.015625
6 0.17890625 0.1328125 0.0203125 0.015625
6 0.19765625 0.12578125 0.0203125 0.0171875
6 0.1328125 0.33828125 0.021875 0.0203125
6 0.22890625 0.2171875 0.0203125 0.01875
6 0.13515625 0.325 0.0171875 0.015625
6 0.13671875 0.2640625 0.0171875 0.01875
6 0.13671875 0.2265625 0.0203125 0.01875
6 0.140625 0.20546875 0.021875 0.0203125
6 0.140625 0.1765625 0.01875 0.015625
6 0.13984375 0.15625 0.0203125 0.01875
6 0.14140625 0.14375 0.0234375 0.01875
6 0.17734375 0.1828125 0.0203125 0.015625
6 0.1921875 0.19296875 0.01875 0.0140625
6 0.19296875 0.20390625 0.0171875 0.0140625
6 0.1765625 0.1921875 0.01875 0.015625
6 0.2484375 0.20703125 0.021875 0.0171875
6 0.23046875 0.1859375 0.0171875 0.015625
6 0.24921875 0.1890625 0.0171875 0.0125
6 0.23125 0.1765625 0.01875 0.0125
6 0.24921875 0.159375 0.0203125 0.015625
6 0.23359375 0.1578125 0.0171875 0.015625
6 0.25078125 0.1390625 0.0171875 0.0125
6 0.234375 0.1484375 0.01875 0.015625
6 0.1890625 0.3125 0.01875 0.015625
6 0.18671875 0.303125 0.0203125 0.015625
6 0.17265625 0.25234375 0.0203125 0.0171875
6 0.1890625 0.253125 0.01875 0.015625
6 0.19140625 0.24296875 0.0234375 0.0171875
6 0.19140625 0.2234375 0.0203125 0.015625
6 0.17734375 0.2125 0.0203125 0.0125
6 0.1828125 0.4921875 0.01875 0.015625
6 0.128125 0.51328125 0.01875 0.0140625
6 0.13671875 0.54609375 0.0203125 0.0140625
6 0.27578125 0.51796875 0.0171875 0.0140625
6 0.82890625 0.08359375 0.0171875 0.0078125
6 0.82421875 0.14140625 0.0203125 0.0078125
6 0.82421875 0.1546875 0.0203125 0.009375
6 0.81484375 0.2734375 0.0203125 0.009375
6 0.82421875 0.55 0.0109375 0.021875
6 0.815625 0.54765625 0.009375 0.0171875
6 0.80390625 0.546875 0.0109375 0.01875
6 0.275 0.52578125 0.01875 0.0171875
6 0.2671875 0.53984375 0.021875 0.0203125
6 0.26015625 0.55 0.0171875 0.015625
6 0.24765625 0.565625 0.0078125 0.01875
6 0.23828125 0.56484375 0.0109375 0.0171875
6 0.22734375 0.56484375 0.0109375 0.0203125
6 0.1953125 0.56328125 0.009375 0.0171875
6 0.1625 0.5609375 0.009375 0.01875
6 0.9578125 0.1921875 0.021875 0.0125
6 0.93515625 0.14140625 0.0171875 0.0078125
6 0.93671875 0.1328125 0.0171875 0.009375
6 0.9375 0.1234375 0.01875 0.009375
6 0.96171875 0.121875 0.0171875 0.009375
6 0.959375 0.1140625 0.01875 0.009375
6 0.96171875 0.10625 0.0171875 0.009375
6 0.9390625 0.078125 0.009375 0.015625
6 0.9296875 0.07578125 0.0125 0.0171875
6 0.83046875 0.06640625 0.0203125 0.0109375
6 0.9609375 0.09765625 0.021875 0.0109375
6 0.9734375 0.6765625 0.009375 0.015625
5 0.5390625 0.6390625 0.046875 0.0125
5 0.53984375 0.65234375 0.0484375 0.0109375
5 0.53671875 0.66484375 0.0484375 0.0140625
6 0.91875 0.67890625 0.009375 0.0171875
6 0.9265625 0.6796875 0.00625 0.01875
6 0.9453125 0.6765625 0.009375 0.015625
6 0.96171875 0.67890625 0.0109375 0.0171875
5 0.53359375 0.57578125 0.0328125 0.0078125
6 0.95625 0.2765625 0.021875 0.009375
6 0.95234375 0.2671875 0.0140625 0.009375
6 0.9546875 0.2578125 0.01875 0.00625
6 0.95546875 0.25 0.0140625 0.00625
6 0.95625 0.24296875 0.015625 0.0109375
6 0.95703125 0.23359375 0.0171875 0.0109375
6 0.9609375 0.2171875 0.025 0.009375
5 0.53359375 0.5859375 0.0296875 0.009375
5 0.5359375 0.5671875 0.028125 0.009375
5 0.86796875 0.52109375 0.0109375 0.0203125
5 0.86796875 0.5484375 0.0078125 0.025
5 0.859375 0.5453125 0.009375 0.021875
5 0.9421875 0.55078125 0.009375 0.0296875
5 0.90703125 0.540625 0.0171875 0.034375
5 0.8875 0.521875 0.009375 0.015625
5 0.87734375 0.5203125 0.0109375 0.021875
5 0.85703125 0.5203125 0.0109375 0.021875
5 0.53359375 0.55625 0.0296875 0.009375
6 0.7203125 0.65546875 0.01875 0.0078125
5 0.6265625 0.59453125 0.028125 0.0109375
5 0.76640625 0.5953125 0.0390625 0.0125
5 0.72890625 0.6421875 0.0328125 0.009375
5 0.534375 0.525 0.034375 0.0125
5 0.534375 0.534375 0.03125 0.0125
5 0.534375 0.5453125 0.03125 0.009375
6 0.953125 0.32578125 0.021875 0.0078125
6 0.9546875 0.3359375 0.021875 0.00625
6 0.990625 0.3453125 0.015625 0.00625
6 0.94921875 0.4640625 0.0140625 0.009375
6 0.1421875 0.1359375 0.01875 0.015625
6 0.14375 0.11875 0.01875 0.015625
6 0.14375 0.10546875 0.01875 0.0171875
6 0.14375 0.0875 0.01875 0.015625
6 0.146875 0.06640625 0.015625 0.0140625
