6 0.478125 0.96796875 0.01875 0.0078125
6 0.29296875 0.25625 0.0171875 0.015625
6 0.13515625 0.10546875 0.0203125 0.0140625
6 0.32578125 0.32109375 0.0203125 0.0203125
6 0.321875 0.31328125 0.021875 0.0203125
6 0.3203125 0.303125 0.01875 0.01875
6 0.31328125 0.2859375 0.0171875 0.015625
6 0.309375 0.278125 0.01875 0.01875
6 0.2984375 0.2640625 0.015625 0.01875
6 0.284375 0.24375 0.015625 0.01875
6 0.1359375 0.1234375 0.01875 0.0125
6 0.278125 0.23828125 0.015625 0.0171875
6 0.271875 0.23203125 0.015625 0.0171875
6 0.26796875 0.2234375 0.0171875 0.01875
6 0.26171875 0.215625 0.0140625 0.015625
6 0.25859375 0.21015625 0.0140625 0.0140625
6 0.25390625 0.20234375 0.0140625 0.0203125
6 0.24296875 0.18671875 0.0171875 0.0171875
6 0.13515625 0.11328125 0.0140625 0.0109375
6 0.1359375 0.13125 0.01875 0.015625
6 0.128125 0.309375 0.01875 0.009375
6 0.13046875 0.225 0.0171875 0.0125
6 0.13046875 0.2921875 0.0203125 0.0125
6 0.1296875 0.27734375 0.01875 0.0140625
6 0.13046875 0.26796875 0.0203125 0.0140625
6 0.13046875 0.259375 0.0171875 0.0125
6 0.13125 0.25 0.015625 0.0125
6 0.1296875 0.24140625 0.015625 0.0109375
6 0.13203125 0.2328125 0.0171875 0.0125
6 0.13203125 0.215625 0.0171875 0.0125
6 0.13359375 0.140625 0.0140625 0.009375
6 0.1328125 0.2 0.01875 0.0125
6 0.13203125 0.19296875 0.0140625 0.0109375
6 0.13203125 0.18359375 0.0171875 0.0140625
6 0.13515625 0.1734375 0.0171875 0.0125
6 0.13515625 0.165625 0.0171875 0.0125
6 0.1328125 0.15703125 0.01875 0.0140625
6 0.13359375 0.14765625 0.0171875 0.0140625
6 0.23046875 0.1671875 0.0109375 0.015625
6 0.225 0.1625 0.0125 0.01875
6 0.2203125 0.15625 0.0125 0.01875
6 0.16015625 0.0671875 0.0109375 0.01875
6 0.23828125 0.11640625 0.0171875 0.0171875
6 0.2 0.12578125 0.009375 0.0203125
6 0.1828125 0.1046875 0.0125 0.01875
6 0.1796875 0.09609375 0.0125 0.0171875
6 0.171875 0.0921875 0.015625 0.021875
6 0.16875 0.084375 0.015625 0.015625
6 0.16640625 0.07578125 0.0140625 0.0140625
6 0.15625 0.06328125 0.0125 0.0140625
6 0.21484375 0.14609375 0.0140625 0.0171875
6 0.1515625 0.0578125 0.015625 0.01875
6 0.14765625 0.053125 0.0140625 0.015625
6 0.14375 0.04765625 0.015625 0.0140625
6 0.1390625 0.04140625 0.015625 0.0171875
6 0.13359375 0.0375 0.0140625 0.015625
6 0.13046875 0.0296875 0.0109375 0.0125
6 0.15546875 0.01953125 0.0140625 0.0140625
6 0.33359375 0.1328125 0.0171875 0.009375
6 0.37109375 0.134375 0.0171875 0.009375
6 0.38515625 0.14375 0.0171875 0.009375
6 0.4203125 0.153125 0.01875 0.00625
6 0.2078125 0.1390625 0.015625 0.01875
6 0.20546875 0.13125 0.0140625 0.01875
6 0.36484375 0.1765625 0.0171875 0.00625
6 0.33203125 0.16796875 0.0171875 0.0078125
6 0.3328125 0.1578125 0.015625 0.00625
6 0.33359375 0.14921875 0.0171875 0.0078125
6 0.3671875 0.15078125 0.021875 0.0109375
6 0.38515625 0.159375 0.0171875 0.009375
6 0.38203125 0.16875 0.0203125 0.009375
6 0.38203125 0.17890625 0.0171875 0.0078125
6 0.38046875 0.1859375 0.0203125 0.00625
6 0.384375 0.19296875 0.015625 0.0078125
6 0.36640625 0.19453125 0.0203125 0.0078125
6 0.41875 0.19609375 0.015625 0.0078125
6 0.41953125 0.1796875 0.0171875 0.00625
6 0.1296875 0.30234375 0.01875 0.0109375
6 0.1296875 0.3171875 0.01875 0.0125
6 0.11953125 0.0171875 0.0140625 0.015625
6 0.2296875 0.28984375 0.015625 0.0203125
6 0.17734375 0.309375 0.0140625 0.01875
6 0.16875 0.30859375 0.0125 0.0171875
6 0.16015625 0.3078125 0.0140625 0.01875
6 0.26484375 0.28984375 0.0140625 0.0171875
6 0.25703125 0.29296875 0.0109375 0.0171875
6 0.2484375 0.29296875 0.0125 0.0203125
6 0.23984375 0.29296875 0.0140625 0.0203125
6 0.22265625 0.2921875 0.0140625 0.01875
6 0.19453125 0.3109375 0.0109375 0.015625
6 0.2140625 0.2953125 0.0125 0.015625
6 0.20703125 0.29453125 0.0140625 0.0171875
6 0.196875 0.29296875 0.015625 0.0171875
6 0.18984375 0.29453125 0.0171875 0.0203125
6 0.18046875 0.2921875 0.0171875 0.01875
6 0.1703125 0.29140625 0.0125 0.0171875
6 0.1609375 0.29140625 0.0125 0.0203125
6 0.18671875 0.309375 0.0109375 0.015625
6 0.20390625 0.309375 0.0109375 0.015625
6 0.1296875 0.32578125 0.01875 0.0140625
6 0.6734375 0.23046875 0.025 0.0078125
6 0.38984375 0.35859375 0.0140625 0.0234375
6 0.55078125 0.528125 0.0171875 0.021875
6 0.60625 0.48046875 0.01875 0.0203125
6 0.6359375 0.46015625 0.0125 0.0203125
6 0.584375 0.37109375 0.021875 0.0078125
6 0.559375 0.36171875 0.01875 0.0171875
6 0.6765625 0.24140625 0.021875 0.0109375
6 0.671875 0.2171875 0.028125 0.009375
6 0.21171875 0.309375 0.0109375 0.015625
6 0.2796875 0.3078125 0.0125 0.01875
6 0.26953125 0.31015625 0.0140625 0.0171875
6 0.2640625 0.3140625 0.0125 0.015625
6 0.246875 0.309375 0.0125 0.015625
6 0.2375 0.3078125 0.0125 0.01875
6 0.22890625 0.3109375 0.0109375 0.01875
6 0.22109375 0.3109375 0.0109375 0.015625
6 0.16484375 0.25546875 0.0140625 0.0203125
6 0.17421875 0.25625 0.0109375 0.01875
6 0.18203125 0.25703125 0.0140625 0.0171875
6 0.16796875 0.1890625 0.0140625 0.01875
6 0.19765625 0.20546875 0.0109375 0.0171875
6 0.2078125 0.20390625 0.0125 0.0171875
6 0.22109375 0.2046875 0.0171875 0.025
6 0.203125 0.18828125 0.015625 0.0203125
6 0.19296875 0.1890625 0.0140625 0.015625
6 0.184375 0.18828125 0.0125 0.0171875
6 0.17578125 0.18828125 0.0140625 0.0171875
6 0.1796875 0.15 0.0125 0.015625
6 0.190625 0.25703125 0.015625 0.0203125
6 0.17265625 0.1515625 0.0140625 0.01875
6 0.16484375 0.1546875 0.0140625 0.01875
6 0.12734375 0.3703125 0.0171875 0.0125
6 0.12734375 0.36171875 0.0140625 0.0109375
6 0.128125 0.3515625 0.01875 0.0125
6 0.128125 0.34453125 0.01875 0.0109375
6 0.128125 0.3359375 0.015625 0.0125
6 0.1890625 0.20625 0.0125 0.01875
6 0.1796875 0.2046875 0.0125 0.01875
6 0.17265625 0.20625 0.0109375 0.01875
6 0.16328125 0.20625 0.0171875 0.021875
6 0.21484375 0.25859375 0.0171875 0.0203125
6 0.22578125 0.25703125 0.0140625 0.0171875
6 0.234375 0.25625 0.0125 0.015625
6 0.2484375 0.2578125 0.0125 0.01875
6 0.2046875 0.2421875 0.0125 0.01875
6 0.2125 0.24296875 0.0125 0.0203125
6 0.2234375 0.2421875 0.0125 0.01875
6 0.28828125 0.20703125 0.0171875 0.0140625
6 0.23125 0.24140625 0.0125 0.0171875
6 0.240625 0.2421875 0.0125 0.015625
6 0.19765625 0.24140625 0.0109375 0.0171875
6 0.1890625 0.23984375 0.0125 0.0234375
6 0.18125 0.24296875 0.009375 0.0171875
6 0.17109375 0.240625 0.0109375 0.01875
6 0.1609375 0.2375 0.0125 0.01875
6 0.125 0.0234375 0.0125 0.01875
6 0.15859375 0.3390625 0.0140625 0.01875
6 0.36796875 0.37265625 0.0078125 0.0171875
6 0.16875 0.34375 0.009375 0.015625
6 0.25703125 0.571875 0.0140625 0.01875
6 0.1734375 0.59453125 0.015625 0.0171875
6 0.16875 0.584375 0.01875 0.021875
6 0.45234375 0.65 0.0109375 0.021875
6 0.29921875 0.57109375 0.0109375 0.0171875
6 0.29140625 0.57265625 0.0140625 0.0171875
6 0.28203125 0.5703125 0.0140625 0.015625
6 0.265625 0.57109375 0.0125 0.0171875
6 0.24921875 0.5703125 0.0109375 0.015625
6 0.18203125 0.6078125 0.0171875 0.01875
6 0.240625 0.56796875 0.0125 0.0171875
6 0.225 0.571875 0.0125 0.01875
6 0.2140625 0.56796875 0.0125 0.0171875
6 0.20625 0.571875 0.0125 0.015625
6 0.196875 0.56953125 0.0125 0.0171875
6 0.30703125 0.57265625 0.0109375 0.0171875
6 0.3140625 0.56328125 0.0125 0.0171875
6 0.1765625 0.60390625 0.015625 0.0203125
6 0.18359375 0.6203125 0.0171875 0.021875
6 0.25234375 0.621875 0.0109375 0.015625
6 0.28515625 0.60546875 0.0109375 0.0203125
6 0.2703125 0.621875 0.015625 0.01875
6 0.27890625 0.62109375 0.0078125 0.0140625
6 0.28515625 0.62421875 0.0140625 0.0203125
6 0.29375 0.62578125 0.0125 0.0171875
6 0.30390625 0.6234375 0.0140625 0.01875
6 0.30078125 0.61015625 0.0140625 0.0203125
6 0.29453125 0.60546875 0.0109375 0.0203125
6 0.27421875 0.60703125 0.0109375 0.0171875
6 0.19296875 0.6328125 0.0171875 0.01875
6 0.265625 0.60625 0.009375 0.01875
6 0.25703125 0.60703125 0.0109375 0.0171875
6 0.24921875 0.6078125 0.0109375 0.015625
6 0.240625 0.60625 0.0125 0.015625
6 0.23359375 0.60390625 0.0109375 0.0140625
6 0.225 0.60234375 0.0125 0.0203125
6 0.19609375 0.6421875 0.0171875 0.021875
6 0.303125 0.5546875 0.0125 0.015625
6 0.29296875 0.553125 0.0109375 0.01875
6 0.284375 0.55390625 0.0125 0.0171875
6 0.38671875 0.59609375 0.0109375 0.0171875
6 0.25703125 0.51953125 0.0109375 0.0171875
6 0.26640625 0.5203125 0.0140625 0.01875
6 0.275 0.51953125 0.0125 0.0171875
6 0.2828125 0.52109375 0.0125 0.0203125
6 0.29140625 0.51953125 0.0109375 0.0203125
6 0.3015625 0.51953125 0.015625 0.0171875
6 0.3140625 0.51875 0.015625 0.01875
6 0.3796875 0.43359375 0.0125 0.0171875
6 0.27578125 0.5515625 0.0140625 0.021875
6 0.309375 0.503125 0.0125 0.015625
6 0.30078125 0.5015625 0.0109375 0.015625
6 0.290625 0.503125 0.009375 0.015625
6 0.28203125 0.50234375 0.0109375 0.0171875
6 0.27109375 0.4859375 0.0171875 0.00625
6 0.2734375 0.5046875 0.009375 0.015625
6 0.265625 0.50390625 0.009375 0.0171875
6 0.25 0.51796875 0.009375 0.0171875
6 0.2421875 0.5203125 0.0125 0.015625
6 0.2171875 0.51875 0.0125 0.015625
6 0.20859375 0.51875 0.0109375 0.015625
6 0.2671875 0.55546875 0.0125 0.0171875
6 0.25703125 0.5484375 0.0109375 0.015625
6 0.25078125 0.5515625 0.0140625 0.015625
6 0.2421875 0.5515625 0.015625 0.021875
6 0.234375 0.55390625 0.0125 0.0171875
6 0.2265625 0.55234375 0.015625 0.0203125
6 0.21796875 0.553125 0.0140625 0.01875
6 0.209375 0.55234375 0.0125 0.0171875
6 0.2 0.5546875 0.015625 0.01875
6 0.15546875 0.515625 0.0140625 0.01875
6 0.1640625 0.515625 0.009375 0.015625
6 0.17265625 0.515625 0.0140625 0.015625
6 0.1828125 0.51640625 0.009375 0.0171875
6 0.19140625 0.51796875 0.0109375 0.0171875
6 0.2 0.51640625 0.0125 0.0171875
6 0.26015625 0.621875 0.0109375 0.015625
6 0.24453125 0.6203125 0.0109375 0.015625
6 0.2484375 0.50390625 0.009375 0.0171875
6 0.2078125 0.8578125 0.0125 0.015625
6 0.19453125 0.9328125 0.0203125 0.0125
6 0.23515625 0.8828125 0.0140625 0.01875
6 0.26171875 0.884375 0.0140625 0.01875
6 0.15859375 0.8578125 0.0140625 0.01875
6 0.18125 0.85703125 0.009375 0.0171875
6 0.19296875 0.85625 0.0109375 0.01875
6 0.19921875 0.85625 0.0109375 0.01875
6 0.27890625 0.88515625 0.0171875 0.0203125
6 0.378125 0.91328125 0.009375 0.0171875
6 0.1109375 0.828125 0.025 0.009375
6 0.1109375 0.81953125 0.021875 0.0078125
6 0.1140625 0.7828125 0.021875 0.00625
6 0.11328125 0.76953125 0.0234375 0.0109375
6 0.11171875 0.76015625 0.0203125 0.0078125
6 0.11328125 0.75234375 0.0203125 0.0078125
6 0.1125 0.7453125 0.021875 0.009375
6 0.30703125 0.9171875 0.0171875 0.0125
6 0.15703125 0.87734375 0.0140625 0.0140625
6 0.23359375 0.621875 0.0109375 0.01875
6 0.1140625 0.87734375 0.015625 0.0203125
6 0.1125 0.9609375 0.015625 0.01875
6 0.13828125 0.9625 0.0140625 0.01875
6 0.30390625 0.98984375 0.0203125 0.0140625
6 0.27265625 0.93515625 0.0171875 0.0140625
6 0.1171875 0.9125 0.015625 0.01875
6 0.13515625 0.915625 0.0140625 0.01875
6 0.1125 0.73671875 0.021875 0.0078125
6 0.1109375 0.72734375 0.01875 0.0078125
6 0.11640625 0.7171875 0.0203125 0.0125
6 0.29375 0.66015625 0.015625 0.0171875
6 0.23359375 0.65859375 0.0109375 0.0171875
6 0.24140625 0.65546875 0.0109375 0.0171875
6 0.25 0.65625 0.0125 0.01875
6 0.2609375 0.6609375 0.0125 0.01875
6 0.26796875 0.66015625 0.0140625 0.0171875
6 0.2765625 0.66171875 0.0125 0.0203125
6 0.28515625 0.66015625 0.0140625 0.0171875
6 0.303125 0.659375 0.0125 0.01875
6 0.11640625 0.7078125 0.0203125 0.0125
6 0.3140625 0.65703125 0.021875 0.0171875
6 0.32265625 0.65 0.0171875 0.015625
6 0.3265625 0.64296875 0.021875 0.0109375
6 0.33046875 0.63203125 0.0203125 0.0078125
6 0.33359375 0.6234375 0.0203125 0.0125
6 0.21796875 0.61875 0.0109375 0.015625
6 0.2265625 0.6203125 0.0125 0.01875
6 0.225 0.65859375 0.0125 0.0171875
6 0.159375 0.7 0.009375 0.01875
6 0.15 0.7 0.009375 0.021875
6 0.14140625 0.7015625 0.0078125 0.01875
6 0.31015625 0.8640625 0.0171875 0.00625
6 0.31171875 0.84921875 0.0203125 0.0078125
6 0.3109375 0.8390625 0.015625 0.00625
6 0.36171875 0.80625 0.0171875 0.015625
6 0.3140625 0.8140625 0.01875 0.00625
6 0.31328125 0.80390625 0.0171875 0.0078125
6 0.31640625 0.796875 0.0171875 0.00625
6 0.3140625 0.78828125 0.015625 0.0078125
6 0.31875 0.77890625 0.021875 0.0078125
6 0.31640625 0.771875 0.0203125 0.00625
6 0.31875 0.75546875 0.015625 0.0078125
6 0.31796875 0.7390625 0.0171875 0.00625
6 0.31875 0.72421875 0.01875 0.0078125
6 0.27578125 0.7359375 0.0203125 0.009375
6 0.13203125 0.7 0.0109375 0.01875
6 0.25859375 0.50078125 0.0140625 0.0203125
6 0.240625 0.5015625 0.009375 0.015625
6 0.17578125 0.34453125 0.0109375 0.0171875
6 0.29609375 0.40078125 0.0109375 0.0140625
6 0.28671875 0.4171875 0.0140625 0.01875
6 0.2953125 0.415625 0.0125 0.01875
6 0.30703125 0.415625 0.0109375 0.015625
6 0.31328125 0.41796875 0.0109375 0.0171875
6 0.3234375 0.409375 0.00625 0.015625
6 0.3140625 0.39921875 0.0125 0.0171875
6 0.30390625 0.40078125 0.0109375 0.0171875
6 0.28671875 0.4 0.0140625 0.01875
6 0.26953125 0.41484375 0.0140625 0.0203125
6 0.27734375 0.39921875 0.0140625 0.0171875
6 0.26953125 0.39921875 0.0140625 0.0171875
6 0.26171875 0.4 0.0140625 0.015625
6 0.253125 0.4 0.015625 0.01875
6 0.24453125 0.3984375 0.0109375 0.015625
6 0.2359375 0.39765625 0.015625 0.0203125
6 0.2265625 0.3984375 0.0125 0.015625
6 0.27890625 0.4140625 0.0140625 0.01875
6 0.2609375 0.41484375 0.0125 0.0171875
6 0.34453125 0.37890625 0.0171875 0.0140625
6 0.1765625 0.41015625 0.0125 0.0171875
6 0.3421875 0.359375 0.01875 0.015625
6 0.340625 0.35078125 0.015625 0.0140625
6 0.3359375 0.34375 0.015625 0.0125
6 0.3328125 0.33359375 0.015625 0.0140625
6 0.33046875 0.328125 0.0203125 0.015625
6 0.15703125 0.4125 0.0140625 0.01875
6 0.1671875 0.409375 0.0125 0.01875
6 0.18359375 0.4109375 0.0109375 0.015625
6 0.25234375 0.4140625 0.0140625 0.01875
6 0.19296875 0.4140625 0.0140625 0.01875
6 0.203125 0.4125 0.015625 0.01875
6 0.2109375 0.4109375 0.0125 0.01875
6 0.21875 0.4125 0.0125 0.01875
6 0.22734375 0.41171875 0.0109375 0.0171875
6 0.23671875 0.41328125 0.0109375 0.0171875
6 0.24453125 0.41328125 0.0109375 0.0203125
6 0.21953125 0.3984375 0.0140625 0.01875
6 0.21015625 0.39609375 0.0140625 0.0203125
6 0.2015625 0.39453125 0.0125 0.0140625
6 0.253125 0.34609375 0.0125 0.0171875
6 0.290625 0.36171875 0.015625 0.0140625
6 0.3 0.36328125 0.0125 0.0140625
6 0.27109375 0.3453125 0.0109375 0.015625
6 0.2796875 0.34375 0.009375 0.015625
6 0.2890625 0.34375 0.0125 0.015625
6 0.3 0.34609375 0.0125 0.0203125
6 0.25859375 0.34375 0.0078125 0.015625
6 0.24453125 0.34453125 0.0140625 0.0203125
6 0.1921875 0.39375 0.015625 0.01875
6 0.23671875 0.3453125 0.0109375 0.01875
6 0.22890625 0.34296875 0.0109375 0.0171875
6 0.22109375 0.34453125 0.0109375 0.0171875
6 0.21171875 0.34296875 0.0140625 0.0203125
6 0.2015625 0.34375 0.009375 0.015625
6 0.19140625 0.34453125 0.0109375 0.0171875
6 0.18359375 0.34453125 0.0078125 0.0171875
6 0.2796875 0.3625 0.0125 0.01875
6 0.27109375 0.36328125 0.0109375 0.0171875
6 0.2640625 0.36171875 0.0125 0.0171875
6 0.2546875 0.359375 0.009375 0.015625
6 0.18359375 0.3953125 0.0140625 0.01875
6 0.17421875 0.39375 0.0140625 0.01875
6 0.165625 0.39375 0.015625 0.01875
6 0.1578125 0.39375 0.0125 0.015625
6 0.1625 0.3578125 0.0125 0.01875
6 0.16875 0.3578125 0.009375 0.01875
6 0.17734375 0.359375 0.0140625 0.01875
6 0.1875 0.36015625 0.0125 0.0171875
6 0.196875 0.35859375 0.009375 0.0171875
6 0.20234375 0.359375 0.0109375 0.015625
6 0.21171875 0.36015625 0.0140625 0.0171875
6 0.22265625 0.359375 0.0109375 0.015625
6 0.23046875 0.35859375 0.0140625 0.0140625
6 0.2375 0.3625 0.0125 0.015625
6 0.2453125 0.36328125 0.0125 0.0171875
6 0.34140625 0.3703125 0.0203125 0.01875
6 0.34765625 0.3859375 0.0203125 0.01875
6 0.2234375 0.50234375 0.009375 0.0171875
6 0.29296875 0.4515625 0.0140625 0.01875
6 0.29140625 0.4671875 0.0140625 0.01875
6 0.30078125 0.465625 0.0109375 0.01875
6 0.3078125 0.4671875 0.0125 0.021875
6 0.31875 0.46953125 0.0125 0.0171875
6 0.3234375 0.45546875 0.0125 0.0140625
6 0.31171875 0.453125 0.0140625 0.01875
6 0.3 0.45 0.0125 0.015625
6 0.284375 0.4515625 0.0125 0.01875
6 0.275 0.4671875 0.0125 0.021875
6 0.2765625 0.4515625 0.0125 0.01875
6 0.2671875 0.4515625 0.015625 0.021875
6 0.26015625 0.45390625 0.0140625 0.0171875
6 0.2515625 0.45078125 0.0125 0.0171875
6 0.234375 0.45 0.015625 0.021875
6 0.2265625 0.4484375 0.015625 0.021875
6 0.21875 0.45234375 0.0125 0.0171875
6 0.28125 0.46796875 0.0125 0.0140625
6 0.265625 0.46953125 0.0125 0.0171875
6 0.34921875 0.396875 0.0234375 0.021875
6 0.1546875 0.50078125 0.0125 0.0171875
6 0.21484375 0.50234375 0.0140625 0.0203125
6 0.20546875 0.50390625 0.0109375 0.0203125
6 0.196875 0.50234375 0.0125 0.0171875
6 0.190625 0.5015625 0.0125 0.01875
6 0.18125 0.5 0.015625 0.025
6 0.17421875 0.50078125 0.0109375 0.0203125
6 0.16328125 0.5 0.0109375 0.01875
6 0.16484375 0.465625 0.0109375 0.01875
6 0.2578125 0.46953125 0.009375 0.0171875
6 0.15625 0.46796875 0.0125 0.0171875
6 0.2078125 0.465625 0.009375 0.015625
6 0.21640625 0.46484375 0.0109375 0.0140625
6 0.225 0.4671875 0.0125 0.01875
6 0.2328125 0.46796875 0.0125 0.0203125
6 0.240625 0.46640625 0.0125 0.0171875
6 0.24921875 0.46640625 0.0109375 0.0171875
6 0.21015625 0.45078125 0.0140625 0.0203125
6 0.2015625 0.45078125 0.0125 0.0171875
6 0.19140625 0.4453125 0.0140625 0.01875
6 0.3546875 0.47421875 0.01875 0.0109375
6 0.34453125 0.54609375 0.0171875 0.0109375
6 0.3453125 0.5390625 0.01875 0.009375
6 0.34609375 0.52265625 0.0203125 0.0140625
6 0.35078125 0.50703125 0.0203125 0.0140625
6 0.35234375 0.49609375 0.0171875 0.0109375
6 0.3546875 0.48828125 0.01875 0.0109375
6 0.35625 0.48125 0.015625 0.009375
6 0.35390625 0.465625 0.0203125 0.0125
6 0.18359375 0.44921875 0.0109375 0.0171875
6 0.35546875 0.453125 0.0203125 0.0125
6 0.35703125 0.4453125 0.0171875 0.0125
6 0.353125 0.4375 0.021875 0.0125
6 0.35546875 0.4296875 0.0203125 0.0125
6 0.353125 0.4203125 0.01875 0.0125
6 0.3546875 0.4109375 0.01875 0.015625
6 0.3515625 0.40234375 0.021875 0.0171875
6 0.3421875 0.55625 0.01875 0.0125
6 0.3421875 0.565625 0.021875 0.0125
6 0.33984375 0.57265625 0.0171875 0.0109375
6 0.3375 0.59609375 0.01875 0.0109375
6 0.17578125 0.45078125 0.0109375 0.0171875
6 0.1671875 0.44921875 0.015625 0.0203125
6 0.15859375 0.453125 0.0171875 0.021875
6 0.15 0.45234375 0.0125 0.0203125
6 0.121875 0.52578125 0.021875 0.0203125
6 0.12109375 0.51484375 0.0171875 0.0171875
6 0.121875 0.50078125 0.021875 0.0171875
6 0.12109375 0.490625 0.0234375 0.01875
6 0.12109375 0.48203125 0.0203125 0.0140625
6 0.12265625 0.47265625 0.0203125 0.0140625
6 0.1234375 0.46484375 0.01875 0.0171875
6 0.12265625 0.45625 0.0203125 0.015625
6 0.1234375 0.446875 0.01875 0.015625
6 0.121875 0.43984375 0.021875 0.0140625
6 0.3375 0.60625 0.01875 0.009375
4 0.6078125 0.74453125 0.1375 0.1078125
