5 0.67734375 0.10234375 0.0171875 0.0734375
5 0.68671875 0.1015625 0.0140625 0.075
6 0.5546875 0.0640625 0.009375 0.01875
5 0.70078125 0.1015625 0.0171875 0.075
5 0.7109375 0.1015625 0.015625 0.071875
5 0.7234375 0.0984375 0.015625 0.075
5 0.47265625 0.09296875 0.0171875 0.0703125
5 0.4953125 0.09296875 0.015625 0.0671875
5 0.5171875 0.09453125 0.015625 0.0703125
5 0.52890625 0.09453125 0.0140625 0.0703125
6 0.65703125 0.06875 0.0109375 0.01875
6 0.3859375 0.559375 0.015625 0.021875
6 0.55 0.6265625 0.025 0.009375
6 0.54375 0.61875 0.01875 0.009375
6 0.3046875 0.6203125 0.009375 0.015625
6 0.31796875 0.61328125 0.0109375 0.0171875
6 0.34609375 0.62109375 0.0140625 0.0203125
6 0.3828125 0.6265625 0.009375 0.015625
6 0.39375 0.621875 0.009375 0.015625
6 0.36953125 0.5625 0.0109375 0.021875
6 0.55 0.6625 0.021875 0.009375
6 0.33828125 0.55703125 0.0078125 0.0171875
6 0.16953125 0.86171875 0.0203125 0.0171875
6 0.23984375 0.85859375 0.0171875 0.0171875
6 0.240625 0.83671875 0.021875 0.0171875
6 0.2421875 0.8265625 0.01875 0.015625
6 0.22890625 0.80546875 0.0171875 0.0171875
6 0.2265625 0.79609375 0.01875 0.0171875
6 0.546875 0.65078125 0.021875 0.0078125
6 0.5453125 0.6796875 0.015625 0.00625
6 0.1671875 0.971875 0.01875 0.0125
6 0.3453125 0.92265625 0.009375 0.0203125
6 0.3359375 0.9234375 0.009375 0.015625
6 0.3265625 0.92265625 0.009375 0.0171875
6 0.27890625 0.8984375 0.0234375 0.01875
6 0.27890625 0.8890625 0.0234375 0.01875
6 0.23671875 0.96796875 0.0171875 0.0140625
6 0.18203125 0.98125 0.0171875 0.015625
6 0.1296875 0.97421875 0.01875 0.0140625
6 0.54453125 0.68984375 0.0203125 0.0078125
6 0.18359375 0.96171875 0.0171875 0.0140625
6 0.13046875 0.903125 0.0171875 0.015625
6 0.53359375 0.83828125 0.0171875 0.0078125
6 0.54296875 0.78828125 0.0203125 0.0078125
6 0.5453125 0.71484375 0.01875 0.0078125
6 0.54609375 0.70703125 0.0203125 0.0078125
6 0.54296875 0.69765625 0.0171875 0.0078125
6 0.22734375 0.78515625 0.0203125 0.0140625
6 0.23203125 0.765625 0.0171875 0.015625
6 0.228125 0.75546875 0.021875 0.0171875
6 0.20078125 0.61640625 0.0203125 0.0171875
6 0.17578125 0.67265625 0.0203125 0.0171875
6 0.1921875 0.68359375 0.01875 0.0140625
6 0.19296875 0.675 0.0203125 0.01875
6 0.19375 0.66328125 0.021875 0.0171875
6 0.1796875 0.6453125 0.01875 0.015625
6 0.17890625 0.6328125 0.0203125 0.015625
6 0.19765625 0.62578125 0.0203125 0.0171875
6 0.1328125 0.83828125 0.021875 0.0203125
6 0.22890625 0.7171875 0.0203125 0.01875
6 0.13515625 0.825 0.0171875 0.015625
6 0.13671875 0.7640625 0.0171875 0.01875
6 0.13671875 0.7265625 0.0203125 0.01875
6 0.140625 0.70546875 0.021875 0.0203125
6 0.140625 0.6765625 0.01875 0.015625
6 0.13984375 0.65625 0.0203125 0.01875
6 0.14140625 0.64375 0.0234375 0.01875
6 0.17734375 0.6828125 0.0203125 0.015625
6 0.1921875 0.69296875 0.01875 0.0140625
6 0.19296875 0.70390625 0.0171875 0.0140625
6 0.1765625 0.6921875 0.01875 0.015625
6 0.2484375 0.70703125 0.021875 0.0171875
6 0.23046875 0.6859375 0.0171875 0.015625
6 0.24921875 0.6890625 0.0171875 0.0125
6 0.23125 0.6765625 0.01875 0.0125
6 0.24921875 0.659375 0.0203125 0.015625
6 0.23359375 0.6578125 0.0171875 0.015625
6 0.25078125 0.6390625 0.0171875 0.0125
6 0.234375 0.6484375 0.01875 0.015625
6 0.1890625 0.8125 0.01875 0.015625
6 0.18671875 0.803125 0.0203125 0.015625
6 0.17265625 0.75234375 0.0203125 0.0171875
6 0.1890625 0.753125 0.01875 0.015625
6 0.19140625 0.74296875 0.0234375 0.0171875
6 0.19140625 0.7234375 0.0203125 0.015625
6 0.17734375 0.7125 0.0203125 0.0125
6 0.82890625 0.58359375 0.0171875 0.0078125
6 0.82421875 0.64140625 0.0203125 0.0078125
6 0.82421875 0.6546875 0.0203125 0.009375
6 0.81484375 0.7734375 0.0203125 0.009375
6 0.75859375 0.4390625 0.0078125 0.01875
6 0.76796875 0.4375 0.0078125 0.01875
6 0.7765625 0.43828125 0.00625 0.0171875
6 0.7890625 0.4390625 0.009375 0.01875
6 0.8109375 0.43828125 0.009375 0.0171875
6 0.9578125 0.6921875 0.021875 0.0125
6 0.93515625 0.64140625 0.0171875 0.0078125
6 0.93671875 0.6328125 0.0171875 0.009375
6 0.9375 0.6234375 0.01875 0.009375
6 0.96171875 0.621875 0.0171875 0.009375
6 0.959375 0.6140625 0.01875 0.009375
6 0.96171875 0.60625 0.0171875 0.009375
6 0.9390625 0.578125 0.009375 0.015625
6 0.9296875 0.57578125 0.0125 0.0171875
6 0.83046875 0.56640625 0.0203125 0.0109375
6 0.9609375 0.59765625 0.021875 0.0109375
6 0.95625 0.7765625 0.021875 0.009375
6 0.95234375 0.7671875 0.0140625 0.009375
6 0.9546875 0.7578125 0.01875 0.00625
6 0.95546875 0.75 0.0140625 0.00625
6 0.95625 0.74296875 0.015625 0.0109375
6 0.95703125 0.73359375 0.0171875 0.0109375
6 0.9609375 0.7171875 0.025 0.009375
6 0.953125 0.82578125 0.021875 0.0078125
6 0.9546875 0.8359375 0.021875 0.00625
6 0.990625 0.8453125 0.015625 0.00625
6 0.94921875 0.9640625 0.0140625 0.009375
6 0.84296875 0.09296875 0.0203125 0.0078125
6 0.84453125 0.13125 0.0171875 0.009375
6 0.84609375 0.1203125 0.0171875 0.009375
6 0.8421875 0.109375 0.021875 0.00625
6 0.84375 0.1015625 0.015625 0.00625
6 0.84609375 0.0828125 0.0171875 0.009375
6 0.8484375 0.07578125 0.015625 0.0078125
6 0.84765625 0.06640625 0.0171875 0.0078125
6 0.84765625 0.059375 0.0140625 0.00625
6 0.84765625 0.05078125 0.0171875 0.0078125
6 0.84609375 0.04296875 0.0234375 0.0078125
6 0.85078125 0.03046875 0.0203125 0.0109375
6 0.1421875 0.6359375 0.01875 0.015625
6 0.14375 0.61875 0.01875 0.015625
6 0.14375 0.60546875 0.01875 0.0171875
6 0.14375 0.5875 0.01875 0.015625
6 0.0234375 0.0765625 0.0125 0.015625
6 0.21484375 0.0359375 0.0171875 0.01875
6 0.03984375 0.0703125 0.0171875 0.021875
6 0.03046875 0.0734375 0.0171875 0.021875
6 0.146875 0.56640625 0.015625 0.0140625
6 0.00546875 0.01953125 0.0109375 0.0171875
6 0.009375 0.03671875 0.0125 0.0203125
