6 0.04765625 0.58515625 0.0203125 0.0078125
6 0.046875 0.57734375 0.021875 0.0078125
6 0.0484375 0.59453125 0.01875 0.0078125
6 0.115625 0.53046875 0.015625 0.0078125
6 0.1125 0.62421875 0.01875 0.0109375
6 0.11015625 0.60703125 0.0234375 0.0078125
6 0.115625 0.58203125 0.01875 0.0078125
6 0.11328125 0.57265625 0.0203125 0.0109375
6 0.04453125 0.66953125 0.0203125 0.0078125
6 0.04609375 0.60234375 0.0171875 0.0078125
6 0.04140625 0.659375 0.0171875 0.009375
6 0.0453125 0.65234375 0.01875 0.0078125
6 0.04375 0.64296875 0.015625 0.0078125
6 0.04375 0.63359375 0.01875 0.0078125
6 0.046875 0.62734375 0.015625 0.0078125
6 0.04296875 0.61875 0.0234375 0.009375
6 0.0484375 0.61015625 0.01875 0.0078125
6 0.1578125 0.5171875 0.01875 0.009375
6 0.1546875 0.60546875 0.01875 0.0109375
6 0.15546875 0.59453125 0.0203125 0.0078125
6 0.15546875 0.5875 0.0203125 0.009375
6 0.15546875 0.56171875 0.0203125 0.0078125
6 0.1546875 0.5453125 0.021875 0.009375
6 0.15703125 0.53671875 0.0171875 0.0078125
6 0.15703125 0.5265625 0.0171875 0.009375
6 0.15859375 0.51015625 0.0203125 0.0078125
6 0.15390625 0.63046875 0.0171875 0.0078125
6 0.1578125 0.5015625 0.01875 0.00625
6 0.1734375 0.65546875 0.015625 0.0078125
6 0.17421875 0.60625 0.0203125 0.009375
6 0.1734375 0.5953125 0.01875 0.009375
6 0.171875 0.55390625 0.015625 0.0078125
6 0.1734375 0.54453125 0.015625 0.0078125
6 0.17578125 0.5359375 0.0171875 0.009375
6 0.15234375 0.61953125 0.0171875 0.0078125
6 0.15234375 0.63828125 0.0171875 0.0078125
6 0.53203125 0.52265625 0.0171875 0.0078125
6 0.46796875 0.5546875 0.0203125 0.009375
6 0.53125 0.58984375 0.015625 0.0078125
6 0.53046875 0.5796875 0.0203125 0.009375
6 0.53046875 0.57109375 0.0171875 0.0078125
6 0.5296875 0.56171875 0.021875 0.0078125
6 0.53046875 0.53671875 0.0171875 0.0109375
6 0.5296875 0.5125 0.021875 0.009375
6 0.4859375 0.53828125 0.015625 0.0078125
6 0.1515625 0.646875 0.01875 0.00625
6 0.4703125 0.53828125 0.015625 0.0078125
6 0.46796875 0.52890625 0.0171875 0.0078125
6 0.4890625 0.52890625 0.021875 0.0109375
6 0.1921875 0.71640625 0.00625 0.0171875
6 0.1734375 0.71328125 0.009375 0.0171875
6 0.1484375 0.71484375 0.0125 0.0203125
6 0.1515625 0.65390625 0.01875 0.0078125
6 0.17421875 0.52890625 0.0140625 0.0078125
6 0.17578125 0.5109375 0.0171875 0.009375
6 0.178125 0.50234375 0.01875 0.0078125
6 0.559375 0.359375 0.009375 0.021875
6 0.5328125 0.46171875 0.015625 0.0078125
6 0.690625 0.428125 0.021875 0.009375
6 0.66328125 0.4234375 0.0203125 0.009375
6 0.6078125 0.359375 0.0125 0.021875
6 0.5984375 0.3609375 0.009375 0.025
6 0.5875 0.359375 0.009375 0.01875
6 0.56875 0.359375 0.009375 0.021875
6 0.5140625 0.3859375 0.01875 0.009375
6 0.175 0.49375 0.01875 0.00625
6 0.55 0.36015625 0.0125 0.0265625
6 0.53828125 0.36015625 0.0109375 0.0203125
6 0.48046875 0.35390625 0.0078125 0.0171875
6 0.53203125 0.4953125 0.0203125 0.009375
6 0.46328125 0.4625 0.0109375 0.015625
6 0.49453125 0.42109375 0.0078125 0.0171875
6 0.509375 0.4234375 0.009375 0.021875
6 0.22109375 0.5046875 0.0171875 0.009375
6 0.265625 0.5296875 0.01875 0.009375
6 0.30703125 0.546875 0.0203125 0.009375
6 0.30703125 0.59140625 0.0203125 0.0078125
6 0.26640625 0.60625 0.0171875 0.009375
6 0.2671875 0.65625 0.021875 0.009375
6 0.2609375 0.70234375 0.015625 0.0078125
6 0.34140625 0.72421875 0.0078125 0.0171875
6 0.38515625 0.61640625 0.0171875 0.0078125
6 0.38671875 0.55703125 0.0171875 0.0078125
6 0.3890625 0.540625 0.01875 0.009375
6 0.3890625 0.49765625 0.0125 0.0078125
6 0.4265625 0.4734375 0.015625 0.00625
6 0.43046875 0.4421875 0.0171875 0.009375
6 0.34453125 0.415625 0.0078125 0.015625
6 0.46796875 0.5609375 0.0171875 0.009375
6 0.46640625 0.5703125 0.0171875 0.00625
6 0.484375 0.57265625 0.01875 0.0078125
6 0.95390625 0.6375 0.0203125 0.0125
6 0.95703125 0.646875 0.0171875 0.0125
6 0.93984375 0.67734375 0.0171875 0.0109375
6 0.9390625 0.6515625 0.015625 0.0125
6 0.940625 0.63203125 0.01875 0.0109375
6 0.9078125 0.709375 0.01875 0.0125
6 0.9109375 0.69140625 0.021875 0.0109375
6 0.48515625 0.5890625 0.0171875 0.009375
6 0.91015625 0.68203125 0.0171875 0.0109375
6 0.90625 0.66328125 0.021875 0.0140625
6 0.90703125 0.65546875 0.0203125 0.0109375
6 0.90859375 0.646875 0.0203125 0.0125
6 0.53203125 0.66171875 0.0203125 0.0078125
6 0.79453125 0.65078125 0.0265625 0.0140625
6 0.79453125 0.6421875 0.0234375 0.015625
6 0.796875 0.6328125 0.025 0.015625
6 0.7453125 0.621875 0.01875 0.0125
6 0.6625 0.68125 0.01875 0.0125
6 0.76796875 0.5640625 0.0265625 0.009375
6 0.53203125 0.67109375 0.0171875 0.0078125
6 0.53359375 0.65390625 0.0203125 0.0078125
6 0.4796875 0.68359375 0.01875 0.0078125
6 0.4828125 0.67421875 0.01875 0.0078125
6 0.48515625 0.66640625 0.0171875 0.0078125
6 0.46875 0.65703125 0.015625 0.0078125
6 0.46875 0.63203125 0.015625 0.0078125
6 0.4671875 0.6234375 0.015625 0.009375
6 0.4875 0.62421875 0.021875 0.0078125
6 0.68984375 0.69296875 0.0296875 0.0171875
6 0.690625 0.72734375 0.009375 0.0171875
6 0.15390625 0.9859375 0.0171875 0.0125
6 0.19609375 0.97890625 0.0203125 0.0109375
6 0.425 0.928125 0.025 0.0125
6 0.56328125 0.97421875 0.0171875 0.0078125
6 0.5265625 0.97421875 0.01875 0.0078125
6 0.49140625 0.971875 0.0203125 0.009375
6 0.43515625 0.971875 0.0171875 0.00625
6 0.3921875 0.97109375 0.015625 0.0078125
6 0.3578125 0.96875 0.01875 0.009375
6 0.334375 0.96875 0.01875 0.009375
6 0.3140625 0.96796875 0.015625 0.0078125
6 0.29375 0.96875 0.01875 0.009375
6 0.2546875 0.9703125 0.01875 0.009375
6 0.2171875 0.9765625 0.0125 0.009375
6 0.896875 0.75078125 0.009375 0.0171875
6 0.8484375 0.746875 0.009375 0.01875
6 0.82109375 0.74609375 0.0109375 0.0171875
6 0.809375 0.746875 0.009375 0.015625
6 0.98984375 0.59375 0.0078125 0.01875
6 0.946875 0.59453125 0.009375 0.0171875
6 0.93828125 0.59375 0.0109375 0.01875
6 0.92265625 0.59375 0.0109375 0.01875
6 0.9515625 0.75234375 0.009375 0.0171875
6 0.97578125 0.75546875 0.0109375 0.0203125
6 0.90703125 0.62890625 0.0203125 0.0109375
6 0.89296875 0.634375 0.0234375 0.0125
6 0.8921875 0.6875 0.01875 0.0125
6 0.8921875 0.67890625 0.01875 0.0109375
6 0.8421875 0.70625 0.01875 0.0125
6 0.8421875 0.67890625 0.01875 0.0109375
6 0.84375 0.6609375 0.01875 0.0125
6 0.84453125 0.65234375 0.0140625 0.0078125
6 0.84453125 0.64296875 0.0171875 0.0109375
6 0.84453125 0.634375 0.0203125 0.009375
6 0.8125 0.62890625 0.01875 0.0109375
6 0.8140625 0.68359375 0.01875 0.0140625
6 0.79140625 0.703125 0.0265625 0.021875
6 0.83828125 0.58984375 0.0078125 0.0140625
6 0.7109375 0.9796875 0.01875 0.00625
5 0.23359375 0.775 0.0734375 0.0125
6 0.73359375 0.9796875 0.0203125 0.009375
6 0.75546875 0.98203125 0.0171875 0.0078125
6 0.775 0.9828125 0.01875 0.009375
