4 0.66015625 0.13984375 0.0984375 0.1359375
4 0.79765625 0.1421875 0.1421875 0.159375
6 0.559375 0.859375 0.009375 0.021875
6 0.5328125 0.96171875 0.015625 0.0078125
6 0.690625 0.928125 0.021875 0.009375
6 0.66328125 0.9234375 0.0203125 0.009375
6 0.6078125 0.859375 0.0125 0.021875
6 0.5984375 0.8609375 0.009375 0.025
6 0.5875 0.859375 0.009375 0.01875
6 0.56875 0.859375 0.009375 0.021875
6 0.5140625 0.8859375 0.01875 0.009375
6 0.175 0.99375 0.01875 0.00625
6 0.55 0.86015625 0.0125 0.0265625
6 0.53828125 0.86015625 0.0109375 0.0203125
6 0.48046875 0.85390625 0.0078125 0.0171875
6 0.46328125 0.9625 0.0109375 0.015625
6 0.49453125 0.92109375 0.0078125 0.0171875
6 0.509375 0.9234375 0.009375 0.021875
6 0.4265625 0.9734375 0.015625 0.00625
6 0.43046875 0.9421875 0.0171875 0.009375
6 0.34453125 0.915625 0.0078125 0.015625
