4 0.11484375 0.15 0.1078125 0.125
6 0.56953125 0.72265625 0.0171875 0.0078125
6 0.56796875 0.7828125 0.0171875 0.00625
6 0.56796875 0.77578125 0.0203125 0.0078125
6 0.5671875 0.765625 0.015625 0.00625
6 0.56796875 0.75703125 0.0140625 0.0078125
6 0.56796875 0.74921875 0.0171875 0.0078125
6 0.56796875 0.73984375 0.0203125 0.0109375
6 0.56875 0.7296875 0.015625 0.00625
6 0.56796875 0.7140625 0.0140625 0.00625
6 0.56484375 0.79921875 0.0140625 0.0078125
6 0.56953125 0.70859375 0.0171875 0.0078125
6 0.56953125 0.70234375 0.0140625 0.0046875
6 0.56875 0.69765625 0.015625 0.0078125
6 0.56875 0.68984375 0.01875 0.0078125
6 0.56875 0.68203125 0.01875 0.0078125
6 0.5703125 0.67265625 0.015625 0.0046875
6 0.57109375 0.665625 0.0203125 0.009375
6 0.565625 0.79140625 0.015625 0.0078125
6 0.56640625 0.815625 0.0203125 0.009375
6 0.61015625 0.659375 0.0203125 0.00625
6 0.60546875 0.73359375 0.0171875 0.0078125
6 0.61015625 0.675 0.0171875 0.009375
6 0.609375 0.684375 0.015625 0.009375
6 0.60703125 0.69140625 0.0171875 0.0078125
6 0.6078125 0.70078125 0.0125 0.0078125
6 0.60390625 0.70859375 0.0171875 0.0109375
6 0.60625 0.71875 0.015625 0.00625
6 0.6046875 0.72421875 0.01875 0.0078125
6 0.6046875 0.74375 0.015625 0.00625
6 0.56640625 0.825 0.0171875 0.009375
6 0.60390625 0.7515625 0.0140625 0.00625
6 0.60625 0.76796875 0.01875 0.0078125
6 0.60625 0.77578125 0.01875 0.0078125
6 0.60390625 0.78515625 0.0171875 0.0078125
6 0.6046875 0.80234375 0.015625 0.0078125
6 0.60234375 0.81171875 0.0171875 0.0078125
6 0.5671875 0.83359375 0.01875 0.0078125
6 0.57109375 0.65625 0.0171875 0.009375
6 0.57109375 0.646875 0.0171875 0.009375
6 0.57109375 0.63828125 0.0171875 0.0078125
6 0.6140625 0.4671875 0.025 0.009375
6 0.6125 0.40703125 0.015625 0.0078125
6 0.61484375 0.41796875 0.0171875 0.0078125
6 0.61796875 0.42578125 0.0140625 0.0078125
6 0.6140625 0.43359375 0.01875 0.0078125
6 0.61640625 0.440625 0.0171875 0.009375
6 0.6140625 0.45 0.021875 0.009375
6 0.61640625 0.459375 0.0171875 0.00625
6 0.61484375 0.47578125 0.0203125 0.0078125
6 0.5703125 0.6296875 0.01875 0.009375
6 0.61484375 0.4859375 0.0171875 0.009375
6 0.61640625 0.4953125 0.0203125 0.00625
6 0.6125 0.5 0.01875 0.009375
6 0.6125 0.509375 0.015625 0.009375
6 0.6140625 0.5203125 0.0125 0.00625
6 0.61015625 0.528125 0.0140625 0.009375
6 0.61328125 0.5375 0.0171875 0.009375
6 0.6171875 0.4 0.015625 0.00625
6 0.61640625 0.3890625 0.0140625 0.00625
6 0.6171875 0.38046875 0.01875 0.0078125
6 0.61796875 0.3734375 0.0171875 0.00625
6 0.571875 0.621875 0.01875 0.009375
6 0.57109375 0.61328125 0.0171875 0.0078125
6 0.5703125 0.6046875 0.0125 0.00625
6 0.57265625 0.59609375 0.0203125 0.0078125
6 0.56875 0.5875 0.015625 0.00625
6 0.57109375 0.578125 0.0171875 0.00625
6 0.5703125 0.571875 0.015625 0.00625
6 0.571875 0.5609375 0.015625 0.009375
6 0.61875 0.29453125 0.01875 0.0078125
6 0.61796875 0.30234375 0.0171875 0.0078125
6 0.61875 0.3109375 0.01875 0.00625
6 0.61796875 0.3203125 0.0171875 0.009375
6 0.6203125 0.33671875 0.015625 0.0109375
6 0.61953125 0.35390625 0.0140625 0.0078125
6 0.62109375 0.36328125 0.0203125 0.0078125
6 0.60859375 0.66796875 0.0203125 0.0078125
6 0.61171875 0.65 0.0171875 0.009375
6 0.57421875 0.49375 0.0171875 0.00625
6 0.61171875 0.640625 0.0203125 0.009375
6 0.1484375 0.8625 0.0125 0.025
6 0.47265625 0.875 0.0171875 0.021875
6 0.6125 0.58984375 0.021875 0.0109375
6 0.6140625 0.6 0.01875 0.009375
6 0.61171875 0.60703125 0.0203125 0.0078125
6 0.61171875 0.6171875 0.0171875 0.009375
6 0.61015625 0.625 0.0171875 0.009375
6 0.6109375 0.63359375 0.021875 0.0109375
6 0.609375 0.54453125 0.0125 0.0078125
6 0.57578125 0.484375 0.0203125 0.009375
6 0.57421875 0.47421875 0.0171875 0.0078125
6 0.5828125 0.25234375 0.01875 0.0109375
6 0.58203125 0.2375 0.0203125 0.0125
6 0.5796875 0.28828125 0.01875 0.0109375
6 0.58125 0.26953125 0.015625 0.0109375
6 0.5796875 0.296875 0.015625 0.00625
6 0.578125 0.39140625 0.021875 0.0109375
6 0.5765625 0.45859375 0.0125 0.0078125
6 0.57734375 0.4515625 0.0140625 0.009375
6 0.57578125 0.440625 0.0140625 0.009375
6 0.57734375 0.43125 0.0171875 0.009375
6 0.57890625 0.415625 0.0203125 0.009375
6 0.57890625 0.40703125 0.0203125 0.0078125
6 0.5796875 0.39921875 0.01875 0.0078125
6 0.578125 0.38203125 0.015625 0.0078125
6 0.58046875 0.3046875 0.0140625 0.009375
6 0.5796875 0.3734375 0.01875 0.009375
6 0.5796875 0.36328125 0.015625 0.0078125
6 0.57890625 0.3546875 0.0140625 0.00625
6 0.58125 0.34609375 0.021875 0.0078125
6 0.58046875 0.33828125 0.0140625 0.0109375
6 0.58046875 0.32890625 0.0203125 0.0078125
6 0.58046875 0.3140625 0.0171875 0.00625
6 0.24375 0.96015625 0.015625 0.0109375
6 0.19296875 0.9640625 0.0140625 0.009375
