6 0.03203125 0.52265625 0.0171875 0.0078125
6 0.03125 0.58984375 0.015625 0.0078125
6 0.03046875 0.5796875 0.0203125 0.009375
6 0.03046875 0.57109375 0.0171875 0.0078125
6 0.0296875 0.56171875 0.021875 0.0078125
6 0.03046875 0.53671875 0.0171875 0.0109375
6 0.0296875 0.5125 0.021875 0.009375
6 0.059375 0.359375 0.009375 0.021875
6 0.0328125 0.46171875 0.015625 0.0078125
6 0.190625 0.428125 0.021875 0.009375
6 0.16328125 0.4234375 0.0203125 0.009375
6 0.1078125 0.359375 0.0125 0.021875
6 0.0984375 0.3609375 0.009375 0.025
6 0.0875 0.359375 0.009375 0.01875
6 0.06875 0.359375 0.009375 0.021875
6 0.0140625 0.3859375 0.01875 0.009375
6 0.05 0.36015625 0.0125 0.0265625
6 0.03828125 0.36015625 0.0109375 0.0203125
6 0.03203125 0.4953125 0.0203125 0.009375
6 0.009375 0.4234375 0.009375 0.021875
6 0.71640625 0.71875 0.0171875 0.0125
6 0.81796875 0.6828125 0.0234375 0.0125
6 0.77109375 0.646875 0.0171875 0.0125
6 0.78203125 0.72421875 0.0140625 0.0109375
6 0.77109375 0.70078125 0.0171875 0.0140625
6 0.71484375 0.78125 0.0265625 0.015625
6 0.71484375 0.7015625 0.0140625 0.0125
6 0.71484375 0.709375 0.0171875 0.0125
6 0.71484375 0.6828125 0.0203125 0.015625
6 0.81875 0.6546875 0.021875 0.0125
6 0.71796875 0.6578125 0.0203125 0.015625
6 0.71796875 0.646875 0.0171875 0.0125
6 0.734375 0.70703125 0.021875 0.0140625
6 0.7328125 0.69765625 0.021875 0.0140625
6 0.73515625 0.68203125 0.0203125 0.0140625
6 0.73515625 0.6546875 0.0203125 0.0125
6 0.73671875 0.64609375 0.0234375 0.0140625
6 0.83671875 0.66875 0.0203125 0.0125
6 0.83203125 0.64921875 0.0265625 0.0140625
6 0.93203125 0.759375 0.0171875 0.0125
6 0.984375 0.66015625 0.01875 0.0140625
6 0.915625 0.709375 0.021875 0.015625
6 0.984375 0.70546875 0.021875 0.0109375
6 0.965625 0.72734375 0.01875 0.0140625
6 0.96484375 0.71796875 0.0203125 0.0140625
6 0.96796875 0.6921875 0.0203125 0.0125
6 0.96640625 0.68515625 0.0171875 0.0109375
6 0.9859375 0.66875 0.021875 0.015625
6 0.86796875 0.675 0.0171875 0.009375
6 0.98515625 0.65 0.0203125 0.015625
6 0.96640625 0.6546875 0.0203125 0.0125
6 0.86953125 0.66015625 0.0234375 0.0140625
6 0.88359375 0.725 0.0171875 0.0125
6 0.88046875 0.709375 0.0203125 0.0125
6 0.878125 0.7 0.021875 0.015625
6 0.68203125 0.69921875 0.0171875 0.0140625
6 0.6671875 0.69453125 0.015625 0.0109375
6 0.66640625 0.6875 0.0234375 0.0125
6 0.553125 0.6421875 0.015625 0.00625
6 0.571875 0.64453125 0.01875 0.0078125
6 0.571875 0.63359375 0.015625 0.0078125
6 0.55 0.6875 0.01875 0.009375
6 0.55234375 0.67734375 0.0171875 0.0078125
6 0.55390625 0.66796875 0.0171875 0.0078125
6 0.5515625 0.6609375 0.01875 0.009375
6 0.553125 0.6515625 0.01875 0.009375
6 0.5546875 0.63515625 0.01875 0.0078125
6 0.66796875 0.675 0.0171875 0.0125
6 0.45390625 0.6375 0.0203125 0.0125
6 0.45703125 0.646875 0.0171875 0.0125
6 0.43984375 0.67734375 0.0171875 0.0109375
6 0.4390625 0.6515625 0.015625 0.0125
6 0.440625 0.63203125 0.01875 0.0109375
6 0.4078125 0.709375 0.01875 0.0125
6 0.4109375 0.69140625 0.021875 0.0109375
6 0.5703125 0.65234375 0.015625 0.0078125
6 0.56875 0.67890625 0.01875 0.0078125
6 0.56875 0.6875 0.01875 0.009375
6 0.56953125 0.69609375 0.0171875 0.0078125
6 0.6671875 0.6609375 0.01875 0.0125
6 0.68515625 0.6453125 0.0171875 0.009375
6 0.68515625 0.6546875 0.0203125 0.0125
6 0.63359375 0.703125 0.0203125 0.0125
6 0.61640625 0.696875 0.0203125 0.0125
6 0.61640625 0.6890625 0.0203125 0.0125
6 0.61875 0.67109375 0.021875 0.0140625
6 0.6375 0.66953125 0.01875 0.0109375
6 0.6203125 0.66328125 0.021875 0.0140625
6 0.634375 0.6578125 0.01875 0.009375
6 0.6375 0.63984375 0.01875 0.0109375
6 0.62109375 0.64453125 0.0203125 0.0140625
6 0.56640625 0.721875 0.0203125 0.009375
6 0.56796875 0.7125 0.0171875 0.00625
6 0.56875 0.703125 0.01875 0.00625
6 0.93359375 0.71640625 0.0203125 0.0140625
6 0.91796875 0.6640625 0.0234375 0.015625
6 0.67265625 0.990625 0.0109375 0.015625
6 0.91953125 0.67578125 0.0203125 0.0140625
6 0.83515625 0.90546875 0.0171875 0.0078125
6 0.71953125 0.990625 0.0078125 0.015625
6 0.52421875 0.98984375 0.0171875 0.0078125
6 0.50078125 0.98984375 0.0171875 0.0078125
6 0.98671875 0.82890625 0.0109375 0.0203125
6 0.94375 0.8265625 0.009375 0.01875
6 0.9265625 0.825 0.00625 0.01875
6 0.86640625 0.82734375 0.0109375 0.0203125
6 0.82421875 0.82265625 0.0109375 0.0203125
6 0.93671875 0.6890625 0.0171875 0.009375
6 0.91640625 0.6921875 0.0234375 0.0125
6 0.41015625 0.68203125 0.0171875 0.0109375
6 0.40625 0.66328125 0.021875 0.0140625
6 0.40703125 0.65546875 0.0203125 0.0109375
6 0.40859375 0.646875 0.0203125 0.0125
6 0.03203125 0.66171875 0.0203125 0.0078125
6 0.29453125 0.65078125 0.0265625 0.0140625
6 0.29453125 0.6421875 0.0234375 0.015625
6 0.296875 0.6328125 0.025 0.015625
6 0.2453125 0.621875 0.01875 0.0125
6 0.1625 0.68125 0.01875 0.0125
6 0.26796875 0.5640625 0.0265625 0.009375
6 0.03203125 0.67109375 0.0171875 0.0078125
6 0.03359375 0.65390625 0.0203125 0.0078125
6 0.18984375 0.69296875 0.0296875 0.0171875
6 0.190625 0.72734375 0.009375 0.0171875
6 0.06328125 0.97421875 0.0171875 0.0078125
6 0.0265625 0.97421875 0.01875 0.0078125
6 0.8171875 0.60703125 0.009375 0.0171875
6 0.396875 0.75078125 0.009375 0.0171875
6 0.3484375 0.746875 0.009375 0.01875
6 0.32109375 0.74609375 0.0109375 0.0171875
6 0.309375 0.746875 0.009375 0.015625
6 0.8765625 0.609375 0.009375 0.01875
6 0.8421875 0.6078125 0.009375 0.015625
6 0.825 0.60625 0.009375 0.01875
6 0.79765625 0.60625 0.0109375 0.01875
6 0.85625 0.55703125 0.0125 0.0171875
6 0.765625 0.6046875 0.009375 0.015625
6 0.59765625 0.5515625 0.0109375 0.021875
6 0.55078125 0.596875 0.0109375 0.01875
6 0.48984375 0.59375 0.0078125 0.01875
6 0.446875 0.59453125 0.009375 0.0171875
6 0.43828125 0.59375 0.0109375 0.01875
6 0.42265625 0.59375 0.0109375 0.01875
6 0.4515625 0.75234375 0.009375 0.0171875
6 0.47578125 0.75546875 0.0109375 0.0203125
6 0.50546875 0.75625 0.0078125 0.01875
6 0.521875 0.75859375 0.009375 0.0203125
6 0.40703125 0.62890625 0.0203125 0.0109375
6 0.39296875 0.634375 0.0234375 0.0125
6 0.3921875 0.6875 0.01875 0.0125
6 0.3921875 0.67890625 0.01875 0.0109375
6 0.3421875 0.70625 0.01875 0.0125
6 0.3421875 0.67890625 0.01875 0.0109375
6 0.34375 0.6609375 0.01875 0.0125
6 0.34453125 0.65234375 0.0140625 0.0078125
6 0.34453125 0.64296875 0.0171875 0.0109375
6 0.34453125 0.634375 0.0203125 0.009375
6 0.3125 0.62890625 0.01875 0.0109375
6 0.3140625 0.68359375 0.01875 0.0140625
6 0.29140625 0.703125 0.0265625 0.021875
6 0.5484375 0.759375 0.009375 0.01875
6 0.5328125 0.75703125 0.009375 0.0203125
6 0.33828125 0.58984375 0.0078125 0.0140625
6 0.875 0.55859375 0.009375 0.0171875
6 0.2109375 0.9796875 0.01875 0.00625
6 0.875 0.5390625 0.009375 0.021875
6 0.23359375 0.9796875 0.0203125 0.009375
6 0.25546875 0.98203125 0.0171875 0.0078125
6 0.275 0.9828125 0.01875 0.009375
6 0.8828125 0.540625 0.009375 0.01875
6 0.91796875 0.55703125 0.0109375 0.0171875
6 0.9296875 0.559375 0.009375 0.01875
6 0.9015625 0.5390625 0.009375 0.021875
