5 0.17734375 0.10234375 0.0171875 0.0734375
5 0.18671875 0.1015625 0.0140625 0.075
6 0.0546875 0.0640625 0.009375 0.01875
5 0.20078125 0.1015625 0.0171875 0.075
5 0.2109375 0.1015625 0.015625 0.071875
5 0.2234375 0.0984375 0.015625 0.075
5 0.0171875 0.09453125 0.015625 0.0703125
5 0.02890625 0.09453125 0.0140625 0.0703125
6 0.15703125 0.06875 0.0109375 0.01875
6 0.6734375 0.05859375 0.015625 0.0203125
6 0.05 0.6265625 0.025 0.009375
6 0.04375 0.61875 0.01875 0.009375
6 0.05 0.6625 0.021875 0.009375
6 0.046875 0.65078125 0.021875 0.0078125
6 0.0453125 0.6796875 0.015625 0.00625
6 0.04453125 0.68984375 0.0203125 0.0078125
6 0.03359375 0.83828125 0.0171875 0.0078125
6 0.04296875 0.78828125 0.0203125 0.0078125
6 0.0453125 0.71484375 0.01875 0.0078125
6 0.04609375 0.70703125 0.0203125 0.0078125
6 0.04296875 0.69765625 0.0171875 0.0078125
6 0.32890625 0.58359375 0.0171875 0.0078125
6 0.32421875 0.64140625 0.0203125 0.0078125
6 0.32421875 0.6546875 0.0203125 0.009375
6 0.31484375 0.7734375 0.0203125 0.009375
6 0.25859375 0.4390625 0.0078125 0.01875
6 0.26796875 0.4375 0.0078125 0.01875
6 0.2765625 0.43828125 0.00625 0.0171875
6 0.2890625 0.4390625 0.009375 0.01875
6 0.3109375 0.43828125 0.009375 0.0171875
6 0.49921875 0.61484375 0.0171875 0.0078125
6 0.4578125 0.6921875 0.021875 0.0125
6 0.43515625 0.64140625 0.0171875 0.0078125
6 0.43671875 0.6328125 0.0171875 0.009375
6 0.4375 0.6234375 0.01875 0.009375
6 0.46171875 0.621875 0.0171875 0.009375
6 0.459375 0.6140625 0.01875 0.009375
6 0.46171875 0.60625 0.0171875 0.009375
6 0.5 0.62421875 0.01875 0.0109375
6 0.5171875 0.69296875 0.015625 0.0078125
6 0.49921875 0.63359375 0.0171875 0.0078125
6 0.49765625 0.6484375 0.0203125 0.009375
6 0.51796875 0.65 0.0140625 0.009375
6 0.51875 0.6421875 0.01875 0.009375
6 0.515625 0.6328125 0.015625 0.009375
6 0.51796875 0.62265625 0.0171875 0.0078125
6 0.51640625 0.615625 0.0171875 0.009375
6 0.50078125 0.68359375 0.0203125 0.0078125
6 0.55546875 0.69296875 0.0171875 0.0078125
6 0.546875 0.91328125 0.01875 0.0078125
6 0.49765625 0.7 0.0171875 0.009375
6 0.50078125 0.69140625 0.0171875 0.0078125
6 0.51484375 0.70078125 0.0171875 0.0078125
6 0.546875 0.90546875 0.015625 0.0078125
6 0.5546875 0.70234375 0.01875 0.0046875
6 0.546875 0.88125 0.01875 0.009375
6 0.5484375 0.86328125 0.01875 0.0078125
6 0.54921875 0.84609375 0.0171875 0.0078125
6 0.55234375 0.75234375 0.0171875 0.0078125
6 0.55234375 0.73515625 0.0171875 0.0109375
6 0.55390625 0.71953125 0.0171875 0.0078125
6 0.5546875 0.71171875 0.015625 0.0078125
6 0.55546875 0.653125 0.0171875 0.00625
6 0.55703125 0.64296875 0.0171875 0.0078125
6 0.55625 0.63359375 0.015625 0.0078125
6 0.6015625 0.5796875 0.009375 0.015625
6 0.61484375 0.634375 0.0203125 0.0125
6 0.4390625 0.578125 0.009375 0.015625
6 0.4296875 0.57578125 0.0125 0.0171875
6 0.33046875 0.56640625 0.0203125 0.0109375
6 0.4609375 0.59765625 0.021875 0.0109375
6 0.56875 0.578125 0.009375 0.01875
6 0.5765625 0.57890625 0.009375 0.0171875
6 0.615625 0.59296875 0.021875 0.0109375
6 0.5546875 0.62578125 0.021875 0.0109375
6 0.61015625 0.53984375 0.0203125 0.0078125
6 0.94375 0.6609375 0.015625 0.01875
6 0.92265625 0.65390625 0.0140625 0.0203125
6 0.915625 0.5765625 0.009375 0.015625
6 0.90625 0.5765625 0.009375 0.0125
6 0.89765625 0.57421875 0.0109375 0.0171875
6 0.87109375 0.5734375 0.0109375 0.01875
6 0.61171875 0.64453125 0.0203125 0.0109375
6 0.6140625 0.6546875 0.01875 0.009375
6 0.61484375 0.66171875 0.0203125 0.0078125
6 0.61484375 0.66875 0.0203125 0.00625
6 0.55390625 0.615625 0.0234375 0.009375
6 0.5671875 0.83828125 0.01875 0.0078125
6 0.571875 0.72734375 0.01875 0.0078125
6 0.56953125 0.71015625 0.0171875 0.0078125
6 0.575 0.6859375 0.01875 0.00625
6 0.5765625 0.61640625 0.01875 0.0078125
6 0.60546875 0.90859375 0.0203125 0.0078125
6 0.609375 0.7796875 0.021875 0.0125
6 0.61015625 0.75234375 0.0203125 0.0078125
6 0.6109375 0.73828125 0.021875 0.0078125
6 0.6125 0.72109375 0.01875 0.0078125
6 0.61328125 0.71328125 0.0171875 0.0078125
6 0.61484375 0.70390625 0.0171875 0.0078125
6 0.6140625 0.6953125 0.021875 0.009375
6 0.6171875 0.68671875 0.015625 0.0078125
6 0.9171875 0.53515625 0.009375 0.0171875
6 0.45625 0.7765625 0.021875 0.009375
6 0.45234375 0.7671875 0.0140625 0.009375
6 0.4546875 0.7578125 0.01875 0.00625
6 0.45546875 0.75 0.0140625 0.00625
6 0.45625 0.74296875 0.015625 0.0109375
6 0.45703125 0.73359375 0.0171875 0.0109375
6 0.4609375 0.7171875 0.025 0.009375
6 0.4953125 0.7515625 0.015625 0.009375
6 0.49375 0.74375 0.015625 0.00625
6 0.49609375 0.734375 0.0171875 0.00625
6 0.49609375 0.725 0.0171875 0.00625
6 0.5140625 0.7171875 0.015625 0.009375
6 0.5140625 0.72578125 0.01875 0.0078125
6 0.5125 0.7515625 0.015625 0.009375
6 0.49609375 0.7671875 0.0140625 0.009375
6 0.49375 0.78515625 0.015625 0.0078125
6 0.51171875 0.79453125 0.0171875 0.0109375
6 0.49296875 0.8109375 0.0171875 0.00625
6 0.453125 0.82578125 0.021875 0.0078125
6 0.4546875 0.8359375 0.021875 0.00625
6 0.490625 0.8453125 0.015625 0.00625
6 0.49140625 0.87890625 0.0203125 0.0109375
6 0.5109375 0.87890625 0.015625 0.0078125
6 0.44921875 0.9640625 0.0140625 0.009375
6 0.5078125 0.90625 0.021875 0.009375
6 0.54453125 0.94921875 0.0171875 0.0078125
6 0.925 0.534375 0.009375 0.015625
6 0.90703125 0.53515625 0.0109375 0.0171875
6 0.34296875 0.09296875 0.0203125 0.0078125
6 0.70390625 0.11640625 0.0171875 0.0078125
6 0.7046875 0.08203125 0.015625 0.0078125
6 0.70625 0.05859375 0.015625 0.0078125
6 0.34453125 0.13125 0.0171875 0.009375
6 0.34609375 0.1203125 0.0171875 0.009375
6 0.3421875 0.109375 0.021875 0.00625
6 0.34375 0.1015625 0.015625 0.00625
6 0.34609375 0.0828125 0.0171875 0.009375
6 0.3484375 0.07578125 0.015625 0.0078125
6 0.34765625 0.06640625 0.0171875 0.0078125
6 0.34765625 0.059375 0.0140625 0.00625
6 0.34765625 0.05078125 0.0171875 0.0078125
6 0.34609375 0.04296875 0.0234375 0.0078125
6 0.35078125 0.03046875 0.0203125 0.0109375
6 0.78671875 0.034375 0.0078125 0.021875
6 0.85390625 0.03515625 0.0109375 0.0203125
6 0.89765625 0.0375 0.0109375 0.01875
6 0.9125 0.0375 0.009375 0.021875
6 0.98125 0.04296875 0.009375 0.0203125
6 0.95 0.05546875 0.021875 0.0078125
6 0.921875 0.03515625 0.009375 0.0203125
6 0.86484375 0.53671875 0.0109375 0.0140625
6 0.884375 0.07734375 0.009375 0.0140625
6 0.81484375 0.09453125 0.0078125 0.0203125
6 0.8296875 0.09453125 0.009375 0.0234375
6 0.8484375 0.09609375 0.009375 0.0171875
6 0.8734375 0.09453125 0.009375 0.0171875
6 0.890625 0.0953125 0.009375 0.01875
6 0.909375 0.1 0.009375 0.01875
6 0.90859375 0.078125 0.0109375 0.01875
6 0.85703125 0.07734375 0.0109375 0.0171875
6 0.86015625 0.1375 0.0078125 0.015625
6 0.865625 0.07578125 0.009375 0.0203125
6 0.83046875 0.075 0.0109375 0.015625
6 0.96875 0.1453125 0.009375 0.015625
6 0.9796875 0.146875 0.00625 0.015625
6 0.98828125 0.14765625 0.0109375 0.0171875
6 0.7875 0.09453125 0.009375 0.0171875
6 0.878125 0.13828125 0.009375 0.0171875
6 0.7265625 0.57578125 0.009375 0.0171875
6 0.8953125 0.1390625 0.009375 0.015625
6 0.99375 0.20546875 0.00625 0.0171875
6 0.98046875 0.20390625 0.0109375 0.0171875
6 0.9890625 0.0875 0.009375 0.0125
6 0.9796875 0.08515625 0.009375 0.0203125
6 0.9671875 0.06796875 0.015625 0.0140625
6 0.96875 0.084375 0.00625 0.015625
6 0.98828125 0.10546875 0.0078125 0.0171875
6 0.9796875 0.10546875 0.009375 0.0171875
6 0.96953125 0.10390625 0.0078125 0.0171875
