6 0.225 0.2390625 0.009375 0.021875
6 0.1921875 0.43359375 0.0125 0.0203125
6 0.5171875 0.4390625 0.015625 0.009375
6 0.0796875 0.6140625 0.015625 0.00625
6 0.24140625 0.2453125 0.0109375 0.01875
6 0.21484375 0.23046875 0.0109375 0.0171875
6 0.18671875 0.23203125 0.0078125 0.0171875
6 0.05546875 0.25703125 0.0109375 0.0234375
4 0.13984375 0.81796875 0.1703125 0.1453125
4 0.15859375 0.1578125 0.1546875 0.125
4 0.1390625 0.66484375 0.165625 0.1265625
4 0.9015625 0.1578125 0.13125 0.159375
4 0.69296875 0.7421875 0.1359375 0.1625
4 0.49296875 0.52890625 0.1640625 0.1328125
