6 0.540625 0.74375 0.01875 0.0125
6 0.57734375 0.56953125 0.0234375 0.0078125
6 0.7328125 0.0953125 0.021875 0.009375
6 0.7453125 0.08515625 0.01875 0.0078125
4 0.534375 0.0625 0.090625 0.075
4 0.8421875 0.0515625 0.125 0.103125
4 0.84375 0.17890625 0.134375 0.1296875
4 0.84921875 0.3515625 0.1046875 0.08125
4 0.8578125 0.59609375 0.146875 0.1265625
4 0.50546875 0.65546875 0.1703125 0.1609375
4 0.5015625 0.77421875 0.096875 0.0921875
4 0.48359375 0.903125 0.1296875 0.115625
4 0.83125 0.84375 0.175 0.1625
