5 0.97265625 0.59296875 0.0171875 0.0703125
6 0.03203125 0.02265625 0.0171875 0.0078125
6 0.03125 0.08984375 0.015625 0.0078125
6 0.03046875 0.0796875 0.0203125 0.009375
6 0.03046875 0.07109375 0.0171875 0.0078125
6 0.0296875 0.06171875 0.021875 0.0078125
6 0.03046875 0.03671875 0.0171875 0.0109375
6 0.0296875 0.0125 0.021875 0.009375
6 0.71640625 0.21875 0.0171875 0.0125
6 0.81796875 0.1828125 0.0234375 0.0125
6 0.77109375 0.146875 0.0171875 0.0125
6 0.78203125 0.22421875 0.0140625 0.0109375
6 0.77109375 0.20078125 0.0171875 0.0140625
6 0.71484375 0.28125 0.0265625 0.015625
6 0.71484375 0.2015625 0.0140625 0.0125
6 0.71484375 0.209375 0.0171875 0.0125
6 0.71484375 0.1828125 0.0203125 0.015625
6 0.81875 0.1546875 0.021875 0.0125
6 0.71796875 0.1578125 0.0203125 0.015625
6 0.71796875 0.146875 0.0171875 0.0125
6 0.734375 0.20703125 0.021875 0.0140625
6 0.7328125 0.19765625 0.021875 0.0140625
6 0.73515625 0.18203125 0.0203125 0.0140625
6 0.73515625 0.1546875 0.0203125 0.0125
6 0.73671875 0.14609375 0.0234375 0.0140625
6 0.83671875 0.16875 0.0203125 0.0125
6 0.83203125 0.14921875 0.0265625 0.0140625
6 0.93203125 0.259375 0.0171875 0.0125
6 0.984375 0.16015625 0.01875 0.0140625
6 0.915625 0.209375 0.021875 0.015625
6 0.984375 0.20546875 0.021875 0.0109375
6 0.965625 0.22734375 0.01875 0.0140625
6 0.96484375 0.21796875 0.0203125 0.0140625
6 0.96796875 0.1921875 0.0203125 0.0125
6 0.96640625 0.18515625 0.0171875 0.0109375
6 0.9859375 0.16875 0.021875 0.015625
6 0.86796875 0.175 0.0171875 0.009375
6 0.98515625 0.15 0.0203125 0.015625
6 0.96640625 0.1546875 0.0203125 0.0125
6 0.86953125 0.16015625 0.0234375 0.0140625
6 0.88359375 0.225 0.0171875 0.0125
6 0.88046875 0.209375 0.0203125 0.0125
6 0.878125 0.2 0.021875 0.015625
6 0.68203125 0.19921875 0.0171875 0.0140625
6 0.6671875 0.19453125 0.015625 0.0109375
6 0.66640625 0.1875 0.0234375 0.0125
6 0.553125 0.1421875 0.015625 0.00625
6 0.571875 0.14453125 0.01875 0.0078125
6 0.571875 0.13359375 0.015625 0.0078125
6 0.55 0.1875 0.01875 0.009375
6 0.55234375 0.17734375 0.0171875 0.0078125
6 0.55390625 0.16796875 0.0171875 0.0078125
6 0.5515625 0.1609375 0.01875 0.009375
6 0.553125 0.1515625 0.01875 0.009375
6 0.5546875 0.13515625 0.01875 0.0078125
6 0.66796875 0.175 0.0171875 0.0125
6 0.45390625 0.1375 0.0203125 0.0125
6 0.45703125 0.146875 0.0171875 0.0125
6 0.43984375 0.17734375 0.0171875 0.0109375
6 0.4390625 0.1515625 0.015625 0.0125
6 0.440625 0.13203125 0.01875 0.0109375
6 0.4078125 0.209375 0.01875 0.0125
6 0.4109375 0.19140625 0.021875 0.0109375
6 0.5703125 0.15234375 0.015625 0.0078125
6 0.56875 0.17890625 0.01875 0.0078125
6 0.56875 0.1875 0.01875 0.009375
6 0.56953125 0.19609375 0.0171875 0.0078125
6 0.6671875 0.1609375 0.01875 0.0125
6 0.68515625 0.1453125 0.0171875 0.009375
6 0.68515625 0.1546875 0.0203125 0.0125
6 0.63359375 0.203125 0.0203125 0.0125
6 0.61640625 0.196875 0.0203125 0.0125
6 0.61640625 0.1890625 0.0203125 0.0125
6 0.61875 0.17109375 0.021875 0.0140625
6 0.6375 0.16953125 0.01875 0.0109375
6 0.6203125 0.16328125 0.021875 0.0140625
6 0.634375 0.1578125 0.01875 0.009375
6 0.6375 0.13984375 0.01875 0.0109375
6 0.62109375 0.14453125 0.0203125 0.0140625
6 0.56640625 0.221875 0.0203125 0.009375
6 0.56796875 0.2125 0.0171875 0.00625
6 0.56875 0.203125 0.01875 0.00625
6 0.93359375 0.21640625 0.0203125 0.0140625
6 0.91796875 0.1640625 0.0234375 0.015625
6 0.5234375 0.5765625 0.0125 0.015625
6 0.67265625 0.490625 0.0109375 0.015625
6 0.71484375 0.5359375 0.0171875 0.01875
6 0.66328125 0.49296875 0.0109375 0.0203125
6 0.3625 0.53203125 0.009375 0.0171875
6 0.35234375 0.53359375 0.0140625 0.0203125
6 0.53984375 0.5703125 0.0171875 0.021875
6 0.53046875 0.5734375 0.0171875 0.021875
6 0.503125 0.57265625 0.015625 0.0171875
6 0.69296875 0.49140625 0.0078125 0.0203125
6 0.4953125 0.571875 0.015625 0.01875
6 0.48046875 0.56796875 0.0171875 0.0171875
6 0.43203125 0.57109375 0.0203125 0.0203125
6 0.4171875 0.571875 0.015625 0.015625
6 0.39921875 0.5703125 0.0171875 0.01875
6 0.3890625 0.56953125 0.015625 0.0171875
6 0.38125 0.56953125 0.015625 0.0171875
6 0.68359375 0.49140625 0.0109375 0.0203125
6 0.7015625 0.49296875 0.009375 0.0171875
6 0.91953125 0.17578125 0.0203125 0.0140625
6 0.828125 0.49375 0.009375 0.015625
6 0.83515625 0.40546875 0.0171875 0.0078125
6 0.88828125 0.49609375 0.0078125 0.0140625
6 0.87109375 0.49375 0.0109375 0.01875
6 0.86171875 0.4953125 0.0078125 0.015625
6 0.85390625 0.4953125 0.0078125 0.015625
6 0.83828125 0.49453125 0.0109375 0.0171875
6 0.81953125 0.4953125 0.0078125 0.015625
6 0.7109375 0.4921875 0.009375 0.01875
6 0.8109375 0.4921875 0.00625 0.015625
6 0.80234375 0.49453125 0.0078125 0.0171875
6 0.7625 0.49453125 0.009375 0.0203125
6 0.753125 0.4921875 0.009375 0.01875
6 0.74375 0.49296875 0.009375 0.0171875
6 0.734375 0.49375 0.009375 0.015625
6 0.71953125 0.490625 0.0078125 0.015625
6 0.371875 0.56875 0.0125 0.015625
6 0.3625 0.5703125 0.015625 0.01875
6 0.35078125 0.565625 0.0140625 0.015625
6 0.2734375 0.5125 0.0125 0.01875
6 0.52421875 0.48984375 0.0171875 0.0078125
6 0.50078125 0.48984375 0.0171875 0.0078125
6 0.45234375 0.51796875 0.0109375 0.0171875
6 0.44375 0.5203125 0.009375 0.0125
6 0.34375 0.515625 0.015625 0.01875
6 0.325 0.51484375 0.0125 0.0171875
6 0.309375 0.51328125 0.0125 0.0203125
6 0.34140625 0.5671875 0.0171875 0.01875
6 0.98671875 0.32890625 0.0109375 0.0203125
6 0.94375 0.3265625 0.009375 0.01875
6 0.9265625 0.325 0.00625 0.01875
6 0.86640625 0.32734375 0.0109375 0.0203125
6 0.82421875 0.32265625 0.0109375 0.0203125
6 0.93671875 0.1890625 0.0171875 0.009375
6 0.91640625 0.1921875 0.0234375 0.0125
6 0.50546875 0.51953125 0.0109375 0.0171875
6 0.49375 0.5203125 0.009375 0.015625
6 0.48671875 0.51875 0.0140625 0.01875
6 0.478125 0.51953125 0.0125 0.0171875
6 0.33125 0.5671875 0.015625 0.021875
6 0.11796875 0.66015625 0.0078125 0.0203125
6 0.32109375 0.56484375 0.0140625 0.0203125
6 0.30390625 0.528125 0.0140625 0.01875
6 0.2953125 0.528125 0.0125 0.01875
6 0.28671875 0.528125 0.0078125 0.01875
6 0.26875 0.52734375 0.009375 0.0140625
6 0.40625 0.53203125 0.0125 0.0171875
6 0.4140625 0.5328125 0.0125 0.01875
6 0.421875 0.53515625 0.0125 0.0140625
6 0.48203125 0.5375 0.0140625 0.01875
6 0.4984375 0.5359375 0.015625 0.01875
6 0.509375 0.53671875 0.0125 0.0203125
6 0.46328125 0.51796875 0.0140625 0.0203125
6 0.47109375 0.5203125 0.0140625 0.015625
6 0.41015625 0.18203125 0.0171875 0.0109375
6 0.40625 0.16328125 0.021875 0.0140625
6 0.40703125 0.15546875 0.0203125 0.0109375
6 0.1109375 0.5203125 0.0125 0.015625
6 0.128125 0.521875 0.0125 0.01875
6 0.146875 0.5234375 0.015625 0.01875
6 0.165625 0.52421875 0.015625 0.0171875
6 0.07734375 0.50625 0.0171875 0.01875
6 0.04140625 0.50078125 0.0171875 0.0203125
6 0.01328125 0.50078125 0.0140625 0.0171875
6 0.08125 0.5203125 0.0125 0.015625
6 0.0984375 0.5203125 0.015625 0.01875
6 0.06328125 0.51953125 0.0171875 0.0203125
6 0.40859375 0.146875 0.0203125 0.0125
6 0.1453125 0.56640625 0.0125 0.0234375
6 0.12734375 0.565625 0.0109375 0.015625
6 0.053125 0.51796875 0.01875 0.0203125
6 0.0078125 0.515625 0.015625 0.015625
6 0.01484375 0.51875 0.0109375 0.015625
6 0.034375 0.51640625 0.015625 0.0171875
6 0.04375 0.51796875 0.015625 0.0203125
6 0.03203125 0.16171875 0.0203125 0.0078125
6 0.29453125 0.15078125 0.0265625 0.0140625
6 0.29453125 0.1421875 0.0234375 0.015625
6 0.296875 0.1328125 0.025 0.015625
6 0.2453125 0.121875 0.01875 0.0125
6 0.1625 0.18125 0.01875 0.0125
6 0.26796875 0.0640625 0.0265625 0.009375
6 0.03203125 0.17109375 0.0171875 0.0078125
6 0.03359375 0.15390625 0.0203125 0.0078125
6 0.18984375 0.19296875 0.0296875 0.0171875
6 0.190625 0.22734375 0.009375 0.0171875
6 0.06328125 0.47421875 0.0171875 0.0078125
6 0.0265625 0.47421875 0.01875 0.0078125
6 0.8171875 0.10703125 0.009375 0.0171875
6 0.396875 0.25078125 0.009375 0.0171875
6 0.3484375 0.246875 0.009375 0.01875
6 0.32109375 0.24609375 0.0109375 0.0171875
6 0.309375 0.246875 0.009375 0.015625
6 0.8765625 0.109375 0.009375 0.01875
6 0.8421875 0.1078125 0.009375 0.015625
6 0.825 0.10625 0.009375 0.01875
6 0.79765625 0.10625 0.0109375 0.01875
6 0.85625 0.05703125 0.0125 0.0171875
6 0.765625 0.1046875 0.009375 0.015625
6 0.59765625 0.0515625 0.0109375 0.021875
6 0.55078125 0.096875 0.0109375 0.01875
6 0.48984375 0.09375 0.0078125 0.01875
6 0.446875 0.09453125 0.009375 0.0171875
6 0.43828125 0.09375 0.0109375 0.01875
6 0.42265625 0.09375 0.0109375 0.01875
6 0.4515625 0.25234375 0.009375 0.0171875
6 0.47578125 0.25546875 0.0109375 0.0203125
6 0.50546875 0.25625 0.0078125 0.01875
6 0.521875 0.25859375 0.009375 0.0203125
6 0.40703125 0.12890625 0.0203125 0.0109375
6 0.39296875 0.134375 0.0234375 0.0125
6 0.3921875 0.1875 0.01875 0.0125
6 0.3921875 0.17890625 0.01875 0.0109375
6 0.3421875 0.20625 0.01875 0.0125
6 0.3421875 0.17890625 0.01875 0.0109375
6 0.34375 0.1609375 0.01875 0.0125
6 0.34453125 0.15234375 0.0140625 0.0078125
6 0.34453125 0.14296875 0.0171875 0.0109375
6 0.34453125 0.134375 0.0203125 0.009375
6 0.3125 0.12890625 0.01875 0.0109375
6 0.3140625 0.18359375 0.01875 0.0140625
6 0.29140625 0.203125 0.0265625 0.021875
6 0.5484375 0.259375 0.009375 0.01875
6 0.5328125 0.25703125 0.009375 0.0203125
6 0.33828125 0.08984375 0.0078125 0.0140625
6 0.875 0.05859375 0.009375 0.0171875
6 0.2109375 0.4796875 0.01875 0.00625
6 0.875 0.0390625 0.009375 0.021875
6 0.23359375 0.4796875 0.0203125 0.009375
6 0.25546875 0.48203125 0.0171875 0.0078125
6 0.275 0.4828125 0.01875 0.009375
6 0.221875 0.51953125 0.0125 0.0171875
6 0.8828125 0.040625 0.009375 0.01875
6 0.91796875 0.05703125 0.0109375 0.0171875
6 0.9296875 0.059375 0.009375 0.01875
6 0.9015625 0.0390625 0.009375 0.021875
6 0.2296875 0.52578125 0.0125 0.0171875
