6 0.778125 0.1328125 0.021875 0.009375
4 0.896875 0.77109375 0.115625 0.0828125
4 0.89140625 0.59375 0.1265625 0.1125
4 0.57109375 0.58046875 0.1484375 0.1203125
4 0.9078125 0.23359375 0.125 0.0796875
4 0.55078125 0.22421875 0.1484375 0.1140625
6 0.834375 0.87421875 0.0125 0.0203125
6 0.82421875 0.871875 0.0078125 0.015625
6 0.8546875 0.8484375 0.015625 0.01875
6 0.87578125 0.84296875 0.0203125 0.0234375
6 0.90078125 0.846875 0.0171875 0.021875
6 0.91640625 0.84453125 0.0203125 0.0265625
6 0.95390625 0.84765625 0.0109375 0.0234375
6 0.84453125 0.87421875 0.0109375 0.0203125
5 0.84453125 0.1796875 0.0421875 0.0375
5 0.8046875 0.19765625 0.04375 0.0203125
5 0.78125 0.25625 0.025 0.04375
