6 0.24296875 0.0921875 0.0078125 0.015625
6 0.4375 0.22421875 0.021875 0.0078125
6 0.4359375 0.215625 0.015625 0.009375
6 0.60078125 0.21015625 0.0109375 0.0171875
6 0.58984375 0.2109375 0.0109375 0.01875
6 0.2765625 0.165625 0.009375 0.015625
6 0.43671875 0.20703125 0.0203125 0.0078125
6 0.2875 0.14609375 0.009375 0.0203125
6 0.4234375 0.15234375 0.009375 0.0171875
6 0.38203125 0.19609375 0.0234375 0.0078125
6 0.434375 0.23984375 0.01875 0.0078125
6 0.4359375 0.30078125 0.015625 0.0078125
6 0.434375 0.2921875 0.01875 0.00625
6 0.43515625 0.28359375 0.0203125 0.0078125
6 0.43671875 0.27421875 0.0203125 0.0078125
6 0.4359375 0.26640625 0.021875 0.0078125
6 0.4359375 0.25625 0.01875 0.009375
6 0.43359375 0.24609375 0.0171875 0.0078125
6 0.4140625 0.23984375 0.025 0.0078125
6 0.296875 0.21875 0.021875 0.009375
6 0.415625 0.23203125 0.021875 0.0078125
6 0.3765625 0.23046875 0.021875 0.0078125
6 0.378125 0.21328125 0.025 0.0078125
6 0.26640625 0.340625 0.0203125 0.009375
6 0.2734375 0.29453125 0.01875 0.0078125
6 0.33203125 0.284375 0.0171875 0.00625
6 0.29296875 0.26953125 0.0203125 0.0078125
6 0.43125 0.32578125 0.015625 0.0078125
6 0.4328125 0.30859375 0.01875 0.0078125
6 0.43359375 0.33359375 0.0171875 0.0078125
6 0.43359375 0.34296875 0.0203125 0.0078125
6 0.3890625 0.7265625 0.01875 0.009375
6 0.30234375 0.75546875 0.0078125 0.0171875
6 0.2921875 0.7546875 0.009375 0.015625
6 0.2765625 0.7546875 0.0125 0.01875
6 0.22578125 0.77109375 0.0046875 0.0140625
6 0.2171875 0.76953125 0.00625 0.0171875
6 0.20703125 0.76796875 0.0078125 0.0171875
6 0.19140625 0.7671875 0.0078125 0.015625
6 0.390625 0.71875 0.01875 0.009375
6 0.32734375 0.75390625 0.0078125 0.0171875
6 0.40703125 0.74453125 0.0171875 0.0078125
6 0.40859375 0.7375 0.0171875 0.0125
6 0.4078125 0.728125 0.021875 0.009375
6 0.409375 0.71953125 0.01875 0.0078125
6 0.409375 0.71171875 0.01875 0.0078125
6 0.39296875 0.70859375 0.0203125 0.0078125
6 0.39375 0.7015625 0.01875 0.009375
6 0.31796875 0.75546875 0.0078125 0.0140625
6 0.3359375 0.75703125 0.009375 0.0140625
6 0.2125 0.84921875 0.015625 0.0140625
6 0.2921875 0.77578125 0.00625 0.0171875
6 0.20859375 0.83203125 0.0171875 0.0140625
6 0.20234375 0.81640625 0.0203125 0.0171875
6 0.19453125 0.809375 0.0203125 0.01875
6 0.259375 0.77421875 0.009375 0.0171875
6 0.2671875 0.77578125 0.009375 0.0203125
6 0.27578125 0.77421875 0.0078125 0.0203125
6 0.28359375 0.77421875 0.0078125 0.0171875
6 0.30078125 0.771875 0.0109375 0.015625
6 0.3453125 0.75859375 0.009375 0.0171875
6 0.31015625 0.7734375 0.0078125 0.015625
6 0.31875 0.775 0.009375 0.015625
6 0.32734375 0.775 0.0078125 0.015625
6 0.334375 0.77421875 0.009375 0.0203125
6 0.3453125 0.77734375 0.009375 0.0203125
6 0.353125 0.77578125 0.009375 0.0140625
6 0.35390625 0.75859375 0.0078125 0.0203125
6 0.3921875 0.69296875 0.01875 0.0078125
6 0.3921875 0.6671875 0.01875 0.009375
6 0.409375 0.69375 0.01875 0.009375
6 0.41484375 0.2984375 0.0234375 0.00625
6 0.37734375 0.27265625 0.0171875 0.0078125
6 0.378125 0.25546875 0.01875 0.0078125
6 0.41640625 0.25703125 0.0171875 0.0078125
6 0.415625 0.265625 0.01875 0.00625
6 0.41640625 0.275 0.0171875 0.00625
6 0.41640625 0.28359375 0.0203125 0.0078125
6 0.415625 0.29140625 0.01875 0.0078125
6 0.415625 0.30703125 0.015625 0.0078125
6 0.409375 0.68515625 0.01875 0.0078125
6 0.415625 0.31640625 0.01875 0.0078125
6 0.41328125 0.325 0.0203125 0.00625
6 0.4140625 0.33515625 0.021875 0.0078125
6 0.41484375 0.34296875 0.0203125 0.0078125
6 0.4125 0.35078125 0.01875 0.0078125
6 0.43203125 0.3609375 0.0171875 0.009375
6 0.4328125 0.35078125 0.01875 0.0078125
6 0.378125 0.28203125 0.01875 0.0078125
6 0.37734375 0.290625 0.0171875 0.009375
6 0.37734375 0.29921875 0.0203125 0.0078125
6 0.37578125 0.30703125 0.0203125 0.0078125
6 0.32109375 0.59296875 0.0203125 0.0078125
6 0.346875 0.64296875 0.015625 0.0171875
6 0.39609375 0.634375 0.0171875 0.009375
6 0.4109375 0.659375 0.015625 0.009375
6 0.41328125 0.64296875 0.0203125 0.0078125
6 0.4125 0.62578125 0.01875 0.0078125
6 0.41328125 0.61015625 0.0203125 0.0078125
6 0.4125 0.60078125 0.01875 0.0078125
6 0.4109375 0.58125 0.021875 0.009375
6 0.41328125 0.57265625 0.0171875 0.0078125
6 0.3625 0.28515625 0.009375 0.0171875
6 0.3609375 0.30546875 0.009375 0.0171875
6 0.375 0.33203125 0.01875 0.0078125
6 0.375 0.32421875 0.025 0.0078125
6 0.375 0.315625 0.01875 0.009375
6 0.21171875 0.840625 0.0234375 0.01875
6 0.2203125 0.85546875 0.01875 0.0171875
6 0.22421875 0.8640625 0.0171875 0.015625
6 0.2703125 0.92578125 0.01875 0.0171875
6 0.30390625 0.90703125 0.0203125 0.0109375
6 0.26484375 0.92109375 0.0171875 0.0171875
6 0.2578125 0.9140625 0.01875 0.01875
6 0.2546875 0.9078125 0.015625 0.015625
6 0.25 0.89921875 0.01875 0.0171875
6 0.2453125 0.8921875 0.01875 0.015625
6 0.2390625 0.88515625 0.01875 0.0171875
6 0.23515625 0.878125 0.0171875 0.015625
6 0.228125 0.87109375 0.01875 0.0140625
