6 0.1359375 0.95 0.040625 0.015625
6 0.090625 0.9484375 0.03125 0.01875
6 0.08515625 0.92265625 0.0265625 0.0140625
6 0.12109375 0.63984375 0.0171875 0.0109375
6 0.01875 0.675 0.015625 0.01875
6 0.9125 0.6359375 0.009375 0.021875
6 0.98515625 0.503125 0.0109375 0.021875
6 0.94453125 0.6359375 0.0109375 0.01875
6 0.90234375 0.634375 0.0078125 0.01875
6 0.88671875 0.63515625 0.0078125 0.0203125
6 0.878125 0.6359375 0.009375 0.01875
6 0.86953125 0.63515625 0.0109375 0.0203125
6 0.859375 0.63359375 0.009375 0.0203125
6 0.85078125 0.6328125 0.0078125 0.015625
6 0.84375 0.634375 0.009375 0.021875
6 0.83515625 0.63203125 0.0078125 0.0171875
6 0.828125 0.63359375 0.00625 0.0140625
6 0.94921875 0.68046875 0.0109375 0.0171875
6 0.765625 0.66796875 0.009375 0.0171875
6 0.878125 0.70703125 0.015625 0.0078125
6 0.86171875 0.70625 0.0140625 0.009375
6 0.8421875 0.70625 0.01875 0.009375
6 0.81953125 0.70390625 0.0203125 0.0078125
6 0.7671875 0.70390625 0.015625 0.0078125
6 0.74453125 0.70234375 0.0234375 0.0109375
6 0.77421875 0.66875 0.0078125 0.015625
6 0.75625 0.66953125 0.009375 0.0171875
6 0.9328125 0.6765625 0.00625 0.015625
6 0.7484375 0.66875 0.009375 0.015625
6 0.74140625 0.66953125 0.0078125 0.0171875
6 0.73203125 0.66953125 0.0078125 0.0171875
6 0.7203125 0.66953125 0.009375 0.0171875
6 0.67421875 0.6703125 0.0109375 0.01875
6 0.66484375 0.67109375 0.0109375 0.0171875
6 0.6765625 0.625 0.009375 0.015625
6 0.8984375 0.709375 0.015625 0.00625
6 0.915625 0.709375 0.015625 0.00625
6 0.93671875 0.71015625 0.0203125 0.0078125
6 0.97578125 0.71015625 0.0171875 0.0078125
6 0.9234375 0.67734375 0.009375 0.0203125
6 0.9078125 0.67734375 0.009375 0.0171875
6 0.9 0.6765625 0.00625 0.01875
6 0.89140625 0.67734375 0.0078125 0.0171875
6 0.88515625 0.6765625 0.0078125 0.01875
6 0.8765625 0.67734375 0.00625 0.0171875
6 0.86015625 0.67421875 0.0078125 0.0171875
6 0.8515625 0.67578125 0.009375 0.0171875
6 0.83671875 0.67421875 0.0078125 0.0203125
6 0.828125 0.6734375 0.00625 0.015625
6 0.82109375 0.671875 0.0078125 0.015625
6 0.81328125 0.671875 0.0078125 0.015625
6 0.80390625 0.671875 0.0078125 0.015625
6 0.79609375 0.67265625 0.0078125 0.0171875
6 0.65546875 0.62578125 0.0078125 0.0203125
6 0.665625 0.625 0.009375 0.015625
6 0.24375 0.815625 0.009375 0.015625
6 0.346875 0.8203125 0.009375 0.015625
6 0.54609375 0.8953125 0.0234375 0.009375
6 0.5953125 0.8984375 0.025 0.015625
6 0.6546875 0.871875 0.009375 0.025
6 0.66953125 0.875 0.0109375 0.01875
6 0.6875 0.8296875 0.009375 0.01875
6 0.95078125 0.9640625 0.0203125 0.009375
6 0.859375 0.98984375 0.009375 0.0171875
