6 0.1828125 0.2171875 0.0125 0.015625
6 0.10625 0.2171875 0.015625 0.01875
6 0.11640625 0.21796875 0.0140625 0.0171875
6 0.14609375 0.23828125 0.0203125 0.0140625
6 0.21640625 0.2390625 0.0203125 0.0125
6 0.20546875 0.2515625 0.0203125 0.015625
6 0.1875 0.26171875 0.021875 0.0171875
6 0.16796875 0.23359375 0.0171875 0.0171875
6 0.16484375 0.21875 0.0171875 0.01875
6 0.06953125 0.21484375 0.0171875 0.0203125
6 0.14921875 0.2078125 0.0140625 0.015625
6 0.14921875 0.19609375 0.0140625 0.0140625
6 0.14765625 0.18359375 0.0140625 0.0171875
6 0.1078125 0.184375 0.015625 0.01875
6 0.0984375 0.18515625 0.015625 0.0171875
6 0.0890625 0.1828125 0.015625 0.01875
6 0.0796875 0.1828125 0.015625 0.01875
6 0.0890625 0.21328125 0.01875 0.0234375
6 0.059375 0.215625 0.015625 0.01875
6 0.10625 0.40625 0.00625 0.0125
6 0.11875 0.3703125 0.015625 0.00625
6 0.1390625 0.3734375 0.01875 0.00625
6 0.15859375 0.3734375 0.0171875 0.00625
6 0.07890625 0.40390625 0.0078125 0.0171875
6 0.16796875 0.4078125 0.0078125 0.015625
6 0.05234375 0.2140625 0.0140625 0.015625
6 0.18515625 0.41015625 0.0109375 0.0171875
6 0.19375 0.4109375 0.00625 0.015625
6 0.2109375 0.41015625 0.009375 0.0171875
6 0.37421875 0.39296875 0.0109375 0.0203125
6 0.31015625 0.33671875 0.0171875 0.0140625
6 0.30390625 0.321875 0.0203125 0.009375
6 0.0328125 0.2140625 0.015625 0.015625
6 0.06953125 0.18046875 0.0140625 0.0171875
6 0.059375 0.1828125 0.0125 0.015625
6 0.053125 0.18359375 0.0125 0.0171875
6 0.215625 0.17109375 0.015625 0.0171875
6 0.1921875 0.1234375 0.0125 0.015625
6 0.2 0.1234375 0.009375 0.0125
6 0.21015625 0.12578125 0.0140625 0.0171875
6 0.1609375 0.17265625 0.015625 0.0171875
6 0.1703125 0.17109375 0.015625 0.0171875
6 0.18203125 0.17109375 0.0171875 0.0171875
6 0.20546875 0.17109375 0.0171875 0.0171875
6 0.2265625 0.171875 0.015625 0.015625
6 0.040625 0.18359375 0.015625 0.0171875
6 0.23984375 0.1734375 0.0171875 0.01875
6 0.25859375 0.19765625 0.0171875 0.0078125
6 0.27421875 0.1734375 0.0109375 0.015625
6 0.25546875 0.1375 0.0234375 0.015625
6 0.22109375 0.0953125 0.0171875 0.01875
6 0.2125 0.09453125 0.015625 0.0171875
6 0.14453125 0.0890625 0.0140625 0.015625
6 0.19921875 0.140625 0.0140625 0.015625
6 0.225 0.1875 0.015625 0.015625
6 0.2140625 0.184375 0.009375 0.0125
6 0.20390625 0.1875 0.0140625 0.01875
6 0.03203125 0.1828125 0.0140625 0.015625
6 0.13203125 0.1390625 0.0109375 0.015625
6 0.1421875 0.1359375 0.015625 0.015625
6 0.14921875 0.140625 0.0140625 0.015625
6 0.1625 0.13828125 0.0125 0.0171875
6 0.17265625 0.13671875 0.0140625 0.0171875
6 0.18046875 0.1390625 0.0140625 0.015625
6 0.1625 0.12109375 0.0125 0.0171875
6 0.14296875 0.12109375 0.0140625 0.0203125
6 0.13359375 0.12109375 0.0140625 0.0171875
6 0.125 0.12265625 0.015625 0.0203125
6 0.09375 0.13828125 0.015625 0.0171875
6 0.0859375 0.13515625 0.015625 0.0171875
6 0.0484375 0.13359375 0.01875 0.0234375
6 0.10546875 0.0875 0.0109375 0.015625
6 0.125 0.0890625 0.0125 0.015625
6 0.08671875 0.0859375 0.0140625 0.015625
6 0.07890625 0.08828125 0.0140625 0.0171875
6 0.25703125 0.07265625 0.0203125 0.0171875
6 0.21015625 0.075 0.0109375 0.015625
6 0.21953125 0.07421875 0.0140625 0.0171875
6 0.25859375 0.090625 0.0171875 0.0125
6 0.25703125 0.0828125 0.0171875 0.015625
6 0.259375 0.04609375 0.01875 0.0140625
6 0.29375 0.078125 0.009375 0.015625
6 0.29296875 0.06171875 0.0109375 0.0140625
6 0.29375 0.02265625 0.009375 0.0171875
6 0.18359375 0.0234375 0.0140625 0.01875
6 0.07109375 0.01953125 0.0140625 0.0171875
6 0.06953125 0.08828125 0.0171875 0.0203125
6 0.03828125 0.0671875 0.0140625 0.01875
6 0.04375 0.034375 0.0125 0.015625
6 0.059375 0.0375 0.01875 0.01875
6 0.0875 0.0390625 0.015625 0.015625
6 0.11796875 0.0390625 0.0171875 0.015625
6 0.08828125 0.0234375 0.0140625 0.015625
6 0.04375 0.01875 0.015625 0.015625
6 0.13515625 0.02578125 0.0109375 0.0140625
4 0.5453125 0.35625 0.128125 0.1
4 0.521875 0.178125 0.11875 0.11875
6 0.1125 0.1375 0.015625 0.015625
6 0.4296875 0.04140625 0.01875 0.0078125
6 0.125 0.1359375 0.015625 0.01875
