6 0.46484375 0.2953125 0.0171875 0.009375
6 0.496875 0.30703125 0.0125 0.0203125
6 0.5140625 0.18828125 0.0125 0.0171875
6 0.51484375 0.2109375 0.0109375 0.015625
6 0.525 0.2109375 0.009375 0.01875
6 0.53125 0.1890625 0.009375 0.01875
6 0.3078125 0.05703125 0.009375 0.0203125
6 0.28203125 0.15859375 0.0109375 0.0203125
6 0.23359375 0.11484375 0.0109375 0.0171875
6 0.190625 0.1515625 0.009375 0.01875
6 0.19921875 0.1515625 0.0078125 0.015625
6 0.2078125 0.15078125 0.00625 0.0140625
6 0.215625 0.15234375 0.009375 0.0171875
6 0.225 0.1546875 0.00625 0.015625
6 0.24140625 0.15546875 0.0109375 0.0171875
6 0.278125 0.11171875 0.009375 0.0140625
6 0.19453125 0.09453125 0.0109375 0.0140625
6 0.17421875 0.15 0.0078125 0.015625
6 0.203125 0.0953125 0.00625 0.015625
6 0.21015625 0.09453125 0.0109375 0.0171875
6 0.21875 0.09375 0.009375 0.015625
6 0.228125 0.09296875 0.009375 0.0171875
6 0.2375 0.09296875 0.009375 0.0171875
6 0.25390625 0.09609375 0.0109375 0.0171875
6 0.29921875 0.05625 0.0109375 0.01875
6 0.184375 0.1515625 0.009375 0.01875
6 0.1671875 0.1515625 0.009375 0.01875
6 0.134375 0.109375 0.00625 0.015625
6 0.1265625 0.1703125 0.01875 0.015625
6 0.11640625 0.10859375 0.0109375 0.0140625
6 0.2 0.11328125 0.009375 0.0171875
6 0.21015625 0.11328125 0.0109375 0.0171875
6 0.2171875 0.115625 0.009375 0.015625
6 0.16328125 0.1703125 0.0171875 0.015625
6 0.15 0.17109375 0.015625 0.0171875
6 0.1390625 0.17109375 0.015625 0.0171875
6 0.11328125 0.17109375 0.0171875 0.0171875
6 0.1578125 0.15078125 0.009375 0.0203125
6 0.18828125 0.20078125 0.0171875 0.0078125
6 0.18828125 0.19375 0.0171875 0.009375
6 0.19140625 0.18359375 0.0171875 0.0078125
6 0.115625 0.15 0.009375 0.015625
6 0.12265625 0.1515625 0.0078125 0.01875
6 0.13203125 0.14921875 0.0109375 0.0171875
6 0.14921875 0.15078125 0.0078125 0.0171875
6 0.2609375 0.053125 0.009375 0.015625
6 0.24609375 0.053125 0.0109375 0.015625
6 0.228125 0.05078125 0.009375 0.0140625
6 0.19453125 0.05234375 0.0078125 0.0140625
6 0.17265625 0.05078125 0.0078125 0.0140625
6 0.16015625 0.0515625 0.0078125 0.015625
6 0.15078125 0.053125 0.0078125 0.015625
6 0.1359375 0.04921875 0.009375 0.0171875
6 0.1265625 0.04921875 0.009375 0.0171875
6 0.11796875 0.05 0.0078125 0.015625
6 0.07578125 0.04765625 0.0078125 0.0171875
6 0.06875 0.04921875 0.009375 0.0171875
6 0.0609375 0.04921875 0.00625 0.0171875
6 0.04921875 0.0484375 0.0078125 0.015625
6 0.0328125 0.04765625 0.009375 0.0171875
6 0.125 0.11015625 0.009375 0.0140625
6 0.1421875 0.11015625 0.009375 0.0140625
6 0.15078125 0.11171875 0.0109375 0.0140625
6 0.2109375 0.5171875 0.015625 0.01875
6 0.15078125 0.39609375 0.0078125 0.0171875
6 0.19140625 0.41796875 0.0203125 0.0078125
6 0.1453125 0.51875 0.009375 0.01875
6 0.16796875 0.51640625 0.0109375 0.0171875
6 0.1875 0.51484375 0.0125 0.0171875
6 0.19921875 0.5203125 0.0109375 0.015625
6 0.221875 0.515625 0.015625 0.015625
6 0.35 0.50390625 0.0125 0.0234375
6 0.028125 0.20703125 0.009375 0.0203125
6 0.01875 0.20546875 0.0125 0.0140625
6 0.01171875 0.20390625 0.0109375 0.0203125
6 0.01171875 0.146875 0.0078125 0.01875
6 0.021875 0.14609375 0.009375 0.0140625
6 0.03046875 0.1484375 0.0078125 0.01875
6 0.14296875 0.0921875 0.0078125 0.0125
6 0.1234375 0.09140625 0.009375 0.0140625
6 0.13515625 0.09140625 0.0109375 0.0171875
6 0.16015625 0.09375 0.0078125 0.01875
6 0.02421875 0.1046875 0.0078125 0.015625
6 0.16953125 0.09453125 0.0078125 0.0140625
6 0.1765625 0.09453125 0.00625 0.0140625
6 0.184375 0.0953125 0.00625 0.015625
6 0.18359375 0.1140625 0.0078125 0.015625
6 0.175 0.1125 0.009375 0.01875
6 0.16640625 0.11171875 0.0078125 0.0203125
6 0.15859375 0.1125 0.0078125 0.01875
6 0.075 0.09140625 0.009375 0.0171875
6 0.0734375 0.11015625 0.009375 0.0171875
6 0.01328125 0.0875 0.0078125 0.01875
6 0.02265625 0.0890625 0.0078125 0.0125
6 0.015625 0.10390625 0.009375 0.0171875
6 0.00625 0.1046875 0.009375 0.015625
6 0.0328125 0.1046875 0.009375 0.015625
6 0.040625 0.1046875 0.009375 0.01875
6 0.04921875 0.1046875 0.0078125 0.015625
6 0.05703125 0.1046875 0.0078125 0.01875
6 0.065625 0.10625 0.00625 0.015625
6 0.06484375 0.08984375 0.0078125 0.0140625
6 0.05703125 0.0875 0.0078125 0.015625
6 0.0390625 0.0875 0.009375 0.015625
6 0.03125 0.0890625 0.00625 0.0125
