6 0.1734375 0.05859375 0.015625 0.0203125
6 0.96484375 0.2953125 0.0171875 0.009375
6 0.8078125 0.05703125 0.009375 0.0203125
6 0.78203125 0.15859375 0.0109375 0.0203125
6 0.0171875 0.69296875 0.015625 0.0078125
6 0.01796875 0.65 0.0140625 0.009375
6 0.01875 0.6421875 0.01875 0.009375
6 0.015625 0.6328125 0.015625 0.009375
6 0.01796875 0.62265625 0.0171875 0.0078125
6 0.01640625 0.615625 0.0171875 0.009375
6 0.05546875 0.69296875 0.0171875 0.0078125
6 0.046875 0.91328125 0.01875 0.0078125
6 0.01484375 0.70078125 0.0171875 0.0078125
6 0.046875 0.90546875 0.015625 0.0078125
6 0.0546875 0.70234375 0.01875 0.0046875
6 0.046875 0.88125 0.01875 0.009375
6 0.0484375 0.86328125 0.01875 0.0078125
6 0.04921875 0.84609375 0.0171875 0.0078125
6 0.05234375 0.75234375 0.0171875 0.0078125
6 0.05234375 0.73515625 0.0171875 0.0109375
6 0.05390625 0.71953125 0.0171875 0.0078125
6 0.0546875 0.71171875 0.015625 0.0078125
6 0.05546875 0.653125 0.0171875 0.00625
6 0.05703125 0.64296875 0.0171875 0.0078125
6 0.05625 0.63359375 0.015625 0.0078125
6 0.1015625 0.5796875 0.009375 0.015625
6 0.11484375 0.634375 0.0203125 0.0125
6 0.06875 0.578125 0.009375 0.01875
6 0.0765625 0.57890625 0.009375 0.0171875
6 0.115625 0.59296875 0.021875 0.0109375
6 0.0546875 0.62578125 0.021875 0.0109375
6 0.11015625 0.53984375 0.0203125 0.0078125
6 0.44375 0.6609375 0.015625 0.01875
6 0.42265625 0.65390625 0.0140625 0.0203125
6 0.415625 0.5765625 0.009375 0.015625
6 0.40625 0.5765625 0.009375 0.0125
6 0.39765625 0.57421875 0.0109375 0.0171875
6 0.37109375 0.5734375 0.0109375 0.01875
6 0.11171875 0.64453125 0.0203125 0.0109375
6 0.1140625 0.6546875 0.01875 0.009375
6 0.11484375 0.66171875 0.0203125 0.0078125
6 0.11484375 0.66875 0.0203125 0.00625
6 0.05390625 0.615625 0.0234375 0.009375
6 0.0671875 0.83828125 0.01875 0.0078125
6 0.071875 0.72734375 0.01875 0.0078125
6 0.06953125 0.71015625 0.0171875 0.0078125
6 0.075 0.6859375 0.01875 0.00625
6 0.0765625 0.61640625 0.01875 0.0078125
6 0.10546875 0.90859375 0.0203125 0.0078125
6 0.109375 0.7796875 0.021875 0.0125
6 0.11015625 0.75234375 0.0203125 0.0078125
6 0.1109375 0.73828125 0.021875 0.0078125
6 0.1125 0.72109375 0.01875 0.0078125
6 0.11328125 0.71328125 0.0171875 0.0078125
6 0.11484375 0.70390625 0.0171875 0.0078125
6 0.1140625 0.6953125 0.021875 0.009375
6 0.1171875 0.68671875 0.015625 0.0078125
6 0.4171875 0.53515625 0.009375 0.0171875
6 0.0140625 0.7171875 0.015625 0.009375
6 0.0140625 0.72578125 0.01875 0.0078125
6 0.0125 0.7515625 0.015625 0.009375
6 0.01171875 0.79453125 0.0171875 0.0109375
6 0.0109375 0.87890625 0.015625 0.0078125
6 0.04453125 0.94921875 0.0171875 0.0078125
6 0.425 0.534375 0.009375 0.015625
6 0.40703125 0.53515625 0.0109375 0.0171875
6 0.73359375 0.11484375 0.0109375 0.0171875
6 0.690625 0.1515625 0.009375 0.01875
6 0.69921875 0.1515625 0.0078125 0.015625
6 0.7078125 0.15078125 0.00625 0.0140625
6 0.715625 0.15234375 0.009375 0.0171875
6 0.725 0.1546875 0.00625 0.015625
6 0.74140625 0.15546875 0.0109375 0.0171875
6 0.778125 0.11171875 0.009375 0.0140625
6 0.69453125 0.09453125 0.0109375 0.0140625
6 0.67421875 0.15 0.0078125 0.015625
6 0.703125 0.0953125 0.00625 0.015625
6 0.71015625 0.09453125 0.0109375 0.0171875
6 0.71875 0.09375 0.009375 0.015625
6 0.728125 0.09296875 0.009375 0.0171875
6 0.7375 0.09296875 0.009375 0.0171875
6 0.75390625 0.09609375 0.0109375 0.0171875
6 0.79921875 0.05625 0.0109375 0.01875
6 0.684375 0.1515625 0.009375 0.01875
6 0.6671875 0.1515625 0.009375 0.01875
6 0.634375 0.109375 0.00625 0.015625
6 0.6265625 0.1703125 0.01875 0.015625
6 0.61640625 0.10859375 0.0109375 0.0140625
6 0.7 0.11328125 0.009375 0.0171875
6 0.71015625 0.11328125 0.0109375 0.0171875
6 0.7171875 0.115625 0.009375 0.015625
6 0.66328125 0.1703125 0.0171875 0.015625
6 0.65 0.17109375 0.015625 0.0171875
6 0.6390625 0.17109375 0.015625 0.0171875
6 0.61328125 0.17109375 0.0171875 0.0171875
6 0.6578125 0.15078125 0.009375 0.0203125
6 0.68828125 0.20078125 0.0171875 0.0078125
6 0.68828125 0.19375 0.0171875 0.009375
6 0.69140625 0.18359375 0.0171875 0.0078125
6 0.615625 0.15 0.009375 0.015625
6 0.62265625 0.1515625 0.0078125 0.01875
6 0.63203125 0.14921875 0.0109375 0.0171875
6 0.64921875 0.15078125 0.0078125 0.0171875
6 0.7609375 0.053125 0.009375 0.015625
6 0.74609375 0.053125 0.0109375 0.015625
6 0.728125 0.05078125 0.009375 0.0140625
6 0.20390625 0.11640625 0.0171875 0.0078125
6 0.2046875 0.08203125 0.015625 0.0078125
6 0.20625 0.05859375 0.015625 0.0078125
6 0.69453125 0.05234375 0.0078125 0.0140625
6 0.28671875 0.034375 0.0078125 0.021875
6 0.35390625 0.03515625 0.0109375 0.0203125
6 0.39765625 0.0375 0.0109375 0.01875
6 0.4125 0.0375 0.009375 0.021875
6 0.67265625 0.05078125 0.0078125 0.0140625
6 0.66015625 0.0515625 0.0078125 0.015625
6 0.65078125 0.053125 0.0078125 0.015625
6 0.6359375 0.04921875 0.009375 0.0171875
6 0.6265625 0.04921875 0.009375 0.0171875
6 0.61796875 0.05 0.0078125 0.015625
6 0.57578125 0.04765625 0.0078125 0.0171875
6 0.56875 0.04921875 0.009375 0.0171875
6 0.5609375 0.04921875 0.00625 0.0171875
6 0.54921875 0.0484375 0.0078125 0.015625
6 0.5328125 0.04765625 0.009375 0.0171875
6 0.5 0.04453125 0.009375 0.0171875
6 0.48125 0.04296875 0.009375 0.0203125
6 0.45 0.05546875 0.021875 0.0078125
6 0.421875 0.03515625 0.009375 0.0203125
6 0.625 0.11015625 0.009375 0.0140625
6 0.6421875 0.11015625 0.009375 0.0140625
6 0.36484375 0.53671875 0.0109375 0.0140625
6 0.384375 0.07734375 0.009375 0.0140625
6 0.31484375 0.09453125 0.0078125 0.0203125
6 0.3296875 0.09453125 0.009375 0.0234375
6 0.3484375 0.09609375 0.009375 0.0171875
6 0.3734375 0.09453125 0.009375 0.0171875
6 0.390625 0.0953125 0.009375 0.01875
6 0.409375 0.1 0.009375 0.01875
6 0.40859375 0.078125 0.0109375 0.01875
6 0.35703125 0.07734375 0.0109375 0.0171875
6 0.36015625 0.1375 0.0078125 0.015625
6 0.365625 0.07578125 0.009375 0.0203125
6 0.33046875 0.075 0.0109375 0.015625
6 0.46875 0.1453125 0.009375 0.015625
6 0.4796875 0.146875 0.00625 0.015625
6 0.48828125 0.14765625 0.0109375 0.0171875
6 0.49609375 0.14609375 0.0078125 0.0171875
6 0.503125 0.14765625 0.009375 0.0171875
6 0.2875 0.09453125 0.009375 0.0171875
6 0.378125 0.13828125 0.009375 0.0171875
6 0.65078125 0.11171875 0.0109375 0.0140625
6 0.7109375 0.5171875 0.015625 0.01875
6 0.2265625 0.57578125 0.009375 0.0171875
6 0.65078125 0.39609375 0.0078125 0.0171875
6 0.69140625 0.41796875 0.0203125 0.0078125
6 0.6453125 0.51875 0.009375 0.01875
6 0.66796875 0.51640625 0.0109375 0.0171875
6 0.6875 0.51484375 0.0125 0.0171875
6 0.69921875 0.5203125 0.0109375 0.015625
6 0.721875 0.515625 0.015625 0.015625
6 0.3953125 0.1390625 0.009375 0.015625
6 0.85 0.50390625 0.0125 0.0234375
6 0.528125 0.20703125 0.009375 0.0203125
6 0.51875 0.20546875 0.0125 0.0140625
6 0.51171875 0.20390625 0.0109375 0.0203125
6 0.50234375 0.203125 0.0109375 0.01875
6 0.49375 0.20546875 0.00625 0.0171875
6 0.48046875 0.20390625 0.0109375 0.0171875
6 0.51171875 0.146875 0.0078125 0.01875
6 0.521875 0.14609375 0.009375 0.0140625
6 0.53046875 0.1484375 0.0078125 0.01875
6 0.64296875 0.0921875 0.0078125 0.0125
6 0.49765625 0.0875 0.0078125 0.015625
6 0.4890625 0.0875 0.009375 0.0125
6 0.4796875 0.08515625 0.009375 0.0203125
6 0.4671875 0.06796875 0.015625 0.0140625
6 0.46875 0.084375 0.00625 0.015625
6 0.6234375 0.09140625 0.009375 0.0140625
6 0.63515625 0.09140625 0.0109375 0.0171875
6 0.66015625 0.09375 0.0078125 0.01875
6 0.52421875 0.1046875 0.0078125 0.015625
6 0.66953125 0.09453125 0.0078125 0.0140625
6 0.6765625 0.09453125 0.00625 0.0140625
6 0.684375 0.0953125 0.00625 0.015625
6 0.68359375 0.1140625 0.0078125 0.015625
6 0.675 0.1125 0.009375 0.01875
6 0.66640625 0.11171875 0.0078125 0.0203125
6 0.65859375 0.1125 0.0078125 0.01875
6 0.575 0.09140625 0.009375 0.0171875
6 0.5734375 0.11015625 0.009375 0.0171875
6 0.51328125 0.0875 0.0078125 0.01875
6 0.52265625 0.0890625 0.0078125 0.0125
6 0.515625 0.10390625 0.009375 0.0171875
6 0.48828125 0.10546875 0.0078125 0.0171875
6 0.496875 0.10390625 0.009375 0.0171875
6 0.50625 0.1046875 0.009375 0.015625
6 0.4796875 0.10546875 0.009375 0.0171875
6 0.46953125 0.10390625 0.0078125 0.0171875
6 0.5328125 0.1046875 0.009375 0.015625
6 0.540625 0.1046875 0.009375 0.01875
6 0.54921875 0.1046875 0.0078125 0.015625
6 0.55703125 0.1046875 0.0078125 0.01875
6 0.565625 0.10625 0.00625 0.015625
6 0.56484375 0.08984375 0.0078125 0.0140625
6 0.55703125 0.0875 0.0078125 0.015625
6 0.5390625 0.0875 0.009375 0.015625
6 0.53125 0.0890625 0.00625 0.0125
