6 0.884375 0.86796875 0.009375 0.0171875
6 0.95546875 0.725 0.0078125 0.015625
4 0.146875 0.36171875 0.1625 0.1578125
4 0.8609375 0.54765625 0.1125 0.0921875
4 0.5203125 0.57265625 0.090625 0.0765625
4 0.51875 0.66328125 0.096875 0.0890625
4 0.52578125 0.76015625 0.1234375 0.0890625
4 0.5125 0.853125 0.096875 0.071875
4 0.8609375 0.809375 0.15 0.1
4 0.52265625 0.94921875 0.1203125 0.0890625
4 0.52265625 0.48046875 0.0953125 0.0734375
4 0.52421875 0.3921875 0.1109375 0.1
4 0.86171875 0.4515625 0.1140625 0.0875
