5 0.88671875 0.0484375 0.0078125 0.021875
5 0.878125 0.0453125 0.009375 0.021875
6 0.128125 0.01328125 0.01875 0.0140625
6 0.13671875 0.04609375 0.0203125 0.0140625
6 0.27578125 0.01796875 0.0171875 0.0140625
6 0.82421875 0.05 0.0109375 0.021875
6 0.815625 0.04765625 0.009375 0.0171875
6 0.80390625 0.046875 0.0109375 0.01875
6 0.275 0.02578125 0.01875 0.0171875
6 0.2671875 0.03984375 0.021875 0.0203125
6 0.26015625 0.05 0.0171875 0.015625
6 0.24765625 0.065625 0.0078125 0.01875
6 0.23828125 0.06484375 0.0109375 0.0171875
6 0.22734375 0.06484375 0.0109375 0.0203125
6 0.1953125 0.06328125 0.009375 0.0171875
6 0.1625 0.0609375 0.009375 0.01875
6 0.9734375 0.1765625 0.009375 0.015625
5 0.5390625 0.1390625 0.046875 0.0125
5 0.53984375 0.15234375 0.0484375 0.0109375
5 0.53671875 0.16484375 0.0484375 0.0140625
6 0.91875 0.17890625 0.009375 0.0171875
6 0.9265625 0.1796875 0.00625 0.01875
6 0.9453125 0.1765625 0.009375 0.015625
6 0.96171875 0.17890625 0.0109375 0.0171875
5 0.53359375 0.07578125 0.0328125 0.0078125
5 0.53359375 0.0859375 0.0296875 0.009375
5 0.5359375 0.0671875 0.028125 0.009375
5 0.86796875 0.02109375 0.0109375 0.0203125
5 0.86796875 0.0484375 0.0078125 0.025
5 0.859375 0.0453125 0.009375 0.021875
5 0.9421875 0.05078125 0.009375 0.0296875
5 0.90703125 0.040625 0.0171875 0.034375
5 0.8875 0.021875 0.009375 0.015625
5 0.87734375 0.0203125 0.0109375 0.021875
5 0.85703125 0.0203125 0.0109375 0.021875
5 0.53359375 0.05625 0.0296875 0.009375
6 0.7203125 0.15546875 0.01875 0.0078125
5 0.6265625 0.09453125 0.028125 0.0109375
5 0.76640625 0.0953125 0.0390625 0.0125
5 0.72890625 0.1421875 0.0328125 0.009375
5 0.534375 0.025 0.034375 0.0125
5 0.534375 0.034375 0.03125 0.0125
5 0.534375 0.0453125 0.03125 0.009375
