4 0.140625 0.725 0.259375 0.24375
6 0.56484375 0.884375 0.0203125 0.015625
6 0.55390625 0.9609375 0.0171875 0.025
6 0.54609375 0.9078125 0.0203125 0.015625
6 0.5484375 0.89375 0.01875 0.015625
6 0.56484375 0.896875 0.0203125 0.015625
6 0.5828125 0.87578125 0.01875 0.0140625
6 0.60078125 0.865625 0.0203125 0.015625
6 0.6171875 0.85703125 0.01875 0.0140625
6 0.6359375 0.84765625 0.01875 0.0140625
6 0.63828125 0.834375 0.0171875 0.015625
6 0.6203125 0.84140625 0.01875 0.0140625
6 0.60234375 0.85234375 0.0203125 0.0171875
6 0.58125 0.8625 0.01875 0.015625
6 0.56484375 0.871875 0.0203125 0.015625
6 0.5453125 0.88203125 0.021875 0.0171875
