5 0.17734375 0.60234375 0.0171875 0.0734375
5 0.18671875 0.6015625 0.0140625 0.075
6 0.0546875 0.5640625 0.009375 0.01875
5 0.20078125 0.6015625 0.0171875 0.075
5 0.2109375 0.6015625 0.015625 0.071875
5 0.2234375 0.5984375 0.015625 0.075
5 0.0171875 0.59453125 0.015625 0.0703125
5 0.02890625 0.59453125 0.0140625 0.0703125
6 0.15703125 0.56875 0.0109375 0.01875
6 0.6734375 0.55859375 0.015625 0.0203125
5 0.65078125 0.08046875 0.0359375 0.0359375
6 0.94453125 0.35859375 0.0109375 0.0203125
6 0.73984375 0.31640625 0.0203125 0.0140625
6 0.73984375 0.3078125 0.0203125 0.0125
6 0.75390625 0.3515625 0.0109375 0.01875
6 0.8109375 0.35625 0.0125 0.015625
6 0.8546875 0.3546875 0.0125 0.015625
6 0.86796875 0.35625 0.0109375 0.01875
6 0.8796875 0.3546875 0.009375 0.015625
6 0.8421875 0.0140625 0.0125 0.015625
6 0.7109375 0.2703125 0.021875 0.0125
6 0.94453125 0.1 0.0171875 0.009375
6 0.7921875 0.2421875 0.01875 0.0125
6 0.55 0.28828125 0.015625 0.0109375
6 0.83125 0.01328125 0.0125 0.0171875
6 0.86953125 0.01484375 0.0109375 0.0171875
6 0.88671875 0.01796875 0.0109375 0.0171875
6 0.91171875 0.0171875 0.0109375 0.01875
6 0.85390625 0.0328125 0.0109375 0.015625
6 0.846875 0.03203125 0.009375 0.0171875
6 0.8375 0.0328125 0.015625 0.01875
6 0.878125 0.06328125 0.0125 0.0171875
6 0.85625 0.08125 0.015625 0.01875
6 0.83359375 0.06328125 0.0140625 0.0203125
6 0.8296875 0.0796875 0.0125 0.01875
6 0.6234375 0.13984375 0.0125 0.0203125
6 0.3859375 0.2484375 0.021875 0.0125
6 0.353125 0.33984375 0.009375 0.0171875
6 0.48125 0.3453125 0.009375 0.015625
6 0.25859375 0.9390625 0.0078125 0.01875
6 0.26796875 0.9375 0.0078125 0.01875
6 0.2765625 0.93828125 0.00625 0.0171875
6 0.2890625 0.9390625 0.009375 0.01875
6 0.1875 0.21484375 0.01875 0.0109375
6 0.18359375 0.19765625 0.0265625 0.0140625
6 0.18828125 0.1703125 0.0203125 0.0125
6 0.25 0.26171875 0.021875 0.0140625
6 0.2359375 0.17890625 0.021875 0.0140625
6 0.25234375 0.16484375 0.0171875 0.0109375
6 0.2765625 0.1203125 0.009375 0.01875
6 0.1796875 0.09765625 0.01875 0.0109375
6 0.13828125 0.09453125 0.0171875 0.0109375
6 0.13515625 0.17734375 0.0203125 0.0140625
6 0.13671875 0.15625 0.0203125 0.015625
6 0.08359375 0.15546875 0.0203125 0.0140625
6 0.3109375 0.93828125 0.009375 0.0171875
6 0.34296875 0.59296875 0.0203125 0.0078125
6 0.70390625 0.61640625 0.0171875 0.0078125
6 0.7046875 0.58203125 0.015625 0.0078125
6 0.70625 0.55859375 0.015625 0.0078125
6 0.34453125 0.63125 0.0171875 0.009375
6 0.34609375 0.6203125 0.0171875 0.009375
6 0.3421875 0.609375 0.021875 0.00625
6 0.34375 0.6015625 0.015625 0.00625
6 0.34609375 0.5828125 0.0171875 0.009375
6 0.3484375 0.57578125 0.015625 0.0078125
6 0.34765625 0.56640625 0.0171875 0.0078125
6 0.34765625 0.559375 0.0140625 0.00625
6 0.34765625 0.55078125 0.0171875 0.0078125
6 0.34609375 0.54296875 0.0234375 0.0078125
6 0.35078125 0.53046875 0.0203125 0.0109375
6 0.590625 0.49296875 0.01875 0.0078125
6 0.78671875 0.534375 0.0078125 0.021875
6 0.85390625 0.53515625 0.0109375 0.0203125
6 0.89765625 0.5375 0.0109375 0.01875
6 0.9125 0.5375 0.009375 0.021875
6 0.98125 0.54296875 0.009375 0.0203125
6 0.95 0.55546875 0.021875 0.0078125
6 0.921875 0.53515625 0.009375 0.0203125
6 0.884375 0.57734375 0.009375 0.0140625
6 0.81484375 0.59453125 0.0078125 0.0203125
6 0.8296875 0.59453125 0.009375 0.0234375
6 0.8484375 0.59609375 0.009375 0.0171875
6 0.8734375 0.59453125 0.009375 0.0171875
6 0.890625 0.5953125 0.009375 0.01875
6 0.909375 0.6 0.009375 0.01875
6 0.90859375 0.578125 0.0109375 0.01875
6 0.85703125 0.57734375 0.0109375 0.0171875
6 0.86015625 0.6375 0.0078125 0.015625
6 0.865625 0.57578125 0.009375 0.0203125
6 0.83046875 0.575 0.0109375 0.015625
6 0.96875 0.6453125 0.009375 0.015625
6 0.9796875 0.646875 0.00625 0.015625
6 0.98828125 0.64765625 0.0109375 0.0171875
6 0.7875 0.59453125 0.009375 0.0171875
6 0.878125 0.63828125 0.009375 0.0171875
6 0.8953125 0.6390625 0.009375 0.015625
6 0.99375 0.70546875 0.00625 0.0171875
6 0.98046875 0.70390625 0.0109375 0.0171875
6 0.9890625 0.5875 0.009375 0.0125
6 0.9796875 0.58515625 0.009375 0.0203125
6 0.9671875 0.56796875 0.015625 0.0140625
6 0.96875 0.584375 0.00625 0.015625
6 0.98828125 0.60546875 0.0078125 0.0171875
6 0.9796875 0.60546875 0.009375 0.0171875
6 0.96953125 0.60390625 0.0078125 0.0171875
6 0.01640625 0.15234375 0.0171875 0.0109375
6 0.03515625 0.15546875 0.0203125 0.0109375
