6 0.55234375 0.75625 0.0078125 0.01875
6 0.57734375 0.75703125 0.0109375 0.0203125
4 0.39765625 0.4515625 0.1296875 0.115625
4 0.396875 0.27109375 0.115625 0.0828125
4 0.39140625 0.09375 0.1265625 0.1125
6 0.0359375 0.5578125 0.01875 0.01875
6 0.334375 0.37421875 0.0125 0.0203125
6 0.32421875 0.371875 0.0078125 0.015625
6 0.3546875 0.3484375 0.015625 0.01875
6 0.37578125 0.34296875 0.0203125 0.0234375
6 0.40078125 0.346875 0.0171875 0.021875
6 0.41640625 0.34453125 0.0203125 0.0265625
6 0.45390625 0.34765625 0.0109375 0.0234375
6 0.45234375 0.53125 0.0109375 0.021875
6 0.4625 0.53203125 0.009375 0.0234375
6 0.34453125 0.37421875 0.0109375 0.0203125
