6 0.665625 0.71796875 0.01875 0.0171875
6 0.98515625 0.665625 0.0109375 0.01875
6 0.6921875 0.6859375 0.01875 0.01875
6 0.6859375 0.69296875 0.021875 0.0171875
6 0.67421875 0.7046875 0.0203125 0.01875
6 0.65859375 0.72578125 0.0203125 0.0171875
6 0.65546875 0.734375 0.0171875 0.015625
6 0.65 0.740625 0.01875 0.015625
6 0.15625 0.18125 0.0125 0.01875
6 0.13984375 0.18046875 0.0109375 0.0140625
6 0.10546875 0.18046875 0.0109375 0.0171875
6 0.0765625 0.17890625 0.009375 0.0171875
6 0.19765625 0.18359375 0.0109375 0.0203125
6 0.13125 0.20234375 0.009375 0.0171875
6 0.0984375 0.19921875 0.0125 0.0171875
6 0.06640625 0.20078125 0.0109375 0.0171875
6 0.6359375 0.45 0.040625 0.015625
6 0.590625 0.4484375 0.03125 0.01875
6 0.58515625 0.42265625 0.0265625 0.0140625
6 0.62109375 0.13984375 0.0171875 0.0109375
6 0.51875 0.175 0.015625 0.01875
6 0.26875 0.3859375 0.01875 0.009375
6 0.2875 0.27578125 0.01875 0.0109375
4 0.196875 0.3375 0.10625 0.096875
6 0.74375 0.315625 0.009375 0.015625
6 0.846875 0.3203125 0.009375 0.015625
