6 0.19921875 0.83828125 0.0203125 0.0046875
6 0.20078125 0.76640625 0.0265625 0.0078125
6 0.20078125 0.775 0.0203125 0.009375
6 0.203125 0.78515625 0.021875 0.0078125
6 0.20234375 0.7921875 0.0203125 0.009375
6 0.20234375 0.8109375 0.0171875 0.009375
6 0.19921875 0.821875 0.0203125 0.00625
6 0.19765625 0.83125 0.0203125 0.00625
6 0.2 0.846875 0.01875 0.00625
6 0.22265625 0.77265625 0.0078125 0.0140625
6 0.20078125 0.85546875 0.0203125 0.0078125
6 0.19765625 0.87265625 0.0203125 0.0078125
6 0.19609375 0.88203125 0.0203125 0.0078125
6 0.196875 0.88984375 0.01875 0.0078125
6 0.196875 0.89921875 0.01875 0.0078125
6 0.19921875 0.75703125 0.0234375 0.0109375
6 0.234375 0.775 0.009375 0.0125
6 0.3796875 0.7453125 0.009375 0.01875
6 0.52421875 0.75 0.0078125 0.015625
6 0.40625 0.74609375 0.009375 0.0203125
6 0.4390625 0.74609375 0.00625 0.0140625
6 0.45546875 0.74765625 0.0109375 0.0171875
6 0.4921875 0.7484375 0.00625 0.015625
6 0.5 0.7484375 0.009375 0.015625
6 0.50703125 0.7484375 0.0078125 0.015625
6 0.51640625 0.75 0.0078125 0.015625
6 0.53203125 0.75078125 0.0078125 0.0140625
6 0.24453125 0.77421875 0.0109375 0.0171875
6 0.5421875 0.74453125 0.009375 0.0171875
6 0.4390625 0.81640625 0.009375 0.0171875
6 0.41875 0.8265625 0.009375 0.01875
6 0.41015625 0.83046875 0.0078125 0.0140625
6 0.4 0.82890625 0.0125 0.0234375
6 0.36953125 0.8359375 0.0109375 0.01875
6 0.23515625 0.81328125 0.0140625 0.0171875
6 0.396875 0.74609375 0.009375 0.0171875
6 0.37265625 0.74375 0.0109375 0.01875
6 0.375 0.70390625 0.009375 0.0140625
6 0.453125 0.70703125 0.00625 0.0171875
6 0.43671875 0.70625 0.0078125 0.015625
6 0.42890625 0.70703125 0.0078125 0.0203125
6 0.41796875 0.70703125 0.0078125 0.0171875
6 0.4 0.70859375 0.009375 0.0171875
6 0.3921875 0.70703125 0.009375 0.0171875
6 0.384375 0.70625 0.009375 0.015625
6 0.36796875 0.70390625 0.0078125 0.0140625
6 0.47109375 0.70859375 0.0078125 0.0203125
6 0.36015625 0.70390625 0.0078125 0.0140625
6 0.35234375 0.70390625 0.0078125 0.0140625
6 0.34296875 0.70546875 0.0078125 0.0171875
6 0.33515625 0.70546875 0.0078125 0.0171875
6 0.32578125 0.70390625 0.0109375 0.0171875
6 0.31640625 0.70390625 0.0078125 0.0171875
6 0.25546875 0.73984375 0.0109375 0.0140625
6 0.46171875 0.709375 0.0078125 0.01875
6 0.478125 0.7109375 0.009375 0.01875
6 0.3640625 0.74453125 0.009375 0.0140625
6 0.5046875 0.68984375 0.009375 0.0171875
6 0.403125 0.690625 0.00625 0.01875
6 0.4125 0.68984375 0.009375 0.0109375
6 0.44609375 0.6921875 0.0078125 0.01875
6 0.453125 0.68984375 0.009375 0.0171875
6 0.46171875 0.69140625 0.0078125 0.0171875
6 0.4703125 0.68828125 0.009375 0.0171875
6 0.4796875 0.69140625 0.00625 0.0171875
6 0.5140625 0.68984375 0.009375 0.0171875
6 0.48671875 0.71015625 0.0078125 0.0171875
6 0.521875 0.68984375 0.009375 0.0140625
6 0.528125 0.6890625 0.009375 0.015625
6 0.53984375 0.690625 0.0109375 0.015625
6 0.53984375 0.7109375 0.0140625 0.015625
6 0.5265625 0.70859375 0.009375 0.0171875
6 0.51171875 0.71015625 0.0078125 0.0171875
6 0.49609375 0.709375 0.0078125 0.01875
6 0.30859375 0.703125 0.0078125 0.015625
6 0.29765625 0.7015625 0.0078125 0.015625
6 0.3015625 0.64296875 0.009375 0.0171875
6 0.028125 0.66796875 0.00625 0.0140625
6 0.02109375 0.66640625 0.0078125 0.0171875
6 0.0109375 0.66640625 0.009375 0.0140625
6 0.2359375 0.625 0.009375 0.015625
6 0.30078125 0.7421875 0.0078125 0.015625
6 0.3109375 0.74296875 0.009375 0.0171875
6 0.3203125 0.740625 0.009375 0.015625
6 0.32890625 0.74140625 0.0078125 0.0171875
6 0.3375 0.74296875 0.009375 0.0203125
6 0.0109375 0.70078125 0.009375 0.0171875
6 0.04375 0.70390625 0.009375 0.0171875
6 0.05390625 0.70234375 0.0078125 0.0171875
6 0.21953125 0.7390625 0.0109375 0.015625
6 0.24375 0.625 0.009375 0.015625
6 0.253125 0.62265625 0.009375 0.0171875
6 0.26171875 0.62265625 0.0078125 0.0171875
6 0.26953125 0.6265625 0.0078125 0.015625
6 0.26953125 0.64375 0.0109375 0.01875
6 0.26015625 0.6421875 0.0078125 0.01875
6 0.25078125 0.6421875 0.0078125 0.0125
6 0.2421875 0.64375 0.009375 0.015625
6 0.21875 0.65703125 0.021875 0.0171875
6 0.2125 0.66328125 0.021875 0.0171875
6 0.20546875 0.6671875 0.0203125 0.01875
6 0.196875 0.67578125 0.01875 0.0171875
6 0.18984375 0.68046875 0.0265625 0.0203125
6 0.2421875 0.740625 0.009375 0.015625
6 0.2328125 0.73828125 0.009375 0.0171875
6 0.3953125 0.68984375 0.009375 0.0171875
6 0.3859375 0.6890625 0.009375 0.01875
6 0.37578125 0.68671875 0.0078125 0.0203125
6 0.36796875 0.6875 0.0078125 0.015625
6 0.4125 0.1359375 0.009375 0.021875
6 0.49765625 0.10703125 0.0171875 0.0078125
6 0.4984375 0.090625 0.01875 0.009375
6 0.496875 0.1328125 0.021875 0.009375
6 0.4953125 0.12421875 0.01875 0.0078125
6 0.44453125 0.1359375 0.0109375 0.01875
6 0.40234375 0.134375 0.0078125 0.01875
6 0.54765625 0.08515625 0.0203125 0.0078125
6 0.38671875 0.13515625 0.0078125 0.0203125
6 0.378125 0.1359375 0.009375 0.01875
6 0.36953125 0.13515625 0.0109375 0.0203125
6 0.359375 0.13359375 0.009375 0.0203125
6 0.35078125 0.1328125 0.0078125 0.015625
6 0.34375 0.134375 0.009375 0.021875
6 0.33515625 0.13203125 0.0078125 0.0171875
6 0.546875 0.07734375 0.021875 0.0078125
6 0.5484375 0.09453125 0.01875 0.0078125
6 0.615625 0.03046875 0.015625 0.0078125
6 0.6125 0.12421875 0.01875 0.0109375
6 0.61015625 0.10703125 0.0234375 0.0078125
6 0.615625 0.08203125 0.01875 0.0078125
6 0.61328125 0.07265625 0.0203125 0.0109375
6 0.54453125 0.16953125 0.0203125 0.0078125
6 0.54609375 0.10234375 0.0171875 0.0078125
6 0.54140625 0.159375 0.0171875 0.009375
6 0.5453125 0.15234375 0.01875 0.0078125
6 0.54375 0.14296875 0.015625 0.0078125
6 0.54375 0.13359375 0.01875 0.0078125
6 0.546875 0.12734375 0.015625 0.0078125
6 0.54296875 0.11875 0.0234375 0.009375
6 0.5484375 0.11015625 0.01875 0.0078125
6 0.328125 0.13359375 0.00625 0.0140625
6 0.49765625 0.18046875 0.0078125 0.0203125
6 0.44921875 0.18046875 0.0109375 0.0171875
6 0.265625 0.16796875 0.009375 0.0171875
6 0.378125 0.20703125 0.015625 0.0078125
6 0.36171875 0.20625 0.0140625 0.009375
6 0.3421875 0.20625 0.01875 0.009375
6 0.31953125 0.20390625 0.0203125 0.0078125
6 0.2671875 0.20390625 0.015625 0.0078125
6 0.24453125 0.20234375 0.0234375 0.0109375
6 0.27421875 0.16875 0.0078125 0.015625
6 0.25625 0.16953125 0.009375 0.0171875
6 0.4328125 0.1765625 0.00625 0.015625
6 0.2484375 0.16875 0.009375 0.015625
6 0.24140625 0.16953125 0.0078125 0.0171875
6 0.23203125 0.16953125 0.0078125 0.0171875
6 0.2203125 0.16953125 0.009375 0.0171875
6 0.17421875 0.1703125 0.0109375 0.01875
6 0.16484375 0.17109375 0.0109375 0.0171875
6 0.1765625 0.125 0.009375 0.015625
6 0.3984375 0.209375 0.015625 0.00625
6 0.415625 0.209375 0.015625 0.00625
6 0.43671875 0.21015625 0.0203125 0.0078125
6 0.47578125 0.21015625 0.0171875 0.0078125
6 0.4234375 0.17734375 0.009375 0.0203125
6 0.4078125 0.17734375 0.009375 0.0171875
6 0.4 0.1765625 0.00625 0.01875
6 0.39140625 0.17734375 0.0078125 0.0171875
6 0.38515625 0.1765625 0.0078125 0.01875
6 0.3765625 0.17734375 0.00625 0.0171875
6 0.36015625 0.17421875 0.0078125 0.0171875
6 0.3515625 0.17578125 0.009375 0.0171875
6 0.33671875 0.17421875 0.0078125 0.0203125
6 0.328125 0.1734375 0.00625 0.015625
6 0.32109375 0.171875 0.0078125 0.015625
6 0.31328125 0.171875 0.0078125 0.015625
6 0.30390625 0.171875 0.0078125 0.015625
6 0.29609375 0.17265625 0.0078125 0.0171875
6 0.49375 0.21171875 0.015625 0.0078125
6 0.15546875 0.12578125 0.0078125 0.0203125
6 0.6578125 0.0171875 0.01875 0.009375
6 0.6546875 0.10546875 0.01875 0.0109375
6 0.65546875 0.09453125 0.0203125 0.0078125
6 0.65546875 0.0875 0.0203125 0.009375
6 0.65546875 0.06171875 0.0203125 0.0078125
6 0.6546875 0.0453125 0.021875 0.009375
6 0.65703125 0.03671875 0.0171875 0.0078125
6 0.65703125 0.0265625 0.0171875 0.009375
6 0.65859375 0.01015625 0.0203125 0.0078125
6 0.65390625 0.13046875 0.0171875 0.0078125
6 0.6734375 0.15546875 0.015625 0.0078125
6 0.67421875 0.10625 0.0203125 0.009375
6 0.6734375 0.0953125 0.01875 0.009375
6 0.671875 0.05390625 0.015625 0.0078125
6 0.6734375 0.04453125 0.015625 0.0078125
6 0.67578125 0.0359375 0.0171875 0.009375
6 0.65234375 0.11953125 0.0171875 0.0078125
6 0.65234375 0.13828125 0.0171875 0.0078125
6 0.96796875 0.0546875 0.0203125 0.009375
6 0.9859375 0.03828125 0.015625 0.0078125
6 0.6515625 0.146875 0.01875 0.00625
6 0.9703125 0.03828125 0.015625 0.0078125
6 0.96796875 0.02890625 0.0171875 0.0078125
6 0.6921875 0.21640625 0.00625 0.0171875
6 0.6734375 0.21328125 0.009375 0.0171875
6 0.6484375 0.21484375 0.0125 0.0203125
6 0.6515625 0.15390625 0.01875 0.0078125
6 0.67421875 0.02890625 0.0140625 0.0078125
6 0.67578125 0.0109375 0.0171875 0.009375
6 0.72109375 0.0046875 0.0171875 0.009375
6 0.765625 0.0296875 0.01875 0.009375
6 0.80703125 0.046875 0.0203125 0.009375
6 0.80703125 0.09140625 0.0203125 0.0078125
6 0.76640625 0.10625 0.0171875 0.009375
6 0.7671875 0.15625 0.021875 0.009375
6 0.7609375 0.20234375 0.015625 0.0078125
6 0.84140625 0.22421875 0.0078125 0.0171875
6 0.88515625 0.11640625 0.0171875 0.0078125
6 0.88671875 0.05703125 0.0171875 0.0078125
6 0.8890625 0.040625 0.01875 0.009375
6 0.165625 0.125 0.009375 0.015625
6 0.490625 0.5890625 0.009375 0.015625
6 0.43359375 0.5859375 0.0078125 0.015625
6 0.44140625 0.58671875 0.0078125 0.0171875
6 0.45 0.58671875 0.00625 0.0171875
6 0.45859375 0.5859375 0.0078125 0.01875
6 0.4671875 0.58671875 0.00625 0.0171875
6 0.475 0.5875 0.009375 0.015625
6 0.48359375 0.58671875 0.0078125 0.0140625
6 0.49765625 0.63359375 0.0078125 0.0171875
6 0.20859375 0.5703125 0.0203125 0.009375
6 0.48984375 0.6328125 0.0109375 0.01875
6 0.48125 0.63515625 0.009375 0.0171875
6 0.4734375 0.6328125 0.009375 0.015625
6 0.4640625 0.6328125 0.009375 0.015625
6 0.45625 0.6328125 0.009375 0.0125
6 0.44609375 0.6296875 0.0078125 0.015625
6 0.43828125 0.63046875 0.0078125 0.0171875
6 0.209375 0.53984375 0.025 0.0109375
6 0.23515625 0.58125 0.0078125 0.015625
6 0.3296875 0.5234375 0.00625 0.015625
6 0.23828125 0.52421875 0.0078125 0.0171875
6 0.3125 0.52265625 0.00625 0.0171875
6 0.3046875 0.52265625 0.009375 0.0171875
6 0.29609375 0.52265625 0.0078125 0.0171875
6 0.28671875 0.52265625 0.0109375 0.0171875
6 0.27265625 0.521875 0.0078125 0.01875
6 0.26171875 0.52265625 0.0078125 0.0140625
6 0.246875 0.525 0.009375 0.01875
6 0.23671875 0.56015625 0.0078125 0.0171875
6 0.24453125 0.58046875 0.0078125 0.0140625
6 0.246875 0.56171875 0.009375 0.0171875
6 0.25546875 0.56171875 0.0078125 0.0171875
6 0.26328125 0.5640625 0.0109375 0.015625
6 0.27265625 0.5625 0.0078125 0.015625
6 0.26953125 0.58203125 0.0078125 0.0171875
6 0.26015625 0.58203125 0.0109375 0.0171875
6 0.25234375 0.58125 0.0046875 0.015625
6 0.421875 0.63046875 0.00625 0.0171875
6 0.4140625 0.63125 0.009375 0.015625
6 0.3875 0.62734375 0.009375 0.0203125
6 0.5265625 0.6515625 0.009375 0.015625
6 0.4640625 0.65078125 0.009375 0.0171875
6 0.47265625 0.65078125 0.0078125 0.0171875
6 0.48125 0.65078125 0.009375 0.0140625
6 0.490625 0.6515625 0.00625 0.015625
6 0.49921875 0.6515625 0.0078125 0.015625
6 0.509375 0.65234375 0.009375 0.0140625
6 0.5171875 0.65234375 0.00625 0.0171875
6 0.534375 0.65390625 0.009375 0.0140625
6 0.37890625 0.628125 0.0109375 0.015625
6 0.54375 0.6546875 0.009375 0.015625
6 0.3015625 0.6875 0.009375 0.01875
6 0.309375 0.6859375 0.009375 0.021875
6 0.3171875 0.68515625 0.00625 0.0171875
6 0.33359375 0.6875 0.0078125 0.015625
6 0.34375 0.68671875 0.009375 0.0171875
6 0.3609375 0.68671875 0.009375 0.0171875
6 0.45625 0.64765625 0.009375 0.0140625
6 0.4484375 0.6484375 0.009375 0.015625
6 0.4390625 0.64765625 0.009375 0.0171875
6 0.43203125 0.646875 0.0078125 0.015625
6 0.3625 0.6296875 0.009375 0.0125
6 0.35390625 0.6265625 0.0078125 0.01875
6 0.3453125 0.62734375 0.009375 0.0203125
6 0.328125 0.62734375 0.009375 0.0203125
6 0.3203125 0.64453125 0.00625 0.0171875
6 0.32734375 0.6453125 0.0078125 0.015625
6 0.33671875 0.6453125 0.0078125 0.01875
6 0.3453125 0.64453125 0.00625 0.0171875
6 0.3546875 0.6453125 0.009375 0.015625
6 0.3625 0.646875 0.009375 0.01875
6 0.37109375 0.64609375 0.0078125 0.0171875
6 0.3796875 0.6453125 0.00625 0.015625
6 0.3875 0.64921875 0.00625 0.0171875
6 0.3953125 0.64765625 0.009375 0.0171875
6 0.421875 0.646875 0.009375 0.01875
6 0.32109375 0.52265625 0.0078125 0.0140625
6 0.3390625 0.52421875 0.009375 0.0171875
6 0.34765625 0.56640625 0.0078125 0.0171875
6 0.40703125 0.56796875 0.0078125 0.0140625
6 0.4 0.5671875 0.009375 0.01875
6 0.39140625 0.565625 0.0078125 0.015625
6 0.38203125 0.565625 0.0078125 0.0125
6 0.37421875 0.5671875 0.0078125 0.015625
6 0.36484375 0.56640625 0.0109375 0.0171875
6 0.35625 0.5671875 0.00625 0.015625
6 0.33828125 0.565625 0.0078125 0.015625
6 0.42578125 0.56875 0.0078125 0.0125
6 0.3296875 0.5640625 0.009375 0.015625
6 0.32265625 0.56796875 0.0046875 0.0109375
6 0.3140625 0.5640625 0.009375 0.015625
6 0.30390625 0.565625 0.0078125 0.015625
6 0.3046875 0.58125 0.009375 0.015625
6 0.31328125 0.5828125 0.0078125 0.01875
6 0.32109375 0.58203125 0.0078125 0.0203125
6 0.4171875 0.56875 0.009375 0.015625
6 0.48984375 0.4953125 0.0078125 0.015625
6 0.34765625 0.525 0.0078125 0.01875
6 0.625 0.50546875 0.015625 0.0203125
6 0.04609375 0.3953125 0.0234375 0.009375
6 0.0953125 0.3984375 0.025 0.015625
6 0.1546875 0.371875 0.009375 0.025
6 0.16953125 0.375 0.0109375 0.01875
6 0.1875 0.3296875 0.009375 0.01875
6 0.64140625 0.5453125 0.0140625 0.015625
6 0.634375 0.4984375 0.0125 0.01875
6 0.61640625 0.51171875 0.0140625 0.0203125
6 0.46328125 0.49609375 0.0078125 0.0203125
6 0.61015625 0.51484375 0.0203125 0.0234375
6 0.509375 0.4109375 0.025 0.0125
6 0.45078125 0.4640625 0.0203125 0.009375
6 0.359375 0.48984375 0.009375 0.0171875
6 0.41640625 0.4921875 0.0109375 0.01875
6 0.446875 0.49296875 0.0125 0.0203125
6 0.45546875 0.49453125 0.0078125 0.0171875
6 0.33125 0.5828125 0.009375 0.01875
6 0.33984375 0.5828125 0.0078125 0.015625
6 0.34921875 0.58203125 0.0078125 0.0140625
6 0.44375 0.52734375 0.009375 0.0171875
6 0.5046875 0.52890625 0.00625 0.0109375
6 0.496875 0.528125 0.009375 0.015625
6 0.48828125 0.5296875 0.0078125 0.015625
6 0.4796875 0.528125 0.009375 0.015625
6 0.46796875 0.5296875 0.0078125 0.015625
6 0.46015625 0.528125 0.0078125 0.01875
6 0.4515625 0.52890625 0.00625 0.0140625
6 0.43359375 0.5296875 0.0078125 0.015625
6 0.35546875 0.58359375 0.0078125 0.0171875
6 0.42578125 0.528125 0.0078125 0.01875
6 0.41796875 0.528125 0.0078125 0.01875
6 0.40859375 0.5265625 0.0078125 0.015625
6 0.40078125 0.52421875 0.0078125 0.0171875
6 0.3734375 0.525 0.00625 0.01875
6 0.36484375 0.52578125 0.0109375 0.0203125
6 0.35546875 0.52421875 0.0078125 0.0171875
6 0.525 0.546875 0.01875 0.00625
6 0.49296875 0.57109375 0.0078125 0.0171875
6 0.48359375 0.571875 0.0078125 0.015625
6 0.475 0.56875 0.009375 0.015625
6 0.3640625 0.58359375 0.009375 0.0171875
6 0.375 0.58359375 0.009375 0.0171875
6 0.38203125 0.5828125 0.0078125 0.01875
6 0.39140625 0.5828125 0.0078125 0.01875
6 0.4 0.584375 0.00625 0.01875
6 0.40703125 0.5859375 0.0078125 0.015625
6 0.41640625 0.5859375 0.0109375 0.015625
6 0.425 0.58515625 0.00625 0.0171875
6 0.396875 0.628125 0.009375 0.015625
6 0.40625 0.63125 0.009375 0.0125
6 0.43359375 0.56953125 0.0109375 0.0171875
6 0.44296875 0.56796875 0.0109375 0.0171875
6 0.45234375 0.56796875 0.0078125 0.0140625
6 0.46015625 0.56875 0.0078125 0.015625
6 0.46640625 0.56953125 0.0078125 0.0140625
6 0.96796875 0.0609375 0.0171875 0.009375
6 0.96640625 0.0703125 0.0171875 0.00625
6 0.984375 0.07265625 0.01875 0.0078125
6 0.98515625 0.0890625 0.0171875 0.009375
6 0.9765625 0.4984375 0.015625 0.015625
6 0.965625 0.5140625 0.015625 0.01875
6 0.94921875 0.5109375 0.0171875 0.01875
6 0.9390625 0.5015625 0.015625 0.01875
6 0.86328125 0.51484375 0.0140625 0.0171875
6 0.88359375 0.5140625 0.0140625 0.01875
6 0.89140625 0.5 0.0140625 0.01875
6 0.8828125 0.496875 0.0125 0.015625
6 0.809375 0.55078125 0.01875 0.0171875
6 0.84609375 0.55 0.0140625 0.01875
6 0.859375 0.55234375 0.015625 0.0171875
6 0.87734375 0.553125 0.0140625 0.01875
6 0.89609375 0.553125 0.0171875 0.015625
6 0.9265625 0.5578125 0.015625 0.01875
6 0.93359375 0.5515625 0.0171875 0.01875
6 0.97109375 0.55625 0.0171875 0.021875
6 0.9859375 0.51640625 0.015625 0.0203125
6 0.8734375 0.49609375 0.0125 0.0171875
6 0.7625 0.509375 0.01875 0.021875
6 0.74375 0.51015625 0.015625 0.0171875
6 0.73515625 0.50859375 0.0140625 0.0171875
6 0.9796875 0.18359375 0.01875 0.0078125
6 0.9828125 0.17421875 0.01875 0.0078125
6 0.98515625 0.16640625 0.0171875 0.0078125
6 0.96875 0.15703125 0.015625 0.0078125
6 0.96875 0.13203125 0.015625 0.0078125
6 0.9671875 0.1234375 0.015625 0.009375
6 0.9875 0.12421875 0.021875 0.0078125
6 0.65390625 0.4859375 0.0171875 0.0125
6 0.69609375 0.47890625 0.0203125 0.0109375
6 0.7265625 0.50703125 0.015625 0.0203125
6 0.715625 0.50703125 0.015625 0.0203125
6 0.70390625 0.50703125 0.0140625 0.0140625
6 0.925 0.428125 0.025 0.0125
6 0.93515625 0.471875 0.0171875 0.00625
6 0.8921875 0.47109375 0.015625 0.0078125
6 0.8578125 0.46875 0.01875 0.009375
6 0.834375 0.46875 0.01875 0.009375
6 0.8140625 0.46796875 0.015625 0.0078125
6 0.79375 0.46875 0.01875 0.009375
6 0.7546875 0.4703125 0.01875 0.009375
6 0.7171875 0.4765625 0.0125 0.009375
6 0.8015625 0.55078125 0.015625 0.0171875
6 0.79140625 0.55078125 0.0171875 0.0203125
6 0.78125 0.54921875 0.015625 0.0203125
6 0.7734375 0.55078125 0.015625 0.0203125
6 0.65859375 0.54375 0.0140625 0.01875
5 0.73359375 0.275 0.0734375 0.0125
5 0.7828125 0.60703125 0.075 0.0140625
6 0.81796875 0.64453125 0.0109375 0.0203125
6 0.83984375 0.64296875 0.0078125 0.0171875
6 0.85078125 0.64296875 0.0109375 0.0203125
6 0.65078125 0.54453125 0.0171875 0.0203125
6 0.6671875 0.5453125 0.015625 0.01875
6 0.678125 0.5453125 0.015625 0.01875
6 0.68828125 0.5484375 0.0140625 0.01875
6 0.69609375 0.5453125 0.0140625 0.015625
6 0.7046875 0.54609375 0.0125 0.0171875
6 0.71484375 0.54765625 0.0171875 0.0203125
6 0.74296875 0.54765625 0.0203125 0.0234375
6 0.75546875 0.54765625 0.0171875 0.0171875
