6 0.725 0.2390625 0.009375 0.021875
6 0.6921875 0.43359375 0.0125 0.0203125
6 0.5796875 0.6140625 0.015625 0.00625
6 0.48828125 0.50078125 0.0171875 0.0171875
6 0.74140625 0.2453125 0.0109375 0.01875
6 0.71484375 0.23046875 0.0109375 0.0171875
6 0.68671875 0.23203125 0.0078125 0.0171875
6 0.55546875 0.25703125 0.0109375 0.0234375
6 0.01484375 0.29140625 0.0109375 0.0203125
6 0.0234375 0.128125 0.01875 0.009375
4 0.63984375 0.81796875 0.1703125 0.1453125
4 0.65859375 0.1578125 0.1546875 0.125
4 0.265625 0.14609375 0.1375 0.1828125
4 0.6390625 0.66484375 0.165625 0.1265625
