4 0.11484375 0.65 0.1078125 0.125
4 0.140625 0.225 0.259375 0.24375
6 0.6140625 0.9671875 0.025 0.009375
6 0.6125 0.90703125 0.015625 0.0078125
6 0.61484375 0.91796875 0.0171875 0.0078125
6 0.61796875 0.92578125 0.0140625 0.0078125
6 0.6140625 0.93359375 0.01875 0.0078125
6 0.61640625 0.940625 0.0171875 0.009375
6 0.6140625 0.95 0.021875 0.009375
6 0.61640625 0.959375 0.0171875 0.00625
6 0.61484375 0.97578125 0.0203125 0.0078125
6 0.61484375 0.9859375 0.0171875 0.009375
6 0.61640625 0.9953125 0.0203125 0.00625
6 0.6171875 0.9 0.015625 0.00625
6 0.61640625 0.8890625 0.0140625 0.00625
6 0.6171875 0.88046875 0.01875 0.0078125
6 0.61796875 0.8734375 0.0171875 0.00625
6 0.61875 0.79453125 0.01875 0.0078125
6 0.61796875 0.80234375 0.0171875 0.0078125
6 0.61875 0.8109375 0.01875 0.00625
6 0.61796875 0.8203125 0.0171875 0.009375
6 0.6203125 0.83671875 0.015625 0.0109375
6 0.61953125 0.85390625 0.0140625 0.0078125
6 0.62109375 0.86328125 0.0203125 0.0078125
6 0.57421875 0.99375 0.0171875 0.00625
6 0.57578125 0.984375 0.0203125 0.009375
6 0.57421875 0.97421875 0.0171875 0.0078125
6 0.56484375 0.384375 0.0203125 0.015625
6 0.5828125 0.75234375 0.01875 0.0109375
6 0.58203125 0.7375 0.0203125 0.0125
6 0.55703125 0.4984375 0.0265625 0.021875
6 0.55390625 0.4609375 0.0171875 0.025
6 0.54609375 0.4078125 0.0203125 0.015625
6 0.5484375 0.39375 0.01875 0.015625
6 0.56484375 0.396875 0.0203125 0.015625
6 0.5828125 0.37578125 0.01875 0.0140625
6 0.5796875 0.78828125 0.01875 0.0109375
6 0.60078125 0.365625 0.0203125 0.015625
6 0.6171875 0.35703125 0.01875 0.0140625
6 0.6359375 0.34765625 0.01875 0.0140625
6 0.63828125 0.334375 0.0171875 0.015625
6 0.6203125 0.34140625 0.01875 0.0140625
6 0.60234375 0.35234375 0.0203125 0.0171875
6 0.58125 0.3625 0.01875 0.015625
6 0.58125 0.76953125 0.015625 0.0109375
6 0.5796875 0.796875 0.015625 0.00625
6 0.578125 0.89140625 0.021875 0.0109375
6 0.5765625 0.95859375 0.0125 0.0078125
6 0.57734375 0.9515625 0.0140625 0.009375
6 0.57578125 0.940625 0.0140625 0.009375
6 0.57734375 0.93125 0.0171875 0.009375
6 0.57890625 0.915625 0.0203125 0.009375
6 0.57890625 0.90703125 0.0203125 0.0078125
6 0.5796875 0.89921875 0.01875 0.0078125
6 0.578125 0.88203125 0.015625 0.0078125
6 0.58046875 0.8046875 0.0140625 0.009375
6 0.5796875 0.8734375 0.01875 0.009375
6 0.5796875 0.86328125 0.015625 0.0078125
6 0.57890625 0.8546875 0.0140625 0.00625
6 0.58125 0.84609375 0.021875 0.0078125
6 0.58046875 0.83828125 0.0140625 0.0109375
6 0.58046875 0.82890625 0.0203125 0.0078125
6 0.58046875 0.8140625 0.0171875 0.00625
6 0.56484375 0.371875 0.0203125 0.015625
6 0.5453125 0.38203125 0.021875 0.0171875
