5 0.97265625 0.09296875 0.0171875 0.0703125
6 0.8859375 0.559375 0.015625 0.021875
6 0.8046875 0.6203125 0.009375 0.015625
6 0.81796875 0.61328125 0.0109375 0.0171875
6 0.84609375 0.62109375 0.0140625 0.0203125
6 0.8828125 0.6265625 0.009375 0.015625
6 0.89375 0.621875 0.009375 0.015625
6 0.86953125 0.5625 0.0109375 0.021875
6 0.83828125 0.55703125 0.0078125 0.0171875
6 0.66953125 0.86171875 0.0203125 0.0171875
6 0.73984375 0.85859375 0.0171875 0.0171875
6 0.740625 0.83671875 0.021875 0.0171875
6 0.7421875 0.8265625 0.01875 0.015625
6 0.72890625 0.80546875 0.0171875 0.0171875
6 0.7265625 0.79609375 0.01875 0.0171875
6 0.6671875 0.971875 0.01875 0.0125
6 0.8453125 0.92265625 0.009375 0.0203125
6 0.8359375 0.9234375 0.009375 0.015625
6 0.8265625 0.92265625 0.009375 0.0171875
6 0.77890625 0.8984375 0.0234375 0.01875
6 0.77890625 0.8890625 0.0234375 0.01875
6 0.73671875 0.96796875 0.0171875 0.0140625
6 0.68203125 0.98125 0.0171875 0.015625
6 0.6296875 0.97421875 0.01875 0.0140625
6 0.68359375 0.96171875 0.0171875 0.0140625
6 0.63046875 0.903125 0.0171875 0.015625
6 0.72734375 0.78515625 0.0203125 0.0140625
6 0.73203125 0.765625 0.0171875 0.015625
6 0.728125 0.75546875 0.021875 0.0171875
6 0.70078125 0.61640625 0.0203125 0.0171875
6 0.67578125 0.67265625 0.0203125 0.0171875
6 0.6921875 0.68359375 0.01875 0.0140625
6 0.69296875 0.675 0.0203125 0.01875
6 0.69375 0.66328125 0.021875 0.0171875
6 0.6796875 0.6453125 0.01875 0.015625
6 0.67890625 0.6328125 0.0203125 0.015625
6 0.69765625 0.62578125 0.0203125 0.0171875
6 0.6328125 0.83828125 0.021875 0.0203125
6 0.72890625 0.7171875 0.0203125 0.01875
6 0.63515625 0.825 0.0171875 0.015625
6 0.63671875 0.7640625 0.0171875 0.01875
6 0.63671875 0.7265625 0.0203125 0.01875
6 0.640625 0.70546875 0.021875 0.0203125
6 0.640625 0.6765625 0.01875 0.015625
6 0.63984375 0.65625 0.0203125 0.01875
6 0.64140625 0.64375 0.0234375 0.01875
6 0.67734375 0.6828125 0.0203125 0.015625
6 0.6921875 0.69296875 0.01875 0.0140625
6 0.69296875 0.70390625 0.0171875 0.0140625
6 0.6765625 0.6921875 0.01875 0.015625
6 0.7484375 0.70703125 0.021875 0.0171875
6 0.73046875 0.6859375 0.0171875 0.015625
6 0.74921875 0.6890625 0.0171875 0.0125
6 0.73125 0.6765625 0.01875 0.0125
6 0.74921875 0.659375 0.0203125 0.015625
6 0.73359375 0.6578125 0.0171875 0.015625
6 0.75078125 0.6390625 0.0171875 0.0125
6 0.734375 0.6484375 0.01875 0.015625
6 0.6890625 0.8125 0.01875 0.015625
6 0.68671875 0.803125 0.0203125 0.015625
6 0.67265625 0.75234375 0.0203125 0.0171875
6 0.6890625 0.753125 0.01875 0.015625
6 0.69140625 0.74296875 0.0234375 0.0171875
6 0.69140625 0.7234375 0.0203125 0.015625
6 0.67734375 0.7125 0.0203125 0.0125
6 0.6421875 0.6359375 0.01875 0.015625
6 0.64375 0.61875 0.01875 0.015625
6 0.64375 0.60546875 0.01875 0.0171875
6 0.64375 0.5875 0.01875 0.015625
6 0.5234375 0.0765625 0.0125 0.015625
6 0.71484375 0.0359375 0.0171875 0.01875
6 0.3625 0.03203125 0.009375 0.0171875
6 0.35234375 0.03359375 0.0140625 0.0203125
6 0.53984375 0.0703125 0.0171875 0.021875
6 0.53046875 0.0734375 0.0171875 0.021875
6 0.503125 0.07265625 0.015625 0.0171875
6 0.4953125 0.071875 0.015625 0.01875
6 0.48046875 0.06796875 0.0171875 0.0171875
6 0.43203125 0.07109375 0.0203125 0.0203125
6 0.4171875 0.071875 0.015625 0.015625
6 0.39921875 0.0703125 0.0171875 0.01875
6 0.3890625 0.06953125 0.015625 0.0171875
6 0.38125 0.06953125 0.015625 0.0171875
6 0.646875 0.56640625 0.015625 0.0140625
6 0.371875 0.06875 0.0125 0.015625
6 0.3625 0.0703125 0.015625 0.01875
6 0.35078125 0.065625 0.0140625 0.015625
6 0.2734375 0.0125 0.0125 0.01875
6 0.45234375 0.01796875 0.0109375 0.0171875
6 0.44375 0.0203125 0.009375 0.0125
6 0.34375 0.015625 0.015625 0.01875
6 0.325 0.01484375 0.0125 0.0171875
6 0.309375 0.01328125 0.0125 0.0203125
6 0.34140625 0.0671875 0.0171875 0.01875
6 0.50546875 0.01953125 0.0109375 0.0171875
6 0.49375 0.0203125 0.009375 0.015625
6 0.48671875 0.01875 0.0140625 0.01875
6 0.478125 0.01953125 0.0125 0.0171875
6 0.33125 0.0671875 0.015625 0.021875
6 0.11796875 0.16015625 0.0078125 0.0203125
6 0.32109375 0.06484375 0.0140625 0.0203125
6 0.30390625 0.028125 0.0140625 0.01875
6 0.2953125 0.028125 0.0125 0.01875
6 0.28671875 0.028125 0.0078125 0.01875
6 0.26875 0.02734375 0.009375 0.0140625
6 0.40625 0.03203125 0.0125 0.0171875
6 0.4140625 0.0328125 0.0125 0.01875
6 0.421875 0.03515625 0.0125 0.0140625
6 0.48203125 0.0375 0.0140625 0.01875
6 0.4984375 0.0359375 0.015625 0.01875
6 0.509375 0.03671875 0.0125 0.0203125
6 0.46328125 0.01796875 0.0140625 0.0203125
6 0.47109375 0.0203125 0.0140625 0.015625
6 0.1109375 0.0203125 0.0125 0.015625
6 0.128125 0.021875 0.0125 0.01875
6 0.146875 0.0234375 0.015625 0.01875
6 0.165625 0.02421875 0.015625 0.0171875
6 0.08125 0.0203125 0.0125 0.015625
6 0.0984375 0.0203125 0.015625 0.01875
6 0.06328125 0.01953125 0.0171875 0.0203125
6 0.1453125 0.06640625 0.0125 0.0234375
6 0.12734375 0.065625 0.0109375 0.015625
6 0.053125 0.01796875 0.01875 0.0203125
6 0.0078125 0.015625 0.015625 0.015625
6 0.01484375 0.01875 0.0109375 0.015625
6 0.034375 0.01640625 0.015625 0.0171875
6 0.04375 0.01796875 0.015625 0.0203125
6 0.221875 0.01953125 0.0125 0.0171875
6 0.2296875 0.02578125 0.0125 0.0171875
