6 0.1984375 0.77890625 0.00625 0.0140625
6 0.2 0.79609375 0.015625 0.0171875
6 0.1890625 0.79453125 0.0125 0.0171875
6 0.17421875 0.79609375 0.0140625 0.0203125
6 0.1640625 0.79453125 0.0125 0.0171875
6 0.24453125 0.77890625 0.0078125 0.0171875
6 0.23515625 0.778125 0.0078125 0.01875
6 0.225 0.778125 0.00625 0.015625
6 0.17890625 0.778125 0.0078125 0.015625
6 0.2734375 0.82578125 0.0125 0.0171875
6 0.16640625 0.778125 0.0078125 0.015625
6 0.1953125 0.71875 0.015625 0.01875
6 0.2640625 0.73125 0.01875 0.0125
6 0.26171875 0.71328125 0.0203125 0.0140625
6 0.23203125 0.7109375 0.0109375 0.01875
6 0.22265625 0.659375 0.0203125 0.009375
6 0.46171875 0.94140625 0.0078125 0.0203125
6 0.2234375 0.796875 0.0125 0.015625
6 0.2921875 0.834375 0.01875 0.015625
6 0.20703125 0.92578125 0.0140625 0.0203125
6 0.19296875 0.8921875 0.0109375 0.015625
6 0.14765625 0.94765625 0.0109375 0.0171875
6 0.15 0.915625 0.009375 0.015625
6 0.15 0.89609375 0.009375 0.0140625
6 0.17265625 0.8921875 0.0109375 0.015625
6 0.1515625 0.87109375 0.009375 0.0140625
6 0.29375 0.90546875 0.021875 0.0140625
6 0.2171875 0.89296875 0.0125 0.0140625
6 0.178125 0.878125 0.0125 0.01875
6 0.25234375 0.84921875 0.0140625 0.0171875
6 0.1765625 0.846875 0.015625 0.01875
6 0.17421875 0.83125 0.0109375 0.01875
6 0.18359375 0.82890625 0.0109375 0.0171875
6 0.2015625 0.8453125 0.015625 0.01875
6 0.21796875 0.83046875 0.0109375 0.0140625
6 0.2359375 0.83125 0.0125 0.015625
6 0.2453125 0.8453125 0.0125 0.015625
6 0.43671875 0.83359375 0.0203125 0.0078125
6 0.440625 0.7984375 0.01875 0.009375
6 0.49765625 0.7875 0.0078125 0.015625
6 0.51484375 0.79140625 0.0109375 0.0203125
6 0.48203125 0.67421875 0.0078125 0.0203125
6 0.5234375 0.628125 0.01875 0.009375
6 0.4546875 0.3703125 0.015625 0.009375
6 0.45625 0.36015625 0.01875 0.0078125
6 0.45546875 0.35 0.0203125 0.009375
6 0.18359375 0.9234375 0.0140625 0.01875
6 0.21875 0.93984375 0.015625 0.0171875
6 0.04140625 0.86328125 0.0140625 0.0171875
6 0.05078125 0.86484375 0.0140625 0.0203125
6 0.23515625 0.94140625 0.0171875 0.0203125
6 0.04765625 0.98671875 0.0140625 0.0203125
6 0.07578125 0.98984375 0.0140625 0.0171875
6 0.084375 0.98984375 0.0125 0.0171875
6 0.1125 0.9890625 0.0125 0.015625
6 0.07109375 0.86328125 0.0140625 0.0203125
6 0.053125 0.81484375 0.0125 0.0171875
6 0.06015625 0.81015625 0.0140625 0.0171875
6 0.06953125 0.44609375 0.0203125 0.0109375
6 0.2875 0.4734375 0.01875 0.015625
6 0.2828125 0.45390625 0.01875 0.0140625
6 0.23984375 0.43359375 0.0203125 0.0140625
6 0.20390625 0.428125 0.0171875 0.009375
6 0.1828125 0.42734375 0.015625 0.0078125
6 0.1625 0.42734375 0.015625 0.0078125
6 0.1171875 0.42890625 0.01875 0.0140625
6 0.08046875 0.4375 0.0203125 0.0125
6 0.0671875 0.8109375 0.0125 0.01875
6 0.08671875 0.4296875 0.0203125 0.0125
6 0.06640625 0.42265625 0.0171875 0.0078125
6 0.05859375 0.95 0.0140625 0.01875
6 0.1125 0.9046875 0.021875 0.015625
6 0.184375 0.971875 0.015625 0.021875
6 0.27109375 0.975 0.0171875 0.021875
6 0.2515625 0.94140625 0.015625 0.0203125
6 0.31640625 0.51640625 0.0171875 0.0171875
6 0.14609375 0.43515625 0.0171875 0.0078125
6 0.090625 0.6671875 0.015625 0.01875
6 0.075 0.6625 0.0125 0.01875
6 0.06328125 0.796875 0.0140625 0.015625
6 0.0703125 0.79609375 0.015625 0.0171875
6 0.48984375 0.86171875 0.0203125 0.0109375
6 0.0703125 0.7625 0.009375 0.015625
6 0.06015625 0.7453125 0.0109375 0.015625
6 0.0671875 0.7484375 0.0125 0.015625
6 0.0453125 0.70859375 0.015625 0.0203125
6 0.04765625 0.69375 0.0140625 0.01875
6 0.05859375 0.6953125 0.0140625 0.01875
6 0.06484375 0.69375 0.0109375 0.01875
6 0.0734375 0.69375 0.0125 0.01875
6 0.084375 0.6953125 0.009375 0.015625
6 0.046875 0.659375 0.015625 0.01875
6 0.05703125 0.66015625 0.0140625 0.0171875
6 0.065625 0.6609375 0.0125 0.01875
4 0.765625 0.64609375 0.1375 0.1828125
4 0.5671875 0.71953125 0.146875 0.1109375
4 0.5609375 0.57578125 0.15 0.1171875
4 0.59140625 0.0671875 0.1234375 0.1
6 0.05078125 0.74140625 0.0171875 0.0234375
6 0.046875 0.8453125 0.015625 0.01875
6 0.29296875 0.89296875 0.0234375 0.0140625
6 0.2203125 0.8453125 0.015625 0.01875
6 0.059375 0.76484375 0.0125 0.0140625
6 0.05234375 0.79609375 0.0171875 0.0171875
6 0.0453125 0.76171875 0.015625 0.0203125
