6 0.22578125 0.059375 0.0078125 0.01875
6 0.25078125 0.0609375 0.0109375 0.015625
6 0.2515625 0.04375 0.009375 0.01875
6 0.24296875 0.04296875 0.0078125 0.0203125
6 0.234375 0.0421875 0.009375 0.01875
6 0.22421875 0.04140625 0.0078125 0.0171875
6 0.2171875 0.04140625 0.009375 0.0171875
6 0.20625 0.0453125 0.009375 0.015625
6 0.26015625 0.0421875 0.0078125 0.015625
6 0.2703125 0.04375 0.009375 0.01875
6 0.41328125 0.1125 0.0078125 0.015625
6 0.371875 0.11015625 0.0125 0.0203125
6 0.18046875 0.10390625 0.0109375 0.0171875
