6 0.8859375 0.7484375 0.021875 0.0125
6 0.853125 0.83984375 0.009375 0.0171875
6 0.98125 0.8453125 0.009375 0.015625
6 0.55546875 0.1078125 0.0078125 0.015625
6 0.5421875 0.14921875 0.009375 0.0171875
6 0.5359375 0.265625 0.009375 0.01875
6 0.5265625 0.26328125 0.009375 0.0234375
6 0.6875 0.71484375 0.01875 0.0109375
6 0.68359375 0.69765625 0.0265625 0.0140625
6 0.68828125 0.6703125 0.0203125 0.0125
6 0.75 0.76171875 0.021875 0.0140625
6 0.7359375 0.67890625 0.021875 0.0140625
6 0.75234375 0.66484375 0.0171875 0.0109375
6 0.7765625 0.6203125 0.009375 0.01875
6 0.6796875 0.59765625 0.01875 0.0109375
6 0.63828125 0.59453125 0.0171875 0.0109375
6 0.63515625 0.67734375 0.0203125 0.0140625
6 0.63671875 0.65625 0.0203125 0.015625
6 0.58359375 0.65546875 0.0203125 0.0140625
6 0.21640625 0.71875 0.0171875 0.0125
6 0.31796875 0.6828125 0.0234375 0.0125
6 0.27109375 0.646875 0.0171875 0.0125
6 0.28203125 0.72421875 0.0140625 0.0109375
6 0.27109375 0.70078125 0.0171875 0.0140625
6 0.21484375 0.78125 0.0265625 0.015625
6 0.21484375 0.7015625 0.0140625 0.0125
6 0.21484375 0.709375 0.0171875 0.0125
6 0.21484375 0.6828125 0.0203125 0.015625
6 0.31875 0.6546875 0.021875 0.0125
6 0.21796875 0.6578125 0.0203125 0.015625
6 0.21796875 0.646875 0.0171875 0.0125
6 0.234375 0.70703125 0.021875 0.0140625
6 0.2328125 0.69765625 0.021875 0.0140625
6 0.23515625 0.68203125 0.0203125 0.0140625
6 0.23515625 0.6546875 0.0203125 0.0125
6 0.23671875 0.64609375 0.0234375 0.0140625
6 0.33671875 0.66875 0.0203125 0.0125
6 0.33203125 0.64921875 0.0265625 0.0140625
6 0.43203125 0.759375 0.0171875 0.0125
6 0.484375 0.66015625 0.01875 0.0140625
6 0.415625 0.709375 0.021875 0.015625
6 0.484375 0.70546875 0.021875 0.0109375
6 0.465625 0.72734375 0.01875 0.0140625
6 0.46484375 0.71796875 0.0203125 0.0140625
6 0.46796875 0.6921875 0.0203125 0.0125
6 0.46640625 0.68515625 0.0171875 0.0109375
6 0.4859375 0.66875 0.021875 0.015625
6 0.51640625 0.65234375 0.0171875 0.0109375
6 0.36796875 0.675 0.0171875 0.009375
6 0.53515625 0.65546875 0.0203125 0.0109375
6 0.48515625 0.65 0.0203125 0.015625
6 0.46640625 0.6546875 0.0203125 0.0125
6 0.36953125 0.66015625 0.0234375 0.0140625
6 0.38359375 0.725 0.0171875 0.0125
6 0.38046875 0.709375 0.0203125 0.0125
6 0.378125 0.7 0.021875 0.015625
6 0.18203125 0.69921875 0.0171875 0.0140625
6 0.1671875 0.69453125 0.015625 0.0109375
6 0.16640625 0.6875 0.0234375 0.0125
6 0.053125 0.6421875 0.015625 0.00625
6 0.071875 0.64453125 0.01875 0.0078125
6 0.071875 0.63359375 0.015625 0.0078125
6 0.05 0.6875 0.01875 0.009375
6 0.05234375 0.67734375 0.0171875 0.0078125
6 0.05390625 0.66796875 0.0171875 0.0078125
6 0.0515625 0.6609375 0.01875 0.009375
6 0.053125 0.6515625 0.01875 0.009375
6 0.0546875 0.63515625 0.01875 0.0078125
6 0.16796875 0.675 0.0171875 0.0125
6 0.0703125 0.65234375 0.015625 0.0078125
6 0.06875 0.67890625 0.01875 0.0078125
6 0.06875 0.6875 0.01875 0.009375
6 0.06953125 0.69609375 0.0171875 0.0078125
6 0.1671875 0.6609375 0.01875 0.0125
6 0.18515625 0.6453125 0.0171875 0.009375
6 0.18515625 0.6546875 0.0203125 0.0125
6 0.13359375 0.703125 0.0203125 0.0125
6 0.11640625 0.696875 0.0203125 0.0125
6 0.11640625 0.6890625 0.0203125 0.0125
6 0.11875 0.67109375 0.021875 0.0140625
6 0.1375 0.66953125 0.01875 0.0109375
6 0.1203125 0.66328125 0.021875 0.0140625
6 0.134375 0.6578125 0.01875 0.009375
6 0.1375 0.63984375 0.01875 0.0109375
6 0.12109375 0.64453125 0.0203125 0.0140625
6 0.06640625 0.721875 0.0203125 0.009375
6 0.06796875 0.7125 0.0171875 0.00625
6 0.06875 0.703125 0.01875 0.00625
6 0.43359375 0.71640625 0.0203125 0.0140625
6 0.41796875 0.6640625 0.0234375 0.015625
6 0.17265625 0.990625 0.0109375 0.015625
6 0.41953125 0.67578125 0.0203125 0.0140625
6 0.33515625 0.90546875 0.0171875 0.0078125
6 0.21953125 0.990625 0.0078125 0.015625
6 0.02421875 0.98984375 0.0171875 0.0078125
6 0.50234375 0.828125 0.0078125 0.015625
6 0.48671875 0.82890625 0.0109375 0.0203125
6 0.44375 0.8265625 0.009375 0.01875
6 0.4265625 0.825 0.00625 0.01875
6 0.36640625 0.82734375 0.0109375 0.0203125
6 0.32421875 0.82265625 0.0109375 0.0203125
6 0.43671875 0.6890625 0.0171875 0.009375
6 0.41640625 0.6921875 0.0234375 0.0125
6 0.3171875 0.60703125 0.009375 0.0171875
6 0.3765625 0.609375 0.009375 0.01875
6 0.3421875 0.6078125 0.009375 0.015625
6 0.325 0.60625 0.009375 0.01875
6 0.29765625 0.60625 0.0109375 0.01875
6 0.35625 0.55703125 0.0125 0.0171875
6 0.265625 0.6046875 0.009375 0.015625
6 0.09765625 0.5515625 0.0109375 0.021875
6 0.05078125 0.596875 0.0109375 0.01875
6 0.00546875 0.75625 0.0078125 0.01875
6 0.021875 0.75859375 0.009375 0.0203125
6 0.0484375 0.759375 0.009375 0.01875
6 0.0328125 0.75703125 0.009375 0.0203125
6 0.375 0.55859375 0.009375 0.0171875
6 0.375 0.5390625 0.009375 0.021875
6 0.3828125 0.540625 0.009375 0.01875
6 0.41796875 0.55703125 0.0109375 0.0171875
6 0.4296875 0.559375 0.009375 0.01875
6 0.4015625 0.5390625 0.009375 0.021875
