6 0.72578125 0.059375 0.0078125 0.01875
6 0.75078125 0.0609375 0.0109375 0.015625
6 0.7515625 0.04375 0.009375 0.01875
6 0.74296875 0.04296875 0.0078125 0.0203125
6 0.734375 0.0421875 0.009375 0.01875
6 0.72421875 0.04140625 0.0078125 0.0171875
6 0.7171875 0.04140625 0.009375 0.0171875
6 0.70625 0.0453125 0.009375 0.015625
6 0.76015625 0.0421875 0.0078125 0.015625
6 0.7703125 0.04375 0.009375 0.01875
6 0.91328125 0.1125 0.0078125 0.015625
6 0.871875 0.11015625 0.0125 0.0203125
6 0.68046875 0.10390625 0.0109375 0.0171875
4 0.5734375 0.38046875 0.171875 0.1328125
