5 0.67734375 0.60234375 0.0171875 0.0734375
5 0.68671875 0.6015625 0.0140625 0.075
6 0.5546875 0.5640625 0.009375 0.01875
5 0.70078125 0.6015625 0.0171875 0.075
5 0.7109375 0.6015625 0.015625 0.071875
5 0.7234375 0.5984375 0.015625 0.075
5 0.47265625 0.59296875 0.0171875 0.0703125
5 0.4953125 0.59296875 0.015625 0.0671875
5 0.5171875 0.59453125 0.015625 0.0703125
5 0.52890625 0.59453125 0.0140625 0.0703125
6 0.65703125 0.56875 0.0109375 0.01875
6 0.8859375 0.2484375 0.021875 0.0125
6 0.853125 0.33984375 0.009375 0.0171875
6 0.98125 0.3453125 0.009375 0.015625
6 0.75859375 0.9390625 0.0078125 0.01875
6 0.76796875 0.9375 0.0078125 0.01875
6 0.7765625 0.93828125 0.00625 0.0171875
6 0.7890625 0.9390625 0.009375 0.01875
6 0.6875 0.21484375 0.01875 0.0109375
6 0.68359375 0.19765625 0.0265625 0.0140625
6 0.68828125 0.1703125 0.0203125 0.0125
6 0.75 0.26171875 0.021875 0.0140625
6 0.7359375 0.17890625 0.021875 0.0140625
6 0.75234375 0.16484375 0.0171875 0.0109375
6 0.7765625 0.1203125 0.009375 0.01875
6 0.6796875 0.09765625 0.01875 0.0109375
6 0.63828125 0.09453125 0.0171875 0.0109375
6 0.63515625 0.17734375 0.0203125 0.0140625
6 0.63671875 0.15625 0.0203125 0.015625
6 0.58359375 0.15546875 0.0203125 0.0140625
6 0.8109375 0.93828125 0.009375 0.0171875
6 0.84296875 0.59296875 0.0203125 0.0078125
6 0.84453125 0.63125 0.0171875 0.009375
6 0.84609375 0.6203125 0.0171875 0.009375
6 0.8421875 0.609375 0.021875 0.00625
6 0.84375 0.6015625 0.015625 0.00625
6 0.84609375 0.5828125 0.0171875 0.009375
6 0.8484375 0.57578125 0.015625 0.0078125
6 0.84765625 0.56640625 0.0171875 0.0078125
6 0.84765625 0.559375 0.0140625 0.00625
6 0.84765625 0.55078125 0.0171875 0.0078125
6 0.84609375 0.54296875 0.0234375 0.0078125
6 0.85078125 0.53046875 0.0203125 0.0109375
6 0.21640625 0.21875 0.0171875 0.0125
6 0.31796875 0.1828125 0.0234375 0.0125
6 0.27109375 0.146875 0.0171875 0.0125
6 0.28203125 0.22421875 0.0140625 0.0109375
6 0.27109375 0.20078125 0.0171875 0.0140625
6 0.21484375 0.28125 0.0265625 0.015625
6 0.21484375 0.2015625 0.0140625 0.0125
6 0.21484375 0.209375 0.0171875 0.0125
6 0.21484375 0.1828125 0.0203125 0.015625
6 0.31875 0.1546875 0.021875 0.0125
6 0.21796875 0.1578125 0.0203125 0.015625
6 0.21796875 0.146875 0.0171875 0.0125
6 0.234375 0.20703125 0.021875 0.0140625
6 0.2328125 0.19765625 0.021875 0.0140625
6 0.23515625 0.18203125 0.0203125 0.0140625
6 0.23515625 0.1546875 0.0203125 0.0125
6 0.23671875 0.14609375 0.0234375 0.0140625
6 0.33671875 0.16875 0.0203125 0.0125
6 0.33203125 0.14921875 0.0265625 0.0140625
6 0.43203125 0.259375 0.0171875 0.0125
6 0.484375 0.16015625 0.01875 0.0140625
6 0.415625 0.209375 0.021875 0.015625
6 0.484375 0.20546875 0.021875 0.0109375
6 0.465625 0.22734375 0.01875 0.0140625
6 0.46484375 0.21796875 0.0203125 0.0140625
6 0.46796875 0.1921875 0.0203125 0.0125
6 0.46640625 0.18515625 0.0171875 0.0109375
6 0.4859375 0.16875 0.021875 0.015625
6 0.51640625 0.15234375 0.0171875 0.0109375
6 0.36796875 0.175 0.0171875 0.009375
6 0.53515625 0.15546875 0.0203125 0.0109375
6 0.48515625 0.15 0.0203125 0.015625
6 0.46640625 0.1546875 0.0203125 0.0125
6 0.36953125 0.16015625 0.0234375 0.0140625
6 0.38359375 0.225 0.0171875 0.0125
6 0.38046875 0.209375 0.0203125 0.0125
6 0.378125 0.2 0.021875 0.015625
6 0.18203125 0.19921875 0.0171875 0.0140625
6 0.1671875 0.19453125 0.015625 0.0109375
6 0.16640625 0.1875 0.0234375 0.0125
6 0.053125 0.1421875 0.015625 0.00625
6 0.071875 0.14453125 0.01875 0.0078125
6 0.071875 0.13359375 0.015625 0.0078125
6 0.05 0.1875 0.01875 0.009375
6 0.05234375 0.17734375 0.0171875 0.0078125
6 0.05390625 0.16796875 0.0171875 0.0078125
6 0.0515625 0.1609375 0.01875 0.009375
6 0.053125 0.1515625 0.01875 0.009375
6 0.0546875 0.13515625 0.01875 0.0078125
6 0.16796875 0.175 0.0171875 0.0125
6 0.0703125 0.15234375 0.015625 0.0078125
6 0.06875 0.17890625 0.01875 0.0078125
6 0.06875 0.1875 0.01875 0.009375
6 0.06953125 0.19609375 0.0171875 0.0078125
6 0.1671875 0.1609375 0.01875 0.0125
6 0.18515625 0.1453125 0.0171875 0.009375
6 0.18515625 0.1546875 0.0203125 0.0125
6 0.13359375 0.203125 0.0203125 0.0125
6 0.11640625 0.196875 0.0203125 0.0125
6 0.11640625 0.1890625 0.0203125 0.0125
6 0.11875 0.17109375 0.021875 0.0140625
6 0.1375 0.16953125 0.01875 0.0109375
6 0.1203125 0.16328125 0.021875 0.0140625
6 0.134375 0.1578125 0.01875 0.009375
6 0.1375 0.13984375 0.01875 0.0109375
6 0.12109375 0.14453125 0.0203125 0.0140625
6 0.06640625 0.221875 0.0203125 0.009375
6 0.06796875 0.2125 0.0171875 0.00625
6 0.06875 0.203125 0.01875 0.00625
6 0.43359375 0.21640625 0.0203125 0.0140625
6 0.41796875 0.1640625 0.0234375 0.015625
6 0.0234375 0.5765625 0.0125 0.015625
6 0.17265625 0.490625 0.0109375 0.015625
6 0.21484375 0.5359375 0.0171875 0.01875
6 0.16328125 0.49296875 0.0109375 0.0203125
6 0.03984375 0.5703125 0.0171875 0.021875
6 0.03046875 0.5734375 0.0171875 0.021875
6 0.19296875 0.49140625 0.0078125 0.0203125
6 0.18359375 0.49140625 0.0109375 0.0203125
6 0.2015625 0.49296875 0.009375 0.0171875
6 0.41953125 0.17578125 0.0203125 0.0140625
6 0.328125 0.49375 0.009375 0.015625
6 0.33515625 0.40546875 0.0171875 0.0078125
6 0.38828125 0.49609375 0.0078125 0.0140625
6 0.37109375 0.49375 0.0109375 0.01875
6 0.36171875 0.4953125 0.0078125 0.015625
6 0.35390625 0.4953125 0.0078125 0.015625
6 0.33828125 0.49453125 0.0109375 0.0171875
6 0.31953125 0.4953125 0.0078125 0.015625
6 0.2109375 0.4921875 0.009375 0.01875
6 0.3109375 0.4921875 0.00625 0.015625
6 0.30234375 0.49453125 0.0078125 0.0171875
6 0.2625 0.49453125 0.009375 0.0203125
6 0.253125 0.4921875 0.009375 0.01875
6 0.24375 0.49296875 0.009375 0.0171875
6 0.234375 0.49375 0.009375 0.015625
6 0.21953125 0.490625 0.0078125 0.015625
6 0.02421875 0.48984375 0.0171875 0.0078125
6 0.50234375 0.328125 0.0078125 0.015625
6 0.48671875 0.32890625 0.0109375 0.0203125
6 0.44375 0.3265625 0.009375 0.01875
6 0.4265625 0.325 0.00625 0.01875
6 0.36640625 0.32734375 0.0109375 0.0203125
6 0.32421875 0.32265625 0.0109375 0.0203125
6 0.43671875 0.1890625 0.0171875 0.009375
6 0.41640625 0.1921875 0.0234375 0.0125
6 0.00546875 0.51953125 0.0109375 0.0171875
6 0.009375 0.53671875 0.0125 0.0203125
6 0.3171875 0.10703125 0.009375 0.0171875
6 0.3765625 0.109375 0.009375 0.01875
6 0.3421875 0.1078125 0.009375 0.015625
6 0.325 0.10625 0.009375 0.01875
6 0.29765625 0.10625 0.0109375 0.01875
6 0.35625 0.05703125 0.0125 0.0171875
6 0.265625 0.1046875 0.009375 0.015625
6 0.09765625 0.0515625 0.0109375 0.021875
6 0.05078125 0.096875 0.0109375 0.01875
6 0.00546875 0.25625 0.0078125 0.01875
6 0.021875 0.25859375 0.009375 0.0203125
6 0.0484375 0.259375 0.009375 0.01875
6 0.0328125 0.25703125 0.009375 0.0203125
6 0.375 0.05859375 0.009375 0.0171875
6 0.375 0.0390625 0.009375 0.021875
6 0.3828125 0.040625 0.009375 0.01875
6 0.41796875 0.05703125 0.0109375 0.0171875
6 0.4296875 0.059375 0.009375 0.01875
6 0.4015625 0.0390625 0.009375 0.021875
