6 0.725 0.7390625 0.009375 0.021875
6 0.6921875 0.93359375 0.0125 0.0203125
6 0.74140625 0.7453125 0.0109375 0.01875
6 0.71484375 0.73046875 0.0109375 0.0171875
6 0.68671875 0.73203125 0.0078125 0.0171875
6 0.646875 0.06015625 0.025 0.0140625
6 0.63515625 0.1609375 0.0265625 0.009375
6 0.94140625 0.35859375 0.0140625 0.0203125
6 0.90625 0.4078125 0.015625 0.009375
6 0.55546875 0.75703125 0.0109375 0.0234375
6 0.01484375 0.79140625 0.0109375 0.0203125
6 0.0234375 0.628125 0.01875 0.009375
4 0.47578125 0.26484375 0.1796875 0.1734375
4 0.68515625 0.4765625 0.1640625 0.1375
4 0.65859375 0.6578125 0.1546875 0.125
4 0.265625 0.64609375 0.1375 0.1828125
4 0.09140625 0.0671875 0.1234375 0.1
