6 0.81328125 0.9203125 0.0078125 0.0125
6 0.8046875 0.91875 0.00625 0.015625
6 0.8421875 0.903125 0.009375 0.021875
6 0.83203125 0.903125 0.0078125 0.021875
6 0.8234375 0.90234375 0.00625 0.0203125
6 0.81328125 0.903125 0.0078125 0.015625
6 0.8046875 0.90234375 0.00625 0.0171875
6 0.79140625 0.90234375 0.0109375 0.0171875
6 0.5953125 0.86484375 0.009375 0.0203125
6 0.575 0.8859375 0.009375 0.021875
6 0.565625 0.884375 0.009375 0.01875
5 0.3734375 0.86640625 0.009375 0.0265625
6 0.3765625 0.8171875 0.009375 0.01875
5 0.58984375 0.69140625 0.0109375 0.0359375
5 0.41015625 0.54296875 0.0109375 0.0359375
4 0.8703125 0.82890625 0.175 0.1421875
6 0.5359375 0.0578125 0.01875 0.01875
6 0.50546875 0.07109375 0.0234375 0.0109375
6 0.95234375 0.03125 0.0109375 0.021875
6 0.9625 0.03203125 0.009375 0.0234375
6 0.56484375 0.70390625 0.0078125 0.0171875
6 0.55703125 0.7046875 0.0078125 0.0125
