4 0.89765625 0.4515625 0.1296875 0.115625
4 0.896875 0.27109375 0.115625 0.0828125
4 0.89140625 0.09375 0.1265625 0.1125
4 0.57109375 0.08046875 0.1484375 0.1203125
6 0.5359375 0.5578125 0.01875 0.01875
6 0.834375 0.37421875 0.0125 0.0203125
6 0.82421875 0.371875 0.0078125 0.015625
6 0.8546875 0.3484375 0.015625 0.01875
6 0.87578125 0.34296875 0.0203125 0.0234375
6 0.90078125 0.346875 0.0171875 0.021875
6 0.91640625 0.34453125 0.0203125 0.0265625
6 0.95390625 0.34765625 0.0109375 0.0234375
6 0.50546875 0.57109375 0.0234375 0.0109375
6 0.95234375 0.53125 0.0109375 0.021875
6 0.9625 0.53203125 0.009375 0.0234375
6 0.84453125 0.37421875 0.0109375 0.0203125
