6 0.0171875 0.19296875 0.015625 0.0078125
6 0.01796875 0.15 0.0140625 0.009375
6 0.01875 0.1421875 0.01875 0.009375
6 0.015625 0.1328125 0.015625 0.009375
6 0.01796875 0.12265625 0.0171875 0.0078125
6 0.01640625 0.115625 0.0171875 0.009375
6 0.05546875 0.19296875 0.0171875 0.0078125
6 0.046875 0.41328125 0.01875 0.0078125
6 0.01484375 0.20078125 0.0171875 0.0078125
6 0.046875 0.40546875 0.015625 0.0078125
6 0.0546875 0.20234375 0.01875 0.0046875
6 0.046875 0.38125 0.01875 0.009375
6 0.0484375 0.36328125 0.01875 0.0078125
6 0.04921875 0.34609375 0.0171875 0.0078125
6 0.05234375 0.25234375 0.0171875 0.0078125
6 0.05234375 0.23515625 0.0171875 0.0109375
6 0.05390625 0.21953125 0.0171875 0.0078125
6 0.0546875 0.21171875 0.015625 0.0078125
6 0.05546875 0.153125 0.0171875 0.00625
6 0.05703125 0.14296875 0.0171875 0.0078125
6 0.05625 0.13359375 0.015625 0.0078125
6 0.1015625 0.0796875 0.009375 0.015625
6 0.11484375 0.134375 0.0203125 0.0125
6 0.06875 0.078125 0.009375 0.01875
6 0.0765625 0.07890625 0.009375 0.0171875
6 0.115625 0.09296875 0.021875 0.0109375
6 0.0546875 0.12578125 0.021875 0.0109375
6 0.11015625 0.03984375 0.0203125 0.0078125
6 0.44375 0.1609375 0.015625 0.01875
6 0.42265625 0.15390625 0.0140625 0.0203125
6 0.415625 0.0765625 0.009375 0.015625
6 0.40625 0.0765625 0.009375 0.0125
6 0.39765625 0.07421875 0.0109375 0.0171875
6 0.37109375 0.0734375 0.0109375 0.01875
6 0.11171875 0.14453125 0.0203125 0.0109375
6 0.1140625 0.1546875 0.01875 0.009375
6 0.11484375 0.16171875 0.0203125 0.0078125
6 0.11484375 0.16875 0.0203125 0.00625
6 0.05390625 0.115625 0.0234375 0.009375
6 0.0671875 0.33828125 0.01875 0.0078125
6 0.071875 0.22734375 0.01875 0.0078125
6 0.06953125 0.21015625 0.0171875 0.0078125
6 0.075 0.1859375 0.01875 0.00625
6 0.0765625 0.11640625 0.01875 0.0078125
6 0.10546875 0.40859375 0.0203125 0.0078125
6 0.109375 0.2796875 0.021875 0.0125
6 0.11015625 0.25234375 0.0203125 0.0078125
6 0.1109375 0.23828125 0.021875 0.0078125
6 0.1125 0.22109375 0.01875 0.0078125
6 0.11328125 0.21328125 0.0171875 0.0078125
6 0.11484375 0.20390625 0.0171875 0.0078125
6 0.1140625 0.1953125 0.021875 0.009375
6 0.1171875 0.18671875 0.015625 0.0078125
6 0.4171875 0.03515625 0.009375 0.0171875
6 0.05234375 0.6796875 0.0109375 0.01875
6 0.0140625 0.2171875 0.015625 0.009375
6 0.0140625 0.22578125 0.01875 0.0078125
6 0.0125 0.2515625 0.015625 0.009375
6 0.01171875 0.29453125 0.0171875 0.0109375
6 0.0109375 0.37890625 0.015625 0.0078125
6 0.04453125 0.44921875 0.0171875 0.0078125
6 0.425 0.034375 0.009375 0.015625
6 0.40703125 0.03515625 0.0109375 0.0171875
6 0.36484375 0.03671875 0.0109375 0.0140625
6 0.7109375 0.0171875 0.015625 0.01875
6 0.2265625 0.07578125 0.009375 0.0171875
6 0.6453125 0.01875 0.009375 0.01875
6 0.66796875 0.01640625 0.0109375 0.0171875
6 0.6875 0.01484375 0.0125 0.0171875
6 0.69921875 0.0203125 0.0109375 0.015625
6 0.721875 0.015625 0.015625 0.015625
