6 0.01484375 0.73046875 0.0109375 0.0203125
6 0.8890625 0.2265625 0.01875 0.009375
6 0.80234375 0.25546875 0.0078125 0.0171875
6 0.7921875 0.2546875 0.009375 0.015625
6 0.7765625 0.2546875 0.0125 0.01875
6 0.72578125 0.27109375 0.0046875 0.0140625
6 0.7171875 0.26953125 0.00625 0.0171875
6 0.70703125 0.26796875 0.0078125 0.0171875
6 0.69140625 0.2671875 0.0078125 0.015625
6 0.890625 0.21875 0.01875 0.009375
6 0.82734375 0.25390625 0.0078125 0.0171875
6 0.90703125 0.24453125 0.0171875 0.0078125
6 0.90859375 0.2375 0.0171875 0.0125
6 0.9078125 0.228125 0.021875 0.009375
6 0.909375 0.21953125 0.01875 0.0078125
6 0.909375 0.21171875 0.01875 0.0078125
6 0.89296875 0.20859375 0.0203125 0.0078125
6 0.89375 0.2015625 0.01875 0.009375
6 0.81796875 0.25546875 0.0078125 0.0140625
6 0.8359375 0.25703125 0.009375 0.0140625
6 0.7125 0.34921875 0.015625 0.0140625
6 0.7921875 0.27578125 0.00625 0.0171875
6 0.70859375 0.33203125 0.0171875 0.0140625
6 0.70234375 0.31640625 0.0203125 0.0171875
6 0.69453125 0.309375 0.0203125 0.01875
6 0.759375 0.27421875 0.009375 0.0171875
6 0.7671875 0.27578125 0.009375 0.0203125
6 0.77578125 0.27421875 0.0078125 0.0203125
6 0.78359375 0.27421875 0.0078125 0.0171875
6 0.80078125 0.271875 0.0109375 0.015625
6 0.8453125 0.25859375 0.009375 0.0171875
6 0.81015625 0.2734375 0.0078125 0.015625
6 0.81875 0.275 0.009375 0.015625
6 0.82734375 0.275 0.0078125 0.015625
6 0.834375 0.27421875 0.009375 0.0203125
6 0.8453125 0.27734375 0.009375 0.0203125
6 0.853125 0.27578125 0.009375 0.0140625
6 0.85390625 0.25859375 0.0078125 0.0203125
6 0.8921875 0.19296875 0.01875 0.0078125
6 0.8921875 0.1671875 0.01875 0.009375
6 0.909375 0.19375 0.01875 0.009375
6 0.909375 0.18515625 0.01875 0.0078125
6 0.82109375 0.09296875 0.0203125 0.0078125
6 0.846875 0.14296875 0.015625 0.0171875
6 0.89609375 0.134375 0.0171875 0.009375
6 0.9109375 0.159375 0.015625 0.009375
6 0.91328125 0.14296875 0.0203125 0.0078125
6 0.9125 0.12578125 0.01875 0.0078125
6 0.91328125 0.11015625 0.0203125 0.0078125
6 0.9125 0.10078125 0.01875 0.0078125
6 0.9109375 0.08125 0.021875 0.009375
6 0.91328125 0.07265625 0.0171875 0.0078125
6 0.71171875 0.340625 0.0234375 0.01875
6 0.7203125 0.35546875 0.01875 0.0171875
6 0.72421875 0.3640625 0.0171875 0.015625
6 0.7703125 0.42578125 0.01875 0.0171875
6 0.65625 0.68125 0.0125 0.01875
6 0.63984375 0.68046875 0.0109375 0.0140625
6 0.60546875 0.68046875 0.0109375 0.0171875
6 0.5765625 0.67890625 0.009375 0.0171875
6 0.34921875 0.640625 0.0140625 0.025
6 0.821875 0.49375 0.0125 0.01875
6 0.80390625 0.40703125 0.0203125 0.0109375
6 0.76484375 0.42109375 0.0171875 0.0171875
6 0.7578125 0.4140625 0.01875 0.01875
6 0.7546875 0.4078125 0.015625 0.015625
6 0.75 0.39921875 0.01875 0.0171875
6 0.7453125 0.3921875 0.01875 0.015625
6 0.7390625 0.38515625 0.01875 0.0171875
6 0.73515625 0.378125 0.0171875 0.015625
6 0.728125 0.37109375 0.01875 0.0140625
6 0.69765625 0.68359375 0.0109375 0.0203125
6 0.63125 0.70234375 0.009375 0.0171875
6 0.5984375 0.69921875 0.0125 0.0171875
6 0.56640625 0.70078125 0.0109375 0.0171875
6 0.76875 0.8859375 0.01875 0.009375
6 0.7875 0.77578125 0.01875 0.0109375
4 0.696875 0.8375 0.10625 0.096875
