6 0.66796875 0.1109375 0.0234375 0.025
6 0.81875 0.084375 0.021875 0.021875
6 0.73515625 0.14140625 0.0234375 0.0203125
6 0.88359375 0.06640625 0.0265625 0.0234375
6 0.13984375 0.43359375 0.0296875 0.0234375
6 0.06328125 0.496875 0.0234375 0.021875
6 0.653125 0.203125 0.021875 0.021875
6 0.63203125 0.20234375 0.0234375 0.0203125
6 0.57109375 0.22109375 0.0265625 0.0203125
6 0.234375 0.359375 0.028125 0.021875
6 0.21015625 0.4578125 0.0234375 0.01875
6 0.29453125 0.3921875 0.0265625 0.025
6 0.23515625 0.46015625 0.0296875 0.0265625
5 0.51640625 0.1859375 0.0703125 0.05
5 0.89609375 0.9375 0.0671875 0.040625
5 0.9140625 0.84140625 0.071875 0.0390625
5 0.86171875 0.84765625 0.0390625 0.0265625
5 0.80625 0.8796875 0.065625 0.0375
5 0.77890625 0.88515625 0.0640625 0.0359375
5 0.75390625 0.9 0.0640625 0.0375
5 0.84609375 0.9578125 0.0671875 0.040625
5 0.80390625 0.97109375 0.0671875 0.0390625
