5 0.971875 0.92890625 0.03125 0.0203125
5 0.97890625 0.78203125 0.0140625 0.0359375
5 0.81640625 0.04921875 0.0609375 0.0390625
6 0.37265625 0.11171875 0.0171875 0.0265625
6 0.36328125 0.11875 0.0140625 0.021875
6 0.82421875 0.64375 0.0203125 0.028125
5 0.78671875 0.9140625 0.0234375 0.046875
5 0.8 0.9125 0.01875 0.04375
6 0.87734375 0.57734375 0.0171875 0.0265625
6 0.8796875 0.59921875 0.01875 0.0234375
6 0.71796875 0.90390625 0.0234375 0.0078125
6 0.7171875 0.89375 0.021875 0.009375
6 0.7171875 0.88203125 0.025 0.0109375
6 0.715625 0.86015625 0.021875 0.0140625
6 0.625 0.3828125 0.015625 0.021875
6 0.63203125 0.403125 0.0140625 0.01875
6 0.640625 0.44140625 0.0125 0.0234375
6 0.6453125 0.46796875 0.015625 0.0203125
6 0.7140625 0.83671875 0.021875 0.0140625
5 0.5859375 0.778125 0.028125 0.04375
5 0.57734375 0.75703125 0.0296875 0.0484375
5 0.4265625 0.70546875 0.046875 0.0140625
5 0.29140625 0.715625 0.0671875 0.01875
6 0.1078125 0.2390625 0.015625 0.03125
5 0.046875 0.19453125 0.06875 0.0203125
6 0.2109375 0.17109375 0.03125 0.0171875
6 0.23828125 0.23828125 0.0234375 0.0328125
6 0.175 0.22890625 0.01875 0.0328125
6 0.1625 0.23125 0.021875 0.040625
6 0.09140625 0.234375 0.0171875 0.034375
6 0.04375 0.23828125 0.01875 0.0359375
5 0.2796875 0.75390625 0.065625 0.0203125
5 0.2078125 0.6921875 0.021875 0.065625
6 0.053125 0.775 0.025 0.0125
6 0.1765625 0.765625 0.028125 0.0125
6 0.0140625 0.240625 0.015625 0.034375
6 0.03125 0.23984375 0.015625 0.0359375
