6 0.77890625 0.22421875 0.0203125 0.0171875
6 0.96875 0.0359375 0.021875 0.01875
6 0.79609375 0.1421875 0.0203125 0.01875
6 0.89921875 0.0625 0.0171875 0.01875
6 0.646875 0.25 0.021875 0.015625
6 0.59609375 0.31875 0.0234375 0.021875
6 0.44375 0.428125 0.021875 0.021875
6 0.6109375 0.34296875 0.025 0.0203125
6 0.32109375 0.5046875 0.0234375 0.01875
6 0.196875 0.578125 0.021875 0.01875
6 0.98359375 0.6953125 0.0140625 0.021875
5 0.403125 0.365625 0.065625 0.046875
5 0.65078125 0.2125 0.0640625 0.046875
6 0.978125 0.77734375 0.015625 0.0234375
6 0.95234375 0.7890625 0.0171875 0.025
6 0.9890625 0.9796875 0.01875 0.01875
6 0.9890625 0.96640625 0.01875 0.0203125
6 0.98203125 0.9546875 0.0171875 0.01875
6 0.96796875 0.925 0.0140625 0.021875
6 0.97265625 0.93671875 0.0171875 0.0203125
6 0.9796875 0.94609375 0.01875 0.0203125
