6 0.6703125 0.675 0.03125 0.021875
6 0.090625 0.87890625 0.028125 0.0265625
6 0.2421875 0.80625 0.025 0.01875
6 0.1171875 0.78125 0.03125 0.021875
6 0.5328125 0.703125 0.025 0.01875
6 0.69765625 0.64921875 0.0203125 0.0171875
6 0.67265625 0.59140625 0.0328125 0.0234375
6 0.86328125 0.03046875 0.0265625 0.0234375
6 0.66015625 0.246875 0.0171875 0.021875
6 0.64765625 0.38359375 0.0203125 0.0265625
5 0.9625 0.48515625 0.046875 0.0296875
5 0.7734375 0.64296875 0.075 0.0359375
5 0.721875 0.5609375 0.06875 0.0375
6 0.70625 0.4359375 0.025 0.015625
6 0.6796875 0.76640625 0.01875 0.0171875
6 0.853125 0.7296875 0.01875 0.021875
6 0.8453125 0.7328125 0.015625 0.021875
6 0.834375 0.7359375 0.0125 0.01875
6 0.81953125 0.7421875 0.0171875 0.021875
6 0.74140625 0.7421875 0.0203125 0.015625
6 0.69765625 0.746875 0.0171875 0.0125
6 0.6203125 0.778125 0.01875 0.01875
6 0.690625 0.7921875 0.01875 0.015625
6 0.64375 0.7859375 0.021875 0.015625
6 0.646875 0.796875 0.021875 0.015625
6 0.65390625 0.80625 0.0203125 0.0125
6 0.8625 0.72578125 0.0125 0.0203125
6 0.86953125 0.72265625 0.0140625 0.0171875
6 0.87890625 0.71796875 0.0140625 0.0171875
6 0.8875 0.71484375 0.0125 0.0203125
6 0.896875 0.709375 0.0125 0.01875
6 0.9046875 0.70703125 0.015625 0.0171875
6 0.91328125 0.70234375 0.0109375 0.0203125
6 0.9296875 0.696875 0.015625 0.01875
6 0.95 0.69375 0.0125 0.01875
6 0.684375 0.7859375 0.01875 0.015625
6 0.584375 0.79921875 0.01875 0.0140625
6 0.59453125 0.828125 0.0171875 0.015625
6 0.47109375 0.9546875 0.0171875 0.021875
6 0.50234375 0.98671875 0.0171875 0.0203125
6 0.4640625 0.83359375 0.01875 0.0140625
6 0.56953125 0.82421875 0.0171875 0.0171875
6 0.5671875 0.815625 0.021875 0.0125
