6 0.8625 0.034375 0.01875 0.021875
6 0.8546875 0.0125 0.015625 0.021875
6 0.8671875 0.0546875 0.015625 0.01875
6 0.87578125 0.0765625 0.0171875 0.01875
6 0.35703125 0.3265625 0.0140625 0.01875
6 0.396875 0.37890625 0.015625 0.0203125
6 0.42109375 0.37265625 0.0171875 0.0234375
6 0.4015625 0.2703125 0.01875 0.0125
6 0.396875 0.290625 0.021875 0.009375
6 0.3953125 0.309375 0.01875 0.009375
6 0.3671875 0.3203125 0.01875 0.01875
6 0.35 0.3296875 0.015625 0.01875
6 0.34140625 0.334375 0.0171875 0.021875
6 0.175 0.89140625 0.015625 0.0234375
6 0.1859375 0.8890625 0.015625 0.025
6 0.2 0.8875 0.021875 0.025
6 0.334375 0.88125 0.021875 0.021875
6 0.325 0.22890625 0.015625 0.0109375
6 0.32421875 0.2203125 0.0203125 0.0125
6 0.275 0.278125 0.021875 0.009375
6 0.26796875 0.3078125 0.0203125 0.009375
6 0.25 0.32265625 0.021875 0.0109375
6 0.29140625 0.3546875 0.0171875 0.01875
6 0.271875 0.359375 0.015625 0.021875
6 0.2625 0.36328125 0.015625 0.0203125
6 0.25546875 0.365625 0.0171875 0.021875
6 0.11796875 0.45234375 0.0171875 0.0203125
6 0.1234375 0.4484375 0.0125 0.025
6 0.1453125 0.4421875 0.015625 0.01875
6 0.1375 0.44375 0.015625 0.01875
6 0.18359375 0.390625 0.0109375 0.021875
6 0.2078125 0.3828125 0.015625 0.025
6 0.234375 0.371875 0.015625 0.021875
6 0.22734375 0.3765625 0.0171875 0.01875
6 0.434375 0.32734375 0.021875 0.0109375
6 0.88671875 0.3359375 0.0234375 0.01875
6 0.8140625 0.0921875 0.015625 0.01875
6 0.9453125 0.09765625 0.021875 0.0203125
6 0.92421875 0.1046875 0.0203125 0.01875
6 0.878125 0.09296875 0.01875 0.0203125
6 0.434375 0.3375 0.021875 0.009375
6 0.37265625 0.36484375 0.0203125 0.0203125
6 0.33671875 0.290625 0.0234375 0.009375
6 0.43671875 0.2453125 0.0171875 0.01875
6 0.390625 0.221875 0.01875 0.009375
6 0.34765625 0.21640625 0.0234375 0.0109375
6 0.34296875 0.24453125 0.0296875 0.0109375
6 0.3203125 0.26875 0.01875 0.009375
6 0.33046875 0.29921875 0.0171875 0.0078125
6 0.4296875 0.23671875 0.01875 0.0171875
6 0.45078125 0.2328125 0.0234375 0.00625
6 0.44765625 0.2640625 0.0203125 0.0125
6 0.44296875 0.278125 0.0203125 0.009375
6 0.44296875 0.28828125 0.0171875 0.0109375
6 0.43984375 0.3015625 0.0171875 0.009375
6 0.4609375 0.27421875 0.01875 0.0078125
6 0.4734375 0.19375 0.01875 0.021875
6 0.38359375 0.19453125 0.0140625 0.0171875
6 0.4125 0.22734375 0.015625 0.0203125
6 0.2765625 0.2515625 0.021875 0.009375
6 0.2828125 0.23203125 0.025 0.0109375
6 0.284375 0.22265625 0.021875 0.0078125
6 0.3015625 0.1328125 0.01875 0.025
6 0.29140625 0.11875 0.0171875 0.021875
6 0.25390625 0.11875 0.0171875 0.021875
6 0.26484375 0.11640625 0.0140625 0.0234375
6 0.35390625 0.09375 0.0234375 0.021875
