5 0.471875 0.42890625 0.03125 0.0203125
5 0.47890625 0.28203125 0.0140625 0.0359375
5 0.50625 0.41484375 0.0375 0.0234375
5 0.5125 0.43046875 0.034375 0.0203125
5 0.515625 0.4421875 0.0375 0.01875
5 0.48203125 0.45859375 0.0390625 0.0296875
6 0.9265625 0.59296875 0.025 0.0234375
6 0.8578125 0.6109375 0.01875 0.01875
6 0.32421875 0.14375 0.0203125 0.028125
5 0.28671875 0.4140625 0.0234375 0.046875
5 0.3 0.4125 0.01875 0.04375
6 0.08125 0.528125 0.015625 0.028125
6 0.09375 0.5265625 0.0125 0.03125
6 0.128125 0.52578125 0.0125 0.0234375
6 0.30625 0.49609375 0.0125 0.0234375
6 0.37734375 0.07734375 0.0171875 0.0265625
6 0.3796875 0.09921875 0.01875 0.0234375
6 0.28671875 0.97421875 0.0296875 0.0265625
6 0.21796875 0.40390625 0.0234375 0.0078125
6 0.2171875 0.39375 0.021875 0.009375
6 0.2171875 0.38203125 0.025 0.0109375
6 0.215625 0.36015625 0.021875 0.0140625
6 0.2140625 0.33671875 0.021875 0.0140625
5 0.0859375 0.278125 0.028125 0.04375
5 0.07734375 0.25703125 0.0296875 0.0484375
