6 0.44765625 0.4046875 0.0203125 0.009375
6 0.871875 0.625 0.0125 0.015625
6 0.9171875 0.62421875 0.009375 0.0203125
6 0.76640625 0.378125 0.0171875 0.025
6 0.75078125 0.37421875 0.0078125 0.0203125
6 0.5 0.41484375 0.0125 0.0203125
6 0.49765625 0.39296875 0.0109375 0.0203125
6 0.5515625 0.45625 0.009375 0.021875
6 0.56015625 0.459375 0.0109375 0.021875
6 0.58125 0.45546875 0.0125 0.0234375
6 0.32578125 0.61328125 0.0328125 0.0296875
5 0.2953125 0.359375 0.034375 0.028125
6 0.50703125 0.6 0.0234375 0.009375
6 0.48671875 0.5984375 0.0234375 0.0125
6 0.54765625 0.58984375 0.0234375 0.0109375
6 0.96015625 0.62265625 0.0109375 0.0203125
6 0.5015625 0.62734375 0.0125 0.0203125
6 0.5140625 0.6265625 0.009375 0.01875
6 0.54375 0.62890625 0.009375 0.0203125
6 0.53359375 0.62578125 0.0109375 0.0171875
6 0.59765625 0.440625 0.0203125 0.009375
6 0.9859375 0.62109375 0.009375 0.0203125
