5 0.43359375 0.28828125 0.0109375 0.0515625
5 0.44609375 0.28359375 0.0109375 0.0328125
5 0.609375 0.38828125 0.03125 0.0515625
5 0.47734375 0.31484375 0.0296875 0.0546875
5 0.4875 0.30859375 0.03125 0.0515625
5 0.50625 0.3 0.028125 0.053125
5 0.51796875 0.2984375 0.0265625 0.053125
5 0.52890625 0.2953125 0.0265625 0.05
5 0.53828125 0.29375 0.0265625 0.053125
5 0.55 0.2875 0.025 0.053125
5 0.5609375 0.284375 0.03125 0.053125
5 0.5703125 0.28046875 0.03125 0.0546875
5 0.58125 0.27578125 0.028125 0.0515625
5 0.61171875 0.265625 0.0265625 0.05625
