6 0.1625 0.5390625 0.0125 0.01875
6 0.1515625 0.58984375 0.0125 0.0171875
6 0.13046875 0.62578125 0.0140625 0.0171875
6 0.08046875 0.7890625 0.0109375 0.015625
6 0.1234375 0.8796875 0.009375 0.015625
6 0.1078125 0.88515625 0.009375 0.0140625
6 0.034375 0.88828125 0.0125 0.0171875
6 0.25 0.57109375 0.0125 0.0171875
6 0.11328125 0.67734375 0.0109375 0.0171875
6 0.11875 0.69453125 0.009375 0.0140625
6 0.28046875 0.3234375 0.0140625 0.015625
6 0.30703125 0.25390625 0.0109375 0.0171875
6 0.296875 0.25859375 0.0125 0.0171875
