6 0.69375 0.03984375 0.025 0.0203125
6 0.61875 0.09921875 0.021875 0.0234375
6 0.62421875 0.09375 0.0234375 0.021875
6 0.6328125 0.08828125 0.021875 0.0203125
6 0.640625 0.08046875 0.025 0.0203125
6 0.646875 0.071875 0.025 0.025
6 0.6875 0.04375 0.025 0.021875
6 0.7015625 0.03125 0.021875 0.021875
6 0.7203125 0.0171875 0.021875 0.025
6 0.60625 0.11328125 0.025 0.0265625
6 0.59140625 0.12578125 0.0203125 0.0203125
6 0.5703125 0.1421875 0.025 0.025
6 0.5640625 0.1515625 0.025 0.021875
6 0.51953125 0.2171875 0.0203125 0.021875
6 0.5109375 0.21015625 0.034375 0.0328125
6 0.534375 0.23125 0.01875 0.025
6 0.3625 0.534375 0.01875 0.021875
6 0.3546875 0.5125 0.015625 0.021875
6 0.3671875 0.5546875 0.015625 0.01875
6 0.059375 0.04296875 0.01875 0.0203125
6 0.0125 0.0375 0.015625 0.01875
6 0.0515625 0.02421875 0.01875 0.0203125
6 0.0421875 0.0265625 0.0125 0.021875
6 0.03203125 0.0296875 0.0171875 0.021875
6 0.0234375 0.0328125 0.01875 0.021875
6 0.04375 0.0484375 0.015625 0.01875
6 0.03203125 0.05 0.0140625 0.01875
6 0.05703125 0.08828125 0.0140625 0.0203125
6 0.04765625 0.0921875 0.0171875 0.01875
6 0.021875 0.0984375 0.015625 0.021875
6 0.01484375 0.103125 0.0140625 0.01875
6 0.37578125 0.5765625 0.0171875 0.01875
5 0.5796875 0.2203125 0.021875 0.040625
5 0.9265625 0.7109375 0.028125 0.04375
5 0.67734375 0.16640625 0.0203125 0.0453125
5 0.640625 0.1921875 0.021875 0.0375
5 0.6265625 0.19453125 0.021875 0.0390625
5 0.59609375 0.2140625 0.0171875 0.0375
6 0.38671875 0.8359375 0.0234375 0.01875
6 0.3140625 0.5921875 0.015625 0.01875
6 0.4453125 0.59765625 0.021875 0.0203125
6 0.42421875 0.6046875 0.0203125 0.01875
6 0.378125 0.59296875 0.01875 0.0203125
6 0.09453125 0.09296875 0.0140625 0.0203125
6 0.04375 0.159375 0.021875 0.025
6 0.028125 0.16640625 0.015625 0.0234375
6 0.015625 0.2140625 0.015625 0.021875
6 0.0265625 0.21015625 0.015625 0.0171875
6 0.0390625 0.11640625 0.0125 0.0171875
6 0.05859375 0.15 0.0203125 0.025
6 0.0765625 0.14765625 0.01875 0.0234375
6 0.0859375 0.146875 0.01875 0.025
6 0.0953125 0.14296875 0.01875 0.0265625
6 0.103125 0.1390625 0.015625 0.021875
6 0.11328125 0.1359375 0.0140625 0.021875
6 0.1484375 0.128125 0.021875 0.015625
6 0.14609375 0.12109375 0.0203125 0.0171875
6 0.13984375 0.11015625 0.0203125 0.0140625
6 0.1328125 0.10234375 0.025 0.0203125
6 0.10546875 0.08984375 0.0171875 0.0203125
6 0.08984375 0.18515625 0.0140625 0.0203125
6 0.11875 0.1796875 0.015625 0.01875
6 0.06484375 0.19765625 0.0140625 0.0203125
6 0.021875 0.234375 0.015625 0.01875
6 0.04921875 0.225 0.0140625 0.01875
6 0.05625 0.221875 0.015625 0.01875
6 0.04921875 0.2046875 0.0140625 0.021875
