4 0.6953125 0.44375 0.18125 0.153125
6 0.02578125 0.146875 0.0171875 0.01875
6 0.046875 0.2046875 0.01875 0.021875
6 0.02734375 0.2125 0.0171875 0.025
6 0.01484375 0.240625 0.0140625 0.025
6 0.05625 0.20078125 0.0125 0.0203125
6 0.08359375 0.215625 0.0109375 0.01875
6 0.07734375 0.196875 0.0140625 0.01875
6 0.01171875 0.15234375 0.0140625 0.0203125
6 0.02109375 0.171875 0.0171875 0.025
6 0.040625 0.1625 0.015625 0.01875
6 0.0609375 0.1578125 0.0125 0.01875
6 0.05546875 0.13828125 0.0171875 0.0171875
6 0.03515625 0.1421875 0.0171875 0.01875
