6 0.371875 0.625 0.0125 0.015625
6 0.4171875 0.62421875 0.009375 0.0203125
6 0.26640625 0.378125 0.0171875 0.025
6 0.25078125 0.37421875 0.0078125 0.0203125
6 0.0515625 0.45625 0.009375 0.021875
6 0.06015625 0.459375 0.0109375 0.021875
6 0.08125 0.45546875 0.0125 0.0234375
6 0.04765625 0.58984375 0.0234375 0.0109375
6 0.46015625 0.62265625 0.0109375 0.0203125
6 0.0140625 0.6265625 0.009375 0.01875
6 0.04375 0.62890625 0.009375 0.0203125
6 0.03359375 0.62578125 0.0109375 0.0171875
6 0.09765625 0.440625 0.0203125 0.009375
6 0.4859375 0.62109375 0.009375 0.0203125
6 0.50078125 0.62421875 0.0078125 0.0203125
6 0.5109375 0.62421875 0.009375 0.0234375
6 0.52109375 0.62421875 0.0109375 0.0203125
