6 0.7484375 0.76875 0.015625 0.021875
6 0.9671875 0.70234375 0.015625 0.0234375
6 0.96171875 0.690625 0.0140625 0.021875
6 0.9578125 0.67734375 0.015625 0.0234375
6 0.95234375 0.6640625 0.0140625 0.01875
6 0.91484375 0.65703125 0.0234375 0.0140625
6 0.7671875 0.78671875 0.015625 0.0203125
6 0.6734375 0.81796875 0.01875 0.0265625
6 0.8421875 0.828125 0.021875 0.03125
6 0.65859375 0.821875 0.0140625 0.021875
6 0.684375 0.8609375 0.015625 0.021875
6 0.52734375 0.8703125 0.0203125 0.03125
6 0.17578125 0.35234375 0.0234375 0.0234375
6 0.265625 0.35703125 0.025 0.0203125
6 0.30859375 0.28984375 0.0203125 0.0203125
6 0.85234375 0.825 0.0234375 0.028125
6 0.83125 0.8328125 0.01875 0.025
6 0.7953125 0.85 0.015625 0.034375
6 0.6 0.9515625 0.040625 0.025
6 0.64765625 0.9359375 0.0296875 0.0375
6 0.5515625 0.934375 0.015625 0.034375
6 0.77265625 0.85859375 0.0234375 0.0296875
6 0.78203125 0.8515625 0.0203125 0.03125
6 0.3046875 0.21875 0.025 0.021875
6 0.071875 0.4515625 0.025 0.01875
6 0.1609375 0.3765625 0.021875 0.01875
6 0.1609375 0.39609375 0.021875 0.0140625
6 0.76953125 0.02265625 0.0234375 0.0203125
6 0.58046875 0.05234375 0.0265625 0.0234375
6 0.534375 0.06171875 0.01875 0.0203125
6 0.47734375 0.11640625 0.0203125 0.0203125
6 0.54296875 0.1265625 0.0203125 0.021875
6 0.62421875 0.096875 0.0296875 0.025
5 0.39765625 0.14140625 0.0640625 0.0484375
5 0.659375 0.765625 0.09375 0.065625
5 0.85859375 0.6390625 0.0640625 0.046875
