5 0.471875 0.92890625 0.03125 0.0203125
5 0.47890625 0.78203125 0.0140625 0.0359375
5 0.31640625 0.04921875 0.0609375 0.0390625
5 0.50625 0.91484375 0.0375 0.0234375
5 0.5125 0.93046875 0.034375 0.0203125
5 0.515625 0.9421875 0.0375 0.01875
5 0.48203125 0.95859375 0.0390625 0.0296875
5 0.79609375 0.075 0.0296875 0.0375
5 0.8109375 0.06875 0.03125 0.0375
5 0.8234375 0.0578125 0.025 0.03125
6 0.32421875 0.64375 0.0203125 0.028125
5 0.28671875 0.9140625 0.0234375 0.046875
5 0.3 0.9125 0.01875 0.04375
6 0.37734375 0.57734375 0.0171875 0.0265625
6 0.3796875 0.59921875 0.01875 0.0234375
6 0.21796875 0.90390625 0.0234375 0.0078125
6 0.2171875 0.89375 0.021875 0.009375
6 0.2171875 0.88203125 0.025 0.0109375
6 0.215625 0.86015625 0.021875 0.0140625
6 0.125 0.3828125 0.015625 0.021875
6 0.13203125 0.403125 0.0140625 0.01875
6 0.140625 0.44140625 0.0125 0.0234375
6 0.1453125 0.46796875 0.015625 0.0203125
6 0.2140625 0.83671875 0.021875 0.0140625
5 0.0859375 0.778125 0.028125 0.04375
5 0.07734375 0.75703125 0.0296875 0.0484375
6 0.72734375 0.0640625 0.0265625 0.025
6 0.71875 0.05625 0.03125 0.028125
