6 0.5625 0.12734375 0.025 0.0234375
6 0.5015625 0.2546875 0.021875 0.01875
6 0.52578125 0.2703125 0.0265625 0.021875
6 0.596875 0.19453125 0.025 0.0234375
6 0.66171875 0.1703125 0.0234375 0.021875
6 0.6265625 0.10546875 0.021875 0.0203125
6 0.634375 0.08359375 0.025 0.0234375
6 0.728125 0.02109375 0.025 0.0234375
6 0.75 0.0296875 0.025 0.021875
6 0.76015625 0.0765625 0.0265625 0.021875
6 0.73671875 0.11171875 0.0265625 0.0234375
6 0.84296875 0.04375 0.0296875 0.01875
5 0.896875 0.96171875 0.06875 0.0390625
5 0.8609375 0.97421875 0.078125 0.0484375
5 0.83359375 0.92265625 0.0640625 0.0328125
5 0.646875 0.96796875 0.06875 0.0359375
