6 0.69453125 0.14609375 0.0171875 0.0140625
6 0.75078125 0.0515625 0.0171875 0.015625
5 0.25390625 0.74375 0.0546875 0.06875
5 0.1671875 0.746875 0.059375 0.065625
5 0.0875 0.75078125 0.0625 0.0578125
5 0.68203125 0.709375 0.1015625 0.1
5 0.81484375 0.5703125 0.1015625 0.096875
5 0.81328125 0.43046875 0.1015625 0.1046875
6 0.859375 0.0828125 0.01875 0.015625
6 0.2171875 0.2953125 0.01875 0.009375
6 0.1890625 0.27890625 0.015625 0.0109375
6 0.15390625 0.28046875 0.0203125 0.0171875
6 0.328125 0.25625 0.015625 0.0125
6 0.346875 0.24375 0.015625 0.0125
