4 0.684375 0.23515625 0.040625 0.0546875
4 0.10078125 0.39453125 0.0953125 0.0984375
4 0.4375 0.7265625 0.225 0.1875
4 0.725 0.51953125 0.19375 0.2109375
4 0.5484375 0.534375 0.196875 0.20625
4 0.3578125 0.53359375 0.190625 0.1828125
4 0.6296875 0.38828125 0.05625 0.0515625
4 0.559375 0.38203125 0.06875 0.1015625
4 0.5140625 0.37890625 0.059375 0.0546875
4 0.44140625 0.3875 0.0859375 0.103125
4 0.38515625 0.37265625 0.0640625 0.0734375
4 0.37890625 0.84921875 0.2484375 0.2046875
4 0.24375 0.38984375 0.090625 0.0984375
4 0.2765625 0.36328125 0.06875 0.0734375
4 0.2265625 0.36484375 0.071875 0.0640625
4 0.171875 0.37265625 0.08125 0.0828125
