4 0.7484375 0.4046875 0.35625 0.31875
6 0.8671875 0.03671875 0.015625 0.0203125
6 0.8921875 0.02578125 0.015625 0.0234375
5 0.45546875 0.7421875 0.0203125 0.075
5 0.4578125 0.81953125 0.034375 0.0703125
5 0.440625 0.6640625 0.0375 0.06875
6 0.4234375 0.8515625 0.021875 0.015625
6 0.4265625 0.8609375 0.021875 0.015625
6 0.28125 0.075 0.01875 0.0125
6 0.27578125 0.05625 0.0234375 0.01875
6 0.26875 0.0390625 0.025 0.015625
6 0.196875 0.01875 0.01875 0.015625
6 0.409375 0.8046875 0.025 0.01875
6 0.28515625 0.084375 0.0234375 0.01875
6 0.31640625 0.01796875 0.0171875 0.0140625
6 0.315625 0.0109375 0.01875 0.015625
6 0.325 0.03828125 0.01875 0.0140625
6 0.33515625 0.06796875 0.0203125 0.0140625
6 0.36171875 0.1640625 0.0234375 0.015625
6 0.0390625 0.04453125 0.021875 0.0171875
6 0.0359375 0.03515625 0.021875 0.0140625
6 0.0453125 0.0640625 0.01875 0.015625
