6 0.17578125 0.85234375 0.0234375 0.0234375
6 0.265625 0.85703125 0.025 0.0203125
6 0.30859375 0.78984375 0.0203125 0.0203125
6 0.3046875 0.71875 0.025 0.021875
6 0.071875 0.9515625 0.025 0.01875
6 0.1609375 0.8765625 0.021875 0.01875
6 0.1609375 0.89609375 0.021875 0.0140625
6 0.80859375 0.4328125 0.0234375 0.021875
6 0.81640625 0.40859375 0.0265625 0.0234375
6 0.86953125 0.35859375 0.0203125 0.0171875
6 0.8640625 0.44765625 0.021875 0.0203125
6 0.76953125 0.52265625 0.0234375 0.0203125
6 0.58046875 0.55234375 0.0265625 0.0234375
6 0.534375 0.56171875 0.01875 0.0203125
6 0.47734375 0.61640625 0.0203125 0.0203125
6 0.54296875 0.6265625 0.0203125 0.021875
6 0.62421875 0.596875 0.0296875 0.025
5 0.39765625 0.64140625 0.0640625 0.0484375
