6 0.196875 0.078125 0.021875 0.01875
6 0.6328125 0.70078125 0.021875 0.0265625
6 0.98359375 0.1953125 0.0140625 0.021875
6 0.978125 0.27734375 0.015625 0.0234375
6 0.95234375 0.2890625 0.0171875 0.025
6 0.6453125 0.6921875 0.01875 0.028125
6 0.49296875 0.60859375 0.0234375 0.0296875
6 0.55703125 0.58125 0.0234375 0.03125
6 0.5875 0.5734375 0.021875 0.03125
6 0.65 0.55390625 0.025 0.0328125
6 0.9890625 0.4796875 0.01875 0.01875
6 0.9890625 0.46640625 0.01875 0.0203125
6 0.98203125 0.4546875 0.0171875 0.01875
6 0.96796875 0.425 0.0140625 0.021875
6 0.97265625 0.43671875 0.0171875 0.0203125
6 0.9796875 0.44609375 0.01875 0.0203125
