6 0.446875 0.0734375 0.0125 0.025
6 0.43515625 0.07578125 0.0140625 0.0265625
5 0.02734375 0.63671875 0.0421875 0.0203125
5 0.2015625 0.478125 0.040625 0.021875
5 0.20078125 0.48984375 0.0421875 0.0203125
5 0.20625 0.50546875 0.04375 0.0203125
5 0.1984375 0.52265625 0.040625 0.0203125
5 0.03125 0.609375 0.034375 0.028125
5 0.02890625 0.62109375 0.0359375 0.0265625
5 0.0296875 0.6578125 0.040625 0.025
5 0.184375 0.62734375 0.025 0.0484375
5 0.03125 0.67734375 0.04375 0.0296875
5 0.034375 0.69765625 0.04375 0.0140625
5 0.07578125 0.696875 0.0421875 0.0125
5 0.075 0.70859375 0.040625 0.0140625
5 0.040625 0.71171875 0.034375 0.0140625
5 0.0671875 0.7375 0.040625 0.0125
6 0.87265625 0.61171875 0.0171875 0.0265625
6 0.86328125 0.61875 0.0140625 0.021875
6 0.60703125 0.09296875 0.0265625 0.0140625
6 0.3421875 0.15390625 0.025 0.0171875
6 0.27109375 0.11953125 0.0234375 0.0109375
6 0.24609375 0.121875 0.0203125 0.009375
6 0.4625 0.1296875 0.021875 0.0125
5 0.203125 0.6390625 0.025 0.04375
5 0.1953125 0.66796875 0.021875 0.0390625
5 0.1765625 0.6609375 0.021875 0.0375
5 0.03046875 0.57421875 0.0390625 0.0328125
5 0.16796875 0.6234375 0.0234375 0.04375
6 0.54453125 0.1234375 0.0265625 0.0125
6 0.43046875 0.27265625 0.0234375 0.0234375
6 0.66875 0.3015625 0.0125 0.034375
6 0.71875 0.28359375 0.015625 0.0296875
6 0.7609375 0.31484375 0.03125 0.0171875
6 0.8390625 0.29296875 0.025 0.0359375
6 0.4375 0.10234375 0.03125 0.0140625
5 0.4375 0.303125 0.01875 0.040625
6 0.6078125 0.7390625 0.015625 0.03125
5 0.44296875 0.34296875 0.0203125 0.0359375
5 0.546875 0.69453125 0.06875 0.0203125
5 0.27578125 0.75625 0.0171875 0.0625
6 0.7109375 0.67109375 0.03125 0.0171875
6 0.73828125 0.73828125 0.0234375 0.0328125
6 0.675 0.72890625 0.01875 0.0328125
6 0.19609375 0.28046875 0.0203125 0.0265625
6 0.1796875 0.2859375 0.01875 0.028125
6 0.05546875 0.17890625 0.0140625 0.0265625
6 0.51796875 0.09609375 0.0265625 0.0109375
6 0.66484375 0.06015625 0.0203125 0.0109375
6 0.6625 0.01640625 0.025 0.0109375
6 0.69921875 0.053125 0.0140625 0.028125
5 0.66875 0.115625 0.0375 0.015625
5 0.409375 0.13359375 0.04375 0.0140625
5 0.165625 0.12578125 0.0375 0.0171875
6 0.6625 0.73125 0.021875 0.040625
6 0.59140625 0.734375 0.0171875 0.034375
6 0.54375 0.73828125 0.01875 0.0359375
6 0.3984375 0.6515625 0.021875 0.03125
6 0.5140625 0.740625 0.015625 0.034375
6 0.53125 0.73984375 0.015625 0.0359375
6 0.1171875 0.77421875 0.015625 0.0296875
6 0.06640625 0.7625 0.0265625 0.0125
6 0.50234375 0.63046875 0.0171875 0.0296875
