5 0.971875 0.42890625 0.03125 0.0203125
5 0.97890625 0.28203125 0.0140625 0.0359375
6 0.82421875 0.14375 0.0203125 0.028125
5 0.78671875 0.4140625 0.0234375 0.046875
5 0.8 0.4125 0.01875 0.04375
6 0.58125 0.528125 0.015625 0.028125
6 0.59375 0.5265625 0.0125 0.03125
6 0.628125 0.52578125 0.0125 0.0234375
6 0.80625 0.49609375 0.0125 0.0234375
6 0.87734375 0.07734375 0.0171875 0.0265625
6 0.8796875 0.09921875 0.01875 0.0234375
6 0.78671875 0.97421875 0.0296875 0.0265625
6 0.71796875 0.40390625 0.0234375 0.0078125
6 0.7171875 0.39375 0.021875 0.009375
6 0.7171875 0.38203125 0.025 0.0109375
6 0.715625 0.36015625 0.021875 0.0140625
6 0.7140625 0.33671875 0.021875 0.0140625
5 0.5859375 0.278125 0.028125 0.04375
5 0.57734375 0.25703125 0.0296875 0.0484375
5 0.4265625 0.20546875 0.046875 0.0140625
5 0.29140625 0.215625 0.0671875 0.01875
5 0.2796875 0.25390625 0.065625 0.0203125
5 0.2078125 0.1921875 0.021875 0.065625
6 0.053125 0.275 0.025 0.0125
6 0.1765625 0.265625 0.028125 0.0125
