6 0.0296875 0.978125 0.0125 0.021875
6 0.06484375 0.959375 0.0171875 0.021875
6 0.0765625 0.97734375 0.015625 0.0203125
5 0.79609375 0.171875 0.0765625 0.0375
5 0.7640625 0.16484375 0.06875 0.0328125
6 0.73515625 0.16015625 0.0328125 0.0203125
6 0.1625 0.28203125 0.025 0.0203125
6 0.4046875 0.25625 0.028125 0.01875
5 0.05859375 0.396875 0.0671875 0.03125
6 0.18359375 0.3296875 0.0234375 0.015625
6 0.25 0.3359375 0.025 0.015625
6 0.1109375 0.36640625 0.025 0.0234375
5 0.0953125 0.6828125 0.034375 0.028125
5 0.096875 0.7140625 0.034375 0.028125
5 0.115625 0.73984375 0.03125 0.0296875
