5 0.95546875 0.7421875 0.0203125 0.075
5 0.9578125 0.81953125 0.034375 0.0703125
5 0.940625 0.6640625 0.0375 0.06875
6 0.9234375 0.8515625 0.021875 0.015625
6 0.9265625 0.8609375 0.021875 0.015625
6 0.27109375 0.65390625 0.0234375 0.0171875
6 0.25078125 0.66171875 0.0171875 0.0171875
6 0.78125 0.075 0.01875 0.0125
6 0.77578125 0.05625 0.0234375 0.01875
6 0.76875 0.0390625 0.025 0.015625
6 0.696875 0.01875 0.01875 0.015625
6 0.909375 0.8046875 0.025 0.01875
6 0.19453125 0.68125 0.0234375 0.01875
6 0.215625 0.675 0.021875 0.01875
6 0.78515625 0.084375 0.0234375 0.01875
6 0.81640625 0.01796875 0.0171875 0.0140625
6 0.815625 0.0109375 0.01875 0.015625
6 0.825 0.03828125 0.01875 0.0140625
6 0.83515625 0.06796875 0.0203125 0.0140625
6 0.86171875 0.1640625 0.0234375 0.015625
6 0.5390625 0.04453125 0.021875 0.0171875
6 0.5359375 0.03515625 0.021875 0.0140625
6 0.5453125 0.0640625 0.01875 0.015625
