6 0.8609375 0.796875 0.021875 0.03125
5 0.95390625 0.7609375 0.0359375 0.065625
5 0.9375 0.7625 0.040625 0.06875
5 0.91640625 0.7703125 0.0390625 0.065625
5 0.9 0.771875 0.040625 0.065625
6 0.0625 0.12734375 0.025 0.0234375
6 0.02578125 0.2703125 0.0265625 0.021875
6 0.096875 0.19453125 0.025 0.0234375
6 0.16171875 0.1703125 0.0234375 0.021875
6 0.1265625 0.10546875 0.021875 0.0203125
6 0.134375 0.08359375 0.025 0.0234375
6 0.228125 0.02109375 0.025 0.0234375
6 0.25 0.0296875 0.025 0.021875
6 0.26015625 0.0765625 0.0265625 0.021875
6 0.23671875 0.11171875 0.0265625 0.0234375
6 0.34296875 0.04375 0.0296875 0.01875
5 0.846875 0.79140625 0.04375 0.0671875
5 0.82421875 0.80078125 0.0390625 0.0640625
5 0.396875 0.96171875 0.06875 0.0390625
5 0.3609375 0.97421875 0.078125 0.0484375
5 0.33359375 0.92265625 0.0640625 0.0328125
5 0.58984375 0.88046875 0.0390625 0.0640625
5 0.60703125 0.8765625 0.0390625 0.071875
5 0.64453125 0.86328125 0.0421875 0.0703125
5 0.69296875 0.85 0.0359375 0.06875
5 0.734375 0.83046875 0.0375 0.0640625
5 0.7859375 0.815625 0.040625 0.065625
5 0.146875 0.96796875 0.06875 0.0359375
