5 0.3875 0.384375 0.0625 0.046875
5 0.378125 0.359375 0.065625 0.053125
5 0.36796875 0.33203125 0.0640625 0.0484375
5 0.35859375 0.30859375 0.0703125 0.0578125
5 0.34921875 0.28125 0.0640625 0.053125
5 0.33203125 0.234375 0.0640625 0.053125
5 0.34453125 0.259375 0.0640625 0.05
5 0.3234375 0.2109375 0.059375 0.05
5 0.32265625 0.83671875 0.0421875 0.0640625
5 0.3640625 0.95 0.040625 0.06875
5 0.35859375 0.9234375 0.0421875 0.065625
5 0.31953125 0.8140625 0.0390625 0.065625
5 0.4171875 0.63671875 0.06875 0.0390625
5 0.31015625 0.803125 0.0421875 0.0625
5 0.303125 0.78203125 0.040625 0.0765625
5 0.29921875 0.7609375 0.0484375 0.078125
5 0.290625 0.746875 0.040625 0.0625
5 0.28125 0.73203125 0.04375 0.0703125
5 0.26640625 0.6734375 0.0421875 0.065625
5 0.26171875 0.65078125 0.0453125 0.0703125
5 0.42109375 0.65 0.0703125 0.0375
5 0.31953125 0.18828125 0.0609375 0.0515625
5 0.2140625 0.13828125 0.028125 0.0703125
5 0.27578125 0.3109375 0.0265625 0.06875
5 0.26640625 0.29453125 0.0265625 0.0671875
5 0.25 0.22890625 0.025 0.0796875
5 0.240625 0.209375 0.025 0.06875
5 0.23125 0.19140625 0.025 0.0734375
5 0.221875 0.16484375 0.01875 0.0421875
5 0.2046875 0.10859375 0.028125 0.0703125
5 0.428125 0.66328125 0.065625 0.0390625
5 0.19609375 0.08125 0.0296875 0.06875
5 0.1875 0.0609375 0.025 0.06875
5 0.2671875 0.040625 0.0625 0.053125
5 0.27109375 0.0625 0.0609375 0.053125
5 0.278125 0.08671875 0.059375 0.0515625
5 0.28984375 0.1109375 0.0671875 0.05625
5 0.0859375 0.23125 0.06875 0.046875
5 0.2953125 0.35703125 0.025 0.0703125
