4 0.26796875 0.2046875 0.1453125 0.15625
6 0.8390625 0.7546875 0.021875 0.01875
6 0.72265625 0.40703125 0.0265625 0.0203125
6 0.8125 0.38984375 0.025 0.0171875
6 0.9125 0.30390625 0.021875 0.0140625
6 0.90625 0.2921875 0.01875 0.015625
6 0.81328125 0.27265625 0.0203125 0.0171875
6 0.7734375 0.278125 0.028125 0.01875
6 0.6875 0.26953125 0.01875 0.0171875
6 0.6421875 0.15234375 0.021875 0.0171875
6 0.62109375 0.16015625 0.0234375 0.0171875
6 0.6296875 0.12578125 0.025 0.0171875
6 0.6078125 0.12578125 0.01875 0.0140625
6 0.60234375 0.115625 0.0234375 0.01875
6 0.6203125 0.0984375 0.021875 0.015625
