4 0.6203125 0.78125 0.35 0.309375
4 0.7796875 0.6796875 0.16875 0.1625
6 0.3796875 0.3546875 0.021875 0.01875
6 0.3671875 0.53671875 0.015625 0.0203125
6 0.3921875 0.52578125 0.015625 0.0234375
6 0.5296875 0.478125 0.0125 0.021875
6 0.56484375 0.459375 0.0171875 0.021875
6 0.5765625 0.47734375 0.015625 0.0203125
6 0.303125 0.1328125 0.01875 0.015625
6 0.3078125 0.15 0.015625 0.01875
6 0.3359375 0.21640625 0.015625 0.0234375
6 0.41171875 0.19765625 0.0171875 0.0203125
5 0.5953125 0.1828125 0.034375 0.028125
5 0.596875 0.2140625 0.034375 0.028125
5 0.615625 0.23984375 0.03125 0.0296875
6 0.28828125 0.3234375 0.0109375 0.021875
6 0.296875 0.31796875 0.01875 0.0234375
