6 0.6703125 0.175 0.03125 0.021875
6 0.090625 0.37890625 0.028125 0.0265625
6 0.2421875 0.30625 0.025 0.01875
6 0.1171875 0.28125 0.03125 0.021875
6 0.5328125 0.203125 0.025 0.01875
6 0.69765625 0.14921875 0.0203125 0.0171875
6 0.67265625 0.09140625 0.0328125 0.0234375
5 0.7734375 0.14296875 0.075 0.0359375
5 0.721875 0.0609375 0.06875 0.0375
6 0.6796875 0.26640625 0.01875 0.0171875
6 0.853125 0.2296875 0.01875 0.021875
6 0.8453125 0.2328125 0.015625 0.021875
6 0.834375 0.2359375 0.0125 0.01875
6 0.81953125 0.2421875 0.0171875 0.021875
6 0.74140625 0.2421875 0.0203125 0.015625
6 0.69765625 0.246875 0.0171875 0.0125
6 0.6203125 0.278125 0.01875 0.01875
6 0.690625 0.2921875 0.01875 0.015625
6 0.64375 0.2859375 0.021875 0.015625
6 0.646875 0.296875 0.021875 0.015625
6 0.65390625 0.30625 0.0203125 0.0125
6 0.8625 0.22578125 0.0125 0.0203125
6 0.86953125 0.22265625 0.0140625 0.0171875
6 0.87890625 0.21796875 0.0140625 0.0171875
6 0.8875 0.21484375 0.0125 0.0203125
6 0.896875 0.209375 0.0125 0.01875
6 0.9046875 0.20703125 0.015625 0.0171875
6 0.91328125 0.20234375 0.0109375 0.0203125
6 0.9296875 0.196875 0.015625 0.01875
6 0.95 0.19375 0.0125 0.01875
6 0.684375 0.2859375 0.01875 0.015625
6 0.584375 0.29921875 0.01875 0.0140625
6 0.78125 0.575 0.01875 0.0125
6 0.77578125 0.55625 0.0234375 0.01875
6 0.76875 0.5390625 0.025 0.015625
6 0.75859375 0.4953125 0.0234375 0.015625
6 0.696875 0.51875 0.01875 0.015625
6 0.59453125 0.328125 0.0171875 0.015625
6 0.78515625 0.584375 0.0234375 0.01875
6 0.81640625 0.51796875 0.0171875 0.0140625
6 0.815625 0.5109375 0.01875 0.015625
6 0.825 0.53828125 0.01875 0.0140625
6 0.83515625 0.56796875 0.0203125 0.0140625
6 0.86171875 0.6640625 0.0234375 0.015625
6 0.47109375 0.4546875 0.0171875 0.021875
6 0.4859375 0.49140625 0.0125 0.0203125
6 0.50234375 0.48671875 0.0171875 0.0203125
6 0.5390625 0.54453125 0.021875 0.0171875
6 0.5359375 0.53515625 0.021875 0.0140625
6 0.5453125 0.5640625 0.01875 0.015625
6 0.4640625 0.33359375 0.01875 0.0140625
6 0.56953125 0.32421875 0.0171875 0.0171875
6 0.5671875 0.315625 0.021875 0.0125
