6 0.29375 0.33046875 0.021875 0.0171875
6 0.0328125 0.33046875 0.03125 0.0171875
6 0.053125 0.3109375 0.021875 0.01875
6 0.08046875 0.39375 0.0234375 0.015625
6 0.62265625 0.24765625 0.0203125 0.0171875
6 0.84140625 0.7703125 0.0234375 0.015625
6 0.92109375 0.7609375 0.0265625 0.01875
5 0.33203125 0.9234375 0.0609375 0.03125
6 0.45625 0.86875 0.021875 0.01875
5 0.265625 0.928125 0.071875 0.03125
6 0.60390625 0.84140625 0.0234375 0.0140625
6 0.56171875 0.83671875 0.0234375 0.0140625
6 0.43515625 0.909375 0.0234375 0.01875
6 0.17578125 0.9734375 0.0265625 0.021875
6 0.6515625 0.89453125 0.025 0.0203125
