6 0.6609375 0.18515625 0.01875 0.0234375
6 0.94921875 0.08359375 0.0140625 0.0234375
6 0.940625 0.0875 0.015625 0.01875
6 0.746875 0.153125 0.015625 0.025
6 0.9921875 0.046875 0.0125 0.021875
6 0.975 0.05234375 0.0125 0.0171875
6 0.98203125 0.06875 0.0171875 0.01875
6 0.96640625 0.07421875 0.0109375 0.0203125
6 0.959375 0.05625 0.015625 0.01875
6 0.96796875 0.00859375 0.0140625 0.0171875
6 0.8953125 0.1046875 0.015625 0.01875
6 0.89296875 0.08046875 0.0203125 0.0234375
6 0.85703125 0.8265625 0.0140625 0.01875
6 0.896875 0.87890625 0.015625 0.0203125
6 0.92109375 0.87265625 0.0171875 0.0234375
6 0.9015625 0.7703125 0.01875 0.0125
6 0.896875 0.790625 0.021875 0.009375
6 0.8953125 0.809375 0.01875 0.009375
6 0.8671875 0.8203125 0.01875 0.01875
6 0.85 0.8296875 0.015625 0.01875
6 0.84140625 0.834375 0.0171875 0.021875
6 0.825 0.72890625 0.015625 0.0109375
6 0.82421875 0.7203125 0.0203125 0.0125
6 0.775 0.778125 0.021875 0.009375
6 0.76796875 0.8078125 0.0203125 0.009375
6 0.75 0.82265625 0.021875 0.0109375
6 0.79140625 0.8546875 0.0171875 0.01875
6 0.771875 0.859375 0.015625 0.021875
6 0.7625 0.86328125 0.015625 0.0203125
6 0.75546875 0.865625 0.0171875 0.021875
6 0.61796875 0.95234375 0.0171875 0.0203125
6 0.6234375 0.9484375 0.0125 0.025
6 0.6453125 0.9421875 0.015625 0.01875
6 0.6375 0.94375 0.015625 0.01875
6 0.68359375 0.890625 0.0109375 0.021875
6 0.7078125 0.8828125 0.015625 0.025
6 0.734375 0.871875 0.015625 0.021875
6 0.72734375 0.8765625 0.0171875 0.01875
6 0.934375 0.82734375 0.021875 0.0109375
6 0.934375 0.8375 0.021875 0.009375
6 0.87265625 0.86484375 0.0203125 0.0203125
6 0.9359375 0.15234375 0.01875 0.0203125
6 0.22109375 0.26875 0.0328125 0.0125
6 0.73515625 0.2046875 0.0171875 0.021875
6 0.771875 0.146875 0.015625 0.01875
6 0.83515625 0.19140625 0.0140625 0.0203125
6 0.90859375 0.1625 0.0203125 0.01875
6 0.91640625 0.15546875 0.0171875 0.0234375
6 0.8890625 0.26015625 0.015625 0.0203125
6 0.965625 0.234375 0.015625 0.021875
6 0.98046875 0.2265625 0.0140625 0.021875
6 0.65 0.23125 0.021875 0.025
6 0.13125 0.053125 0.021875 0.01875
6 0.7671875 0.08046875 0.01875 0.0265625
6 0.98828125 0.2234375 0.0140625 0.021875
6 0.81328125 0.309375 0.0171875 0.025
6 0.83671875 0.790625 0.0234375 0.009375
6 0.93671875 0.7453125 0.0171875 0.01875
6 0.890625 0.721875 0.01875 0.009375
6 0.84765625 0.71640625 0.0234375 0.0109375
6 0.84296875 0.74453125 0.0296875 0.0109375
6 0.8203125 0.76875 0.01875 0.009375
6 0.83046875 0.79921875 0.0171875 0.0078125
6 0.9296875 0.73671875 0.01875 0.0171875
6 0.95078125 0.7328125 0.0234375 0.00625
6 0.7125 0.32578125 0.015625 0.0234375
6 0.94765625 0.7640625 0.0203125 0.0125
6 0.94296875 0.778125 0.0203125 0.009375
6 0.94296875 0.78828125 0.0171875 0.0109375
6 0.93984375 0.8015625 0.0171875 0.009375
6 0.9609375 0.77421875 0.01875 0.0078125
6 0.9734375 0.69375 0.01875 0.021875
6 0.88359375 0.69453125 0.0140625 0.0171875
6 0.9125 0.72734375 0.015625 0.0203125
6 0.7765625 0.7515625 0.021875 0.009375
6 0.7828125 0.73203125 0.025 0.0109375
6 0.784375 0.72265625 0.021875 0.0078125
6 0.8015625 0.6328125 0.01875 0.025
6 0.79140625 0.61875 0.0171875 0.021875
6 0.75390625 0.61875 0.0171875 0.021875
6 0.76484375 0.61640625 0.0140625 0.0234375
6 0.85390625 0.59375 0.0234375 0.021875
