6 0.7484375 0.26875 0.015625 0.021875
6 0.9671875 0.20234375 0.015625 0.0234375
6 0.96171875 0.190625 0.0140625 0.021875
6 0.9578125 0.17734375 0.015625 0.0234375
6 0.95234375 0.1640625 0.0140625 0.01875
6 0.91484375 0.15703125 0.0234375 0.0140625
6 0.7671875 0.28671875 0.015625 0.0203125
6 0.6734375 0.31796875 0.01875 0.0265625
6 0.8421875 0.328125 0.021875 0.03125
6 0.65859375 0.321875 0.0140625 0.021875
6 0.684375 0.3609375 0.015625 0.021875
6 0.52734375 0.3703125 0.0203125 0.03125
6 0.85234375 0.325 0.0234375 0.028125
6 0.83125 0.3328125 0.01875 0.025
6 0.91875 0.62578125 0.01875 0.0265625
6 0.7984375 0.84765625 0.021875 0.0328125
6 0.7609375 0.7984375 0.021875 0.015625
6 0.7609375 0.81171875 0.021875 0.0203125
6 0.71015625 0.65859375 0.0203125 0.0359375
6 0.896875 0.59375 0.01875 0.028125
6 0.88125 0.59921875 0.025 0.0390625
6 0.67734375 0.57890625 0.0203125 0.0296875
6 0.7953125 0.35 0.015625 0.034375
6 0.65625 0.58984375 0.021875 0.0328125
6 0.6 0.4515625 0.040625 0.025
6 0.64765625 0.4359375 0.0296875 0.0375
6 0.5515625 0.434375 0.015625 0.034375
6 0.77265625 0.35859375 0.0234375 0.0296875
6 0.78203125 0.3515625 0.0203125 0.03125
6 0.9484375 0.70859375 0.015625 0.0265625
6 0.9359375 0.7109375 0.015625 0.01875
6 0.91015625 0.72109375 0.0171875 0.0203125
6 0.90078125 0.7265625 0.0140625 0.021875
6 0.54375 0.96171875 0.021875 0.0359375
6 0.865625 0.73828125 0.015625 0.0171875
6 0.87578125 0.73359375 0.0140625 0.0203125
6 0.8875 0.7296875 0.01875 0.021875
5 0.53046875 0.8 0.0640625 0.03125
5 0.62265625 0.64765625 0.0296875 0.0421875
5 0.8171875 0.83671875 0.034375 0.0609375
5 0.46796875 0.853125 0.0671875 0.0375
5 0.30703125 0.91328125 0.0640625 0.0359375
5 0.659375 0.265625 0.09375 0.065625
5 0.85859375 0.1390625 0.0640625 0.046875
5 0.74296875 0.6421875 0.0265625 0.053125
5 0.7625 0.6359375 0.034375 0.05625
5 0.5671875 0.49140625 0.034375 0.0671875
6 0.39453125 0.91953125 0.0203125 0.0171875
6 0.390625 0.6859375 0.01875 0.015625
6 0.3828125 0.6703125 0.01875 0.015625
6 0.49140625 0.903125 0.0234375 0.01875
6 0.58359375 0.86015625 0.0203125 0.0171875
6 0.55390625 0.8453125 0.0203125 0.015625
6 0.5515625 0.7 0.034375 0.025
6 0.56953125 0.7328125 0.0109375 0.01875
6 0.603125 0.77265625 0.01875 0.0171875
