6 0.471875 0.32890625 0.01875 0.0171875
6 0.36640625 0.3296875 0.0234375 0.015625
6 0.38125 0.334375 0.01875 0.015625
6 0.49140625 0.29140625 0.0203125 0.0171875
6 0.46875 0.2875 0.01875 0.015625
6 0.49609375 0.32109375 0.0203125 0.0171875
6 0.57890625 0.26171875 0.0234375 0.0203125
6 0.646875 0.265625 0.01875 0.015625
6 0.60625 0.296875 0.01875 0.015625
6 0.02578125 0.646875 0.0171875 0.01875
6 0.046875 0.7046875 0.01875 0.021875
6 0.02734375 0.7125 0.0171875 0.025
6 0.01484375 0.740625 0.0140625 0.025
6 0.05625 0.70078125 0.0125 0.0203125
6 0.08359375 0.715625 0.0109375 0.01875
6 0.07734375 0.696875 0.0140625 0.01875
6 0.01171875 0.65234375 0.0140625 0.0203125
6 0.02109375 0.671875 0.0171875 0.025
6 0.040625 0.6625 0.015625 0.01875
6 0.0609375 0.6578125 0.0125 0.01875
6 0.05546875 0.63828125 0.0171875 0.0171875
6 0.03515625 0.6421875 0.0171875 0.01875
