4 0.40546875 0.3875 0.0609375 0.071875
4 0.33359375 0.4046875 0.0796875 0.090625
4 0.12890625 0.4171875 0.0765625 0.075
4 0.465625 0.38828125 0.06875 0.0734375
4 0.5421875 0.38203125 0.11875 0.1203125
4 0.60078125 0.39453125 0.0953125 0.0984375
4 0.8578125 0.53359375 0.190625 0.1828125
4 0.94140625 0.3875 0.0859375 0.103125
4 0.88515625 0.37265625 0.0640625 0.0734375
4 0.74375 0.38984375 0.090625 0.0984375
4 0.7765625 0.36328125 0.06875 0.0734375
4 0.7265625 0.36484375 0.071875 0.0640625
4 0.671875 0.37265625 0.08125 0.0828125
