6 0.9 0.8421875 0.0125 0.01875
6 0.625 0.7015625 0.025 0.01875
6 0.90859375 0.83203125 0.0140625 0.0265625
6 0.9171875 0.825 0.009375 0.025
6 0.94765625 0.8078125 0.0109375 0.025
6 0.93515625 0.81484375 0.0078125 0.0234375
6 0.12265625 0.24765625 0.0203125 0.0171875
6 0.34140625 0.7703125 0.0234375 0.015625
6 0.42109375 0.7609375 0.0265625 0.01875
6 0.7828125 0.7015625 0.025 0.015625
6 0.10390625 0.84140625 0.0234375 0.0140625
6 0.06171875 0.83671875 0.0234375 0.0140625
6 0.5296875 0.9875 0.015625 0.01875
6 0.53828125 0.9859375 0.0140625 0.021875
6 0.54765625 0.98046875 0.0171875 0.0203125
6 0.55625 0.97578125 0.015625 0.0203125
6 0.1515625 0.89453125 0.025 0.0203125
