5 0.88359375 0.45 0.0609375 0.04375
5 0.9046875 0.4984375 0.059375 0.040625
5 0.89375 0.4859375 0.04375 0.034375
5 0.85625 0.403125 0.0625 0.04375
5 0.846875 0.38828125 0.065625 0.0421875
5 0.8390625 0.36953125 0.065625 0.0421875
5 0.78515625 0.4828125 0.0484375 0.03125
5 0.79765625 0.5109375 0.0546875 0.040625
5 0.81640625 0.54921875 0.0609375 0.0390625
6 0.37265625 0.61171875 0.0171875 0.0265625
6 0.36328125 0.61875 0.0140625 0.021875
6 0.653125 0.296875 0.0375 0.028125
6 0.8984375 0.06796875 0.0125 0.0203125
6 0.87578125 0.07421875 0.0171875 0.0265625
6 0.10703125 0.09296875 0.0265625 0.0140625
6 0.625 0.8828125 0.015625 0.021875
6 0.63203125 0.903125 0.0140625 0.01875
6 0.640625 0.94140625 0.0125 0.0234375
6 0.6453125 0.96796875 0.015625 0.0203125
5 0.71328125 0.1453125 0.0328125 0.040625
5 0.7453125 0.03828125 0.071875 0.0203125
6 0.04453125 0.1234375 0.0265625 0.0125
6 0.16875 0.3015625 0.0125 0.034375
6 0.21875 0.28359375 0.015625 0.0296875
6 0.2609375 0.31484375 0.03125 0.0171875
6 0.3390625 0.29296875 0.025 0.0359375
6 0.1078125 0.7390625 0.015625 0.03125
5 0.046875 0.69453125 0.06875 0.0203125
6 0.2109375 0.67109375 0.03125 0.0171875
6 0.23828125 0.73828125 0.0234375 0.0328125
6 0.175 0.72890625 0.01875 0.0328125
6 0.01796875 0.09609375 0.0265625 0.0109375
6 0.16484375 0.06015625 0.0203125 0.0109375
6 0.1625 0.01640625 0.025 0.0109375
6 0.19921875 0.053125 0.0140625 0.028125
5 0.16875 0.115625 0.0375 0.015625
6 0.1625 0.73125 0.021875 0.040625
6 0.09140625 0.734375 0.0171875 0.034375
6 0.04375 0.73828125 0.01875 0.0359375
6 0.0140625 0.740625 0.015625 0.034375
6 0.03125 0.73984375 0.015625 0.0359375
6 0.984375 0.04921875 0.00625 0.0203125
6 0.97265625 0.0515625 0.0109375 0.01875
6 0.96640625 0.0546875 0.0078125 0.01875
6 0.9546875 0.05390625 0.009375 0.0171875
6 0.94453125 0.05625 0.0078125 0.015625
6 0.9359375 0.0578125 0.009375 0.0125
6 0.928125 0.0625 0.009375 0.015625
