6 0.22265625 0.90703125 0.0265625 0.0203125
6 0.3125 0.88984375 0.025 0.0171875
6 0.4125 0.80390625 0.021875 0.0140625
6 0.40625 0.7921875 0.01875 0.015625
6 0.31328125 0.77265625 0.0203125 0.0171875
6 0.2734375 0.778125 0.028125 0.01875
6 0.1875 0.76953125 0.01875 0.0171875
6 0.1421875 0.65234375 0.021875 0.0171875
6 0.12109375 0.66015625 0.0234375 0.0171875
6 0.1296875 0.62578125 0.025 0.0171875
6 0.1078125 0.62578125 0.01875 0.0140625
6 0.10234375 0.615625 0.0234375 0.01875
6 0.1203125 0.5984375 0.021875 0.015625
