6 0.0578125 0.14375 0.028125 0.015625
6 0.159375 0.2171875 0.021875 0.0125
6 0.0171875 0.33359375 0.028125 0.0265625
6 0.31484375 0.1234375 0.0171875 0.021875
6 0.24375 0.15 0.01875 0.01875
6 0.3421875 0.15234375 0.021875 0.0140625
6 0.01171875 0.2046875 0.0203125 0.015625
6 0.01875 0.2140625 0.021875 0.015625
6 0.02421875 0.22421875 0.0203125 0.0140625
6 0.02421875 0.2328125 0.0234375 0.015625
6 0.02890625 0.2453125 0.0234375 0.0125
6 0.0203125 0.259375 0.021875 0.0125
6 0.1671875 0.3484375 0.021875 0.01875
6 0.15703125 0.37421875 0.0296875 0.0203125
6 0.25078125 0.184375 0.0234375 0.01875
6 0.45 0.07265625 0.015625 0.0203125
6 0.52578125 0.146875 0.0171875 0.01875
6 0.50234375 0.24453125 0.0109375 0.0203125
6 0.546875 0.2046875 0.01875 0.021875
6 0.52734375 0.2125 0.0171875 0.025
6 0.38359375 0.2875 0.0203125 0.025
6 0.45625 0.26328125 0.01875 0.0234375
6 0.4734375 0.2546875 0.015625 0.021875
6 0.48359375 0.25078125 0.0140625 0.0203125
6 0.51484375 0.240625 0.0140625 0.025
6 0.50703125 0.21875 0.0171875 0.01875
6 0.55625 0.20078125 0.0125 0.0203125
6 0.58359375 0.215625 0.0109375 0.01875
6 0.57734375 0.196875 0.0140625 0.01875
6 0.4828125 0.18671875 0.015625 0.0203125
6 0.4546875 0.17265625 0.015625 0.0171875
6 0.43125 0.20078125 0.01875 0.0203125
6 0.50234375 0.125 0.0265625 0.01875
6 0.4734375 0.0703125 0.015625 0.021875
6 0.475 0.16484375 0.015625 0.0203125
6 0.4859375 0.1625 0.015625 0.01875
6 0.503125 0.15859375 0.0125 0.0203125
6 0.51171875 0.15234375 0.0140625 0.0203125
6 0.52109375 0.171875 0.0171875 0.025
6 0.540625 0.1625 0.015625 0.01875
6 0.5609375 0.1578125 0.0125 0.01875
6 0.55546875 0.13828125 0.0171875 0.0171875
6 0.53515625 0.1421875 0.0171875 0.01875
