6 0.5671875 0.4328125 0.021875 0.021875
6 0.55625 0.44765625 0.01875 0.0265625
6 0.36328125 0.53046875 0.0265625 0.0234375
6 0.6234375 0.61484375 0.015625 0.0234375
6 0.16015625 0.746875 0.0171875 0.021875
6 0.6171875 0.7546875 0.015625 0.01875
6 0.14765625 0.88359375 0.0203125 0.0265625
6 0.3890625 0.1015625 0.021875 0.025
6 0.5140625 0.0546875 0.025 0.0125
6 0.47109375 0.0359375 0.0234375 0.01875
6 0.20625 0.9359375 0.025 0.015625
6 0.62578125 0.93125 0.0296875 0.021875
6 0.74765625 0.97890625 0.0234375 0.0140625
6 0.9171875 0.6578125 0.021875 0.015625
6 0.884375 0.96640625 0.021875 0.0265625
6 0.85078125 0.93359375 0.0203125 0.0265625
