6 0.84140625 0.2703125 0.0234375 0.015625
6 0.92109375 0.2609375 0.0265625 0.01875
5 0.33203125 0.4234375 0.0609375 0.03125
6 0.45625 0.36875 0.021875 0.01875
5 0.265625 0.428125 0.071875 0.03125
5 0.06953125 0.48671875 0.0578125 0.0296875
6 0.6609375 0.68515625 0.01875 0.0234375
6 0.60390625 0.34140625 0.0234375 0.0140625
6 0.56171875 0.33671875 0.0234375 0.0140625
6 0.43515625 0.409375 0.0234375 0.01875
6 0.17578125 0.4734375 0.0265625 0.021875
6 0.94921875 0.58359375 0.0140625 0.0234375
6 0.940625 0.5875 0.015625 0.01875
6 0.746875 0.653125 0.015625 0.025
6 0.9921875 0.546875 0.0125 0.021875
6 0.975 0.55234375 0.0125 0.0171875
6 0.98203125 0.56875 0.0171875 0.01875
6 0.96640625 0.57421875 0.0109375 0.0203125
6 0.959375 0.55625 0.015625 0.01875
6 0.96796875 0.50859375 0.0140625 0.0171875
6 0.98515625 0.5015625 0.0140625 0.021875
6 0.8953125 0.6046875 0.015625 0.01875
6 0.89296875 0.58046875 0.0203125 0.0234375
6 0.9359375 0.65234375 0.01875 0.0203125
6 0.22109375 0.76875 0.0328125 0.0125
6 0.73515625 0.7046875 0.0171875 0.021875
6 0.771875 0.646875 0.015625 0.01875
6 0.83515625 0.69140625 0.0140625 0.0203125
6 0.90859375 0.6625 0.0203125 0.01875
6 0.91640625 0.65546875 0.0171875 0.0234375
6 0.8890625 0.76015625 0.015625 0.0203125
6 0.965625 0.734375 0.015625 0.021875
6 0.98046875 0.7265625 0.0140625 0.021875
6 0.65 0.73125 0.021875 0.025
6 0.13125 0.553125 0.021875 0.01875
6 0.6515625 0.39453125 0.025 0.0203125
6 0.7671875 0.58046875 0.01875 0.0265625
6 0.98828125 0.7234375 0.0140625 0.021875
6 0.81328125 0.809375 0.0171875 0.025
6 0.7125 0.82578125 0.015625 0.0234375
