6 0.9546875 0.4203125 0.021875 0.01875
6 0.66796875 0.6109375 0.0234375 0.025
6 0.81875 0.584375 0.021875 0.021875
6 0.73515625 0.64140625 0.0234375 0.0203125
6 0.88359375 0.56640625 0.0265625 0.0234375
6 0.97265625 0.49453125 0.0234375 0.0203125
6 0.13984375 0.93359375 0.0296875 0.0234375
6 0.653125 0.703125 0.021875 0.021875
6 0.63203125 0.70234375 0.0234375 0.0203125
6 0.57109375 0.72109375 0.0265625 0.0203125
6 0.234375 0.859375 0.028125 0.021875
6 0.21015625 0.9578125 0.0234375 0.01875
6 0.29453125 0.8921875 0.0265625 0.025
6 0.23515625 0.96015625 0.0296875 0.0265625
5 0.51640625 0.6859375 0.0703125 0.05
