6 0.9 0.3421875 0.0125 0.01875
6 0.625 0.2015625 0.025 0.01875
6 0.90859375 0.33203125 0.0140625 0.0265625
6 0.9171875 0.325 0.009375 0.025
6 0.94765625 0.3078125 0.0109375 0.025
6 0.93515625 0.31484375 0.0078125 0.0234375
6 0.34140625 0.2703125 0.0234375 0.015625
6 0.42109375 0.2609375 0.0265625 0.01875
6 0.7828125 0.2015625 0.025 0.015625
6 0.1609375 0.68515625 0.01875 0.0234375
6 0.10390625 0.34140625 0.0234375 0.0140625
6 0.06171875 0.33671875 0.0234375 0.0140625
6 0.559375 0.54296875 0.01875 0.0203125
6 0.50078125 0.54140625 0.0171875 0.0203125
6 0.5125 0.5375 0.015625 0.01875
6 0.5515625 0.52421875 0.01875 0.0203125
6 0.5421875 0.5265625 0.0125 0.021875
6 0.53203125 0.5296875 0.0171875 0.021875
6 0.5234375 0.5328125 0.01875 0.021875
6 0.54375 0.5484375 0.015625 0.01875
6 0.53203125 0.55 0.0140625 0.01875
6 0.50078125 0.5640625 0.0140625 0.021875
6 0.55703125 0.58828125 0.0140625 0.0203125
6 0.54765625 0.5921875 0.0171875 0.01875
6 0.521875 0.5984375 0.015625 0.021875
6 0.51484375 0.603125 0.0140625 0.01875
6 0.44921875 0.58359375 0.0140625 0.0234375
6 0.440625 0.5875 0.015625 0.01875
6 0.246875 0.653125 0.015625 0.025
6 0.4921875 0.546875 0.0125 0.021875
6 0.475 0.55234375 0.0125 0.0171875
6 0.48203125 0.56875 0.0171875 0.01875
6 0.46640625 0.57421875 0.0109375 0.0203125
6 0.459375 0.55625 0.015625 0.01875
6 0.46796875 0.50859375 0.0140625 0.0171875
6 0.48515625 0.5015625 0.0140625 0.021875
6 0.4953125 0.50234375 0.0125 0.0171875
6 0.503125 0.4953125 0.015625 0.021875
6 0.51796875 0.4890625 0.0171875 0.025
6 0.5296875 0.4875 0.015625 0.01875
6 0.53828125 0.4859375 0.0140625 0.021875
6 0.54765625 0.48046875 0.0171875 0.0203125
6 0.55625 0.47578125 0.015625 0.0203125
6 0.3953125 0.6046875 0.015625 0.01875
6 0.49609375 0.61328125 0.0171875 0.0203125
6 0.39296875 0.58046875 0.0203125 0.0234375
6 0.59453125 0.59296875 0.0140625 0.0203125
6 0.4359375 0.65234375 0.01875 0.0203125
6 0.23515625 0.7046875 0.0171875 0.021875
6 0.271875 0.646875 0.015625 0.01875
6 0.33515625 0.69140625 0.0140625 0.0203125
6 0.40859375 0.6625 0.0203125 0.01875
6 0.41640625 0.65546875 0.0171875 0.0234375
6 0.54375 0.659375 0.021875 0.025
6 0.3890625 0.76015625 0.015625 0.0203125
6 0.528125 0.66640625 0.015625 0.0234375
6 0.515625 0.7140625 0.015625 0.021875
6 0.5265625 0.71015625 0.015625 0.0171875
6 0.50390625 0.7390625 0.0171875 0.021875
6 0.465625 0.734375 0.015625 0.021875
6 0.48046875 0.7265625 0.0140625 0.021875
6 0.15 0.73125 0.021875 0.025
6 0.1515625 0.39453125 0.025 0.0203125
6 0.2671875 0.58046875 0.01875 0.0265625
6 0.4953125 0.628125 0.0125 0.01875
6 0.5390625 0.61640625 0.0125 0.0171875
6 0.55859375 0.65 0.0203125 0.025
6 0.5765625 0.64765625 0.01875 0.0234375
6 0.5859375 0.646875 0.01875 0.025
6 0.5953125 0.64296875 0.01875 0.0265625
6 0.603125 0.6390625 0.015625 0.021875
6 0.61328125 0.6359375 0.0140625 0.021875
6 0.6484375 0.628125 0.021875 0.015625
6 0.64609375 0.62109375 0.0203125 0.0171875
6 0.63984375 0.61015625 0.0203125 0.0140625
6 0.6328125 0.60234375 0.025 0.0203125
6 0.60546875 0.58984375 0.0171875 0.0203125
6 0.48828125 0.7234375 0.0140625 0.021875
6 0.31328125 0.809375 0.0171875 0.025
6 0.2125 0.82578125 0.015625 0.0234375
6 0.58984375 0.68515625 0.0140625 0.0203125
6 0.61875 0.6796875 0.015625 0.01875
6 0.56484375 0.69765625 0.0140625 0.0203125
6 0.521875 0.734375 0.015625 0.01875
6 0.54921875 0.725 0.0140625 0.01875
6 0.55625 0.721875 0.015625 0.01875
6 0.54921875 0.7046875 0.0140625 0.021875
