6 0.8609375 0.296875 0.021875 0.03125
5 0.95390625 0.2609375 0.0359375 0.065625
5 0.9375 0.2625 0.040625 0.06875
5 0.91640625 0.2703125 0.0390625 0.065625
5 0.9 0.271875 0.040625 0.065625
5 0.08046875 0.73203125 0.0390625 0.0703125
5 0.846875 0.29140625 0.04375 0.0671875
5 0.82421875 0.30078125 0.0390625 0.0640625
5 0.396875 0.46171875 0.06875 0.0390625
5 0.2125 0.53203125 0.06875 0.0421875
5 0.19375 0.54609375 0.06875 0.0421875
5 0.1328125 0.5546875 0.071875 0.04375
5 0.1078125 0.5609375 0.065625 0.040625
5 0.3234375 0.48671875 0.071875 0.0421875
5 0.3609375 0.47421875 0.078125 0.0484375
5 0.33359375 0.42265625 0.0640625 0.0328125
5 0.58984375 0.38046875 0.0390625 0.0640625
5 0.60703125 0.3765625 0.0390625 0.071875
5 0.64453125 0.36328125 0.0421875 0.0703125
5 0.69296875 0.35 0.0359375 0.06875
5 0.734375 0.33046875 0.0375 0.0640625
5 0.7859375 0.315625 0.040625 0.065625
5 0.146875 0.46796875 0.06875 0.0359375
5 0.0625 0.5 0.0625 0.040625
