6 0.9640625 0.7859375 0.0125 0.015625
6 0.9234375 0.75 0.0125 0.021875
6 0.9171875 0.7015625 0.0125 0.015625
6 0.9359375 0.69453125 0.0125 0.0171875
6 0.95078125 0.69140625 0.0109375 0.0140625
6 0.95 0.665625 0.015625 0.01875
6 0.97421875 0.60078125 0.0109375 0.0140625
6 0.9890625 0.77734375 0.0125 0.0140625
6 0.98515625 0.7640625 0.0109375 0.015625
6 0.91171875 0.98046875 0.0140625 0.0171875
6 0.9453125 0.884375 0.0125 0.01875
5 0.90703125 0.84375 0.0140625 0.01875
6 0.98515625 0.71640625 0.0140625 0.0140625
