6 0.1703125 0.175 0.03125 0.021875
6 0.0328125 0.203125 0.025 0.01875
6 0.19765625 0.14921875 0.0203125 0.0171875
6 0.17265625 0.09140625 0.0328125 0.0234375
5 0.49375 0.07421875 0.071875 0.0359375
5 0.2734375 0.14296875 0.075 0.0359375
5 0.221875 0.0609375 0.06875 0.0375
6 0.8796875 0.3546875 0.021875 0.01875
6 0.8671875 0.53671875 0.015625 0.0203125
6 0.8921875 0.52578125 0.015625 0.0234375
6 0.1796875 0.26640625 0.01875 0.0171875
6 0.353125 0.2296875 0.01875 0.021875
6 0.3453125 0.2328125 0.015625 0.021875
6 0.334375 0.2359375 0.0125 0.01875
6 0.31953125 0.2421875 0.0171875 0.021875
6 0.24140625 0.2421875 0.0203125 0.015625
6 0.19765625 0.246875 0.0171875 0.0125
6 0.1203125 0.278125 0.01875 0.01875
6 0.190625 0.2921875 0.01875 0.015625
6 0.803125 0.1328125 0.01875 0.015625
6 0.8078125 0.15 0.015625 0.01875
6 0.8359375 0.21640625 0.015625 0.0234375
6 0.14375 0.2859375 0.021875 0.015625
6 0.146875 0.296875 0.021875 0.015625
6 0.15390625 0.30625 0.0203125 0.0125
6 0.3625 0.22578125 0.0125 0.0203125
6 0.36953125 0.22265625 0.0140625 0.0171875
6 0.37890625 0.21796875 0.0140625 0.0171875
6 0.3875 0.21484375 0.0125 0.0203125
6 0.396875 0.209375 0.0125 0.01875
6 0.4046875 0.20703125 0.015625 0.0171875
6 0.41328125 0.20234375 0.0109375 0.0203125
6 0.4296875 0.196875 0.015625 0.01875
6 0.45 0.19375 0.0125 0.01875
6 0.91171875 0.19765625 0.0171875 0.0203125
6 0.184375 0.2859375 0.01875 0.015625
6 0.084375 0.29921875 0.01875 0.0140625
6 0.28125 0.575 0.01875 0.0125
6 0.27578125 0.55625 0.0234375 0.01875
6 0.26875 0.5390625 0.025 0.015625
6 0.25859375 0.4953125 0.0234375 0.015625
6 0.196875 0.51875 0.01875 0.015625
6 0.09453125 0.328125 0.0171875 0.015625
6 0.28515625 0.584375 0.0234375 0.01875
6 0.31640625 0.51796875 0.0171875 0.0140625
6 0.315625 0.5109375 0.01875 0.015625
6 0.325 0.53828125 0.01875 0.0140625
6 0.33515625 0.56796875 0.0203125 0.0140625
6 0.36171875 0.6640625 0.0234375 0.015625
6 0.0390625 0.54453125 0.021875 0.0171875
6 0.0359375 0.53515625 0.021875 0.0140625
6 0.0453125 0.5640625 0.01875 0.015625
6 0.78828125 0.3234375 0.0109375 0.021875
6 0.796875 0.31796875 0.01875 0.0234375
6 0.06953125 0.32421875 0.0171875 0.0171875
6 0.0671875 0.315625 0.021875 0.0125
