6 0.82109375 0.28984375 0.0171875 0.0234375
6 0.42421875 0.48828125 0.0109375 0.0234375
6 0.4359375 0.4859375 0.009375 0.015625
6 0.67109375 0.3625 0.0203125 0.01875
6 0.6453125 0.3015625 0.021875 0.01875
6 0.640625 0.2828125 0.025 0.01875
6 0.8484375 0.26171875 0.021875 0.0234375
6 0.384375 0.4921875 0.0125 0.021875
6 0.37421875 0.4953125 0.0140625 0.021875
6 0.321875 0.5046875 0.0125 0.021875
6 0.31015625 0.5015625 0.0109375 0.025
6 0.29921875 0.50703125 0.0171875 0.0265625
6 0.1484375 0.55859375 0.021875 0.0109375
6 0.171875 0.61796875 0.021875 0.0140625
