4 0.134375 0.55078125 0.25 0.2828125
4 0.41171875 0.5484375 0.2640625 0.296875
4 0.68515625 0.51953125 0.2453125 0.2453125
6 0.25703125 0.425 0.0171875 0.0125
6 0.2578125 0.4359375 0.01875 0.0125
6 0.08046875 0.39375 0.0171875 0.0125
6 0.2859375 0.43984375 0.015625 0.0078125
6 0.275 0.45078125 0.015625 0.0140625
6 0.28359375 0.459375 0.0203125 0.01875
6 0.2921875 0.48046875 0.01875 0.0140625
6 0.19375 0.3921875 0.009375 0.015625
6 0.6265625 0.3796875 0.009375 0.021875
6 0.7203125 0.390625 0.0125 0.021875
6 0.7546875 0.37890625 0.009375 0.0203125
6 0.6109375 0.36484375 0.015625 0.0078125
