6 0.05625 0.30546875 0.015625 0.0109375
6 0.07734375 0.309375 0.0203125 0.0125
6 0.09140625 0.32734375 0.0234375 0.0109375
6 0.1125 0.35078125 0.01875 0.0140625
6 0.01328125 0.70625 0.0234375 0.015625
6 0.46484375 0.31328125 0.0078125 0.0171875
6 0.36640625 0.30859375 0.0078125 0.0171875
6 0.37578125 0.30703125 0.0078125 0.0171875
6 0.38515625 0.30859375 0.0078125 0.0171875
6 0.3953125 0.30859375 0.009375 0.0171875
6 0.40625 0.309375 0.00625 0.01875
6 0.41796875 0.3109375 0.0078125 0.015625
6 0.42890625 0.31171875 0.0078125 0.0171875
6 0.43828125 0.31171875 0.0078125 0.0171875
6 0.4515625 0.31171875 0.009375 0.0171875
6 0.475 0.3125 0.009375 0.01875
6 0.4859375 0.3125 0.009375 0.01875
6 0.58671875 0.27734375 0.0203125 0.0140625
6 0.57109375 0.27890625 0.0140625 0.0203125
6 0.56171875 0.27890625 0.0109375 0.0171875
6 0.53828125 0.278125 0.0078125 0.015625
6 0.5265625 0.278125 0.009375 0.015625
6 0.515625 0.27578125 0.00625 0.0140625
6 0.5046875 0.27578125 0.009375 0.0171875
6 0.4921875 0.27578125 0.009375 0.0171875
6 0.33125 0.30390625 0.009375 0.0203125
6 0.26328125 0.3 0.0265625 0.0125
6 0.41171875 0.3453125 0.0265625 0.0125
6 0.49765625 0.31484375 0.0078125 0.0171875
6 0.4375 0.36640625 0.01875 0.0078125
6 0.415625 0.36640625 0.01875 0.0078125
6 0.37421875 0.3640625 0.0203125 0.009375
6 0.2359375 0.35 0.021875 0.0125
6 0.32734375 0.3421875 0.0203125 0.009375
6 0.35703125 0.33828125 0.0171875 0.0078125
6 0.38515625 0.33984375 0.0171875 0.0078125
6 0.44140625 0.3453125 0.0171875 0.009375
6 0.47734375 0.346875 0.0203125 0.0125
6 0.50078125 0.34765625 0.0140625 0.0078125
6 0.6078125 0.31484375 0.009375 0.0203125
6 0.59296875 0.31484375 0.0109375 0.0171875
6 0.5734375 0.31640625 0.009375 0.0171875
6 0.56328125 0.31640625 0.0078125 0.0171875
6 0.553125 0.31484375 0.00625 0.0171875
6 0.5421875 0.315625 0.009375 0.01875
6 0.53203125 0.315625 0.0078125 0.01875
6 0.52109375 0.3140625 0.0078125 0.01875
6 0.51171875 0.3140625 0.0078125 0.015625
6 0.4828125 0.27578125 0.009375 0.0171875
6 0.46796875 0.275 0.0078125 0.01875
6 0.44375 0.2734375 0.00625 0.015625
6 0.43359375 0.2734375 0.0078125 0.01875
6 0.425 0.2734375 0.009375 0.01875
6 0.41328125 0.27265625 0.0078125 0.0171875
6 0.40390625 0.271875 0.0109375 0.01875
6 0.39296875 0.26875 0.0078125 0.01875
6 0.3765625 0.26953125 0.009375 0.0203125
6 0.35 0.26875 0.009375 0.01875
6 0.33828125 0.26640625 0.0078125 0.0171875
6 0.3265625 0.265625 0.009375 0.01875
6 0.315625 0.26484375 0.0125 0.0171875
6 0.2796875 0.26015625 0.009375 0.0171875
6 0.2671875 0.259375 0.009375 0.01875
6 0.27265625 0.13515625 0.0203125 0.0265625
6 0.38125 0.1125 0.0125 0.0125
5 0.22734375 0.3390625 0.0484375 0.0125
5 0.28984375 0.33671875 0.0453125 0.0109375
6 0.4765625 0.3703125 0.01875 0.009375
6 0.44375 0.5078125 0.015625 0.009375
6 0.18359375 0.3921875 0.0171875 0.021875
5 0.4359375 0.815625 0.021875 0.025
6 0.4546875 0.64921875 0.0125 0.0203125
6 0.48203125 0.6359375 0.0140625 0.01875
6 0.5453125 0.596875 0.015625 0.009375
6 0.5875 0.58828125 0.01875 0.0109375
6 0.61484375 0.584375 0.0171875 0.0125
6 0.63671875 0.5796875 0.0203125 0.0125
6 0.76484375 0.57890625 0.0265625 0.0109375
6 0.7296875 0.58046875 0.015625 0.0078125
6 0.73203125 0.590625 0.0171875 0.009375
6 0.75390625 0.5921875 0.0203125 0.009375
6 0.83359375 0.596875 0.0203125 0.009375
6 0.81171875 0.59921875 0.0203125 0.0109375
6 0.79140625 0.59609375 0.0171875 0.0109375
6 0.77578125 0.60546875 0.0203125 0.0109375
6 0.753125 0.60625 0.01875 0.009375
6 0.7328125 0.6078125 0.015625 0.009375
6 0.71171875 0.59296875 0.0234375 0.0203125
6 0.703125 0.60625 0.01875 0.01875
6 0.690625 0.61171875 0.01875 0.0234375
5 0.43828125 0.84765625 0.0234375 0.0234375
5 0.434375 0.784375 0.021875 0.021875
6 0.64375 0.61796875 0.0125 0.0203125
5 0.3984375 0.85078125 0.021875 0.0234375
6 0.2984375 0.9421875 0.015625 0.021875
6 0.2796875 0.94609375 0.015625 0.0171875
5 0.3546875 0.790625 0.021875 0.025
5 0.35625 0.821875 0.021875 0.021875
5 0.3953125 0.78828125 0.021875 0.0203125
5 0.39609375 0.81953125 0.0203125 0.0234375
6 0.653125 0.6171875 0.0125 0.01875
6 0.62578125 0.62109375 0.0109375 0.0203125
6 0.196875 0.4125 0.01875 0.01875
6 0.3265625 0.50390625 0.015625 0.0078125
6 0.21796875 0.553125 0.0109375 0.015625
6 0.2234375 0.5359375 0.0125 0.01875
6 0.55859375 0.4 0.0203125 0.0125
6 0.61640625 0.3875 0.0203125 0.0125
6 0.68515625 0.371875 0.0203125 0.0125
6 0.77421875 0.3125 0.0265625 0.0125
6 0.81484375 0.31171875 0.0203125 0.0109375
6 0.7203125 0.28359375 0.01875 0.0140625
6 0.6828125 0.28828125 0.021875 0.0171875
6 0.1265625 0.3421875 0.021875 0.015625
6 0.121875 0.41484375 0.0125 0.0171875
6 0.096875 0.4078125 0.01875 0.015625
6 0.16328125 0.3921875 0.0171875 0.01875
6 0.14609375 0.35546875 0.0171875 0.0140625
6 0.1734375 0.3328125 0.021875 0.01875
6 0.18359375 0.35625 0.0203125 0.0125
6 0.16640625 0.36171875 0.0171875 0.0234375
6 0.16796875 0.3796875 0.0171875 0.015625
6 0.20703125 0.57265625 0.0171875 0.0171875
6 0.38203125 0.43203125 0.0171875 0.0109375
6 0.56875 0.6296875 0.0125 0.01875
6 0.20625 0.46640625 0.021875 0.0140625
6 0.8171875 0.528125 0.015625 0.009375
6 0.8390625 0.515625 0.01875 0.009375
6 0.60859375 0.51484375 0.0171875 0.0078125
6 0.56015625 0.5296875 0.0203125 0.01875
6 0.54140625 0.54453125 0.0140625 0.0140625
6 0.5234375 0.55 0.015625 0.0125
6 0.48984375 0.55703125 0.0203125 0.0109375
6 0.4703125 0.56015625 0.015625 0.0109375
6 0.45234375 0.56640625 0.0140625 0.0109375
6 0.43359375 0.57109375 0.0203125 0.0140625
6 0.4140625 0.57265625 0.015625 0.0078125
6 0.396875 0.5765625 0.01875 0.0125
6 0.375 0.58203125 0.01875 0.0078125
6 0.24765625 0.5921875 0.0203125 0.0125
6 0.29609375 0.575 0.0203125 0.015625
6 0.19296875 0.59296875 0.0140625 0.0140625
6 0.15 0.5609375 0.01875 0.0125
6 0.15 0.546875 0.01875 0.009375
6 0.1984375 0.45703125 0.01875 0.0109375
