4 0.2921875 0.50859375 0.3125 0.2828125
4 0.3171875 0.84375 0.303125 0.278125
6 0.53515625 0.04765625 0.0171875 0.0078125
6 0.60703125 0.04296875 0.0171875 0.0078125
6 0.38828125 0.2515625 0.0140625 0.01875
6 0.08515625 0.41328125 0.0078125 0.0203125
6 0.0578125 0.57578125 0.0125 0.0203125
5 0.3984375 0.70234375 0.040625 0.0546875
5 0.4 0.79765625 0.015625 0.0421875
5 0.40546875 0.86953125 0.0171875 0.0421875
6 0.13359375 0.8796875 0.0234375 0.0125
6 0.128125 0.89609375 0.015625 0.0109375
6 0.12578125 0.909375 0.0203125 0.009375
