6 0.11171875 0.978125 0.0109375 0.01875
6 0.08828125 0.98515625 0.0171875 0.0171875
6 0.02578125 0.9796875 0.0078125 0.01875
6 0.00625 0.984375 0.00625 0.01875
4 0.578125 0.63671875 0.1875 0.1953125
6 0.0171875 0.98203125 0.009375 0.0203125
6 0.153125 0.940625 0.015625 0.009375
6 0.1546875 0.95 0.01875 0.009375
6 0.1546875 0.9625 0.015625 0.009375
6 0.2171875 0.9078125 0.015625 0.0125
6 0.15078125 0.87421875 0.0171875 0.0078125
6 0.153125 0.8984375 0.015625 0.009375
6 0.1515625 0.865625 0.01875 0.009375
6 0.10390625 0.203125 0.0109375 0.01875
6 0.14921875 0.85546875 0.0171875 0.0078125
6 0.40703125 0.4109375 0.0203125 0.0125
6 0.45546875 0.40859375 0.0171875 0.0078125
6 0.3828125 0.434375 0.009375 0.01875
6 0.875 0.5796875 0.0125 0.025
6 0.8875 0.5765625 0.015625 0.025
6 0.9578125 0.615625 0.01875 0.021875
6 0.3703125 0.64765625 0.01875 0.0234375
6 0.3078125 0.66015625 0.01875 0.0203125
5 0.284375 0.73125 0.040625 0.04375
6 0.16875 0.79453125 0.01875 0.0109375
6 0.1390625 0.7828125 0.015625 0.009375
6 0.13046875 0.84296875 0.0171875 0.0171875
6 0.1734375 0.821875 0.015625 0.009375
6 0.19375 0.81875 0.01875 0.009375
6 0.17890625 0.85625 0.0203125 0.009375
6 0.153125 0.884375 0.015625 0.009375
6 0.1796875 0.88671875 0.0125 0.0109375
6 0.23203125 0.9234375 0.0171875 0.00625
6 0.1453125 0.80234375 0.01875 0.0078125
6 0.1453125 0.8140625 0.015625 0.009375
6 0.4578125 0.3859375 0.01875 0.009375
6 0.4046875 0.4015625 0.01875 0.009375
6 0.40390625 0.3890625 0.0203125 0.009375
6 0.08984375 0.0265625 0.0109375 0.01875
6 0.090625 0.05078125 0.009375 0.0203125
6 0.15 0.2640625 0.009375 0.015625
6 0.4046875 0.353125 0.01875 0.0125
6 0.40234375 0.3703125 0.0171875 0.009375
