6 0.953125 0.259375 0.01875 0.009375
6 0.95390625 0.2421875 0.0140625 0.009375
6 0.95390625 0.23046875 0.0171875 0.0078125
6 0.953125 0.221875 0.01875 0.009375
6 0.95078125 0.20625 0.0171875 0.009375
6 0.94921875 0.19453125 0.0171875 0.0078125
6 0.94921875 0.18515625 0.0171875 0.0078125
6 0.96953125 0.19375 0.0171875 0.009375
6 0.975 0.2875 0.015625 0.009375
6 0.97421875 0.27734375 0.0171875 0.0109375
6 0.975 0.26796875 0.015625 0.0078125
6 0.97421875 0.259375 0.0171875 0.009375
6 0.9734375 0.24921875 0.01875 0.0078125
6 0.97265625 0.23984375 0.0140625 0.0078125
6 0.971875 0.23046875 0.015625 0.0078125
6 0.97265625 0.221875 0.0171875 0.009375
6 0.9703125 0.203125 0.015625 0.009375
6 0.95390625 0.24921875 0.0171875 0.0078125
6 0.9546875 0.26953125 0.01875 0.0078125
6 0.95703125 0.27890625 0.0171875 0.0078125
6 0.89296875 0.234375 0.0140625 0.009375
6 0.89375 0.2421875 0.015625 0.00625
6 0.89453125 0.2515625 0.0171875 0.009375
6 0.8953125 0.26171875 0.015625 0.0078125
6 0.896875 0.271875 0.015625 0.009375
6 0.89765625 0.290625 0.0140625 0.009375
6 0.89375 0.28046875 0.015625 0.0078125
6 0.89609375 0.30078125 0.0171875 0.0078125
6 0.91171875 0.221875 0.0140625 0.009375
6 0.91015625 0.23359375 0.0171875 0.0078125
6 0.9109375 0.24140625 0.0125 0.0078125
6 0.9125 0.25078125 0.015625 0.0078125
6 0.9125 0.259375 0.015625 0.009375
6 0.9125 0.26796875 0.015625 0.0078125
6 0.9125 0.278125 0.015625 0.009375
6 0.91484375 0.28828125 0.0171875 0.0078125
6 0.91484375 0.296875 0.0171875 0.009375
6 0.95546875 0.296875 0.0171875 0.00625
6 0.95703125 0.2890625 0.0140625 0.00625
6 0.89140625 0.215625 0.0140625 0.009375
6 0.8921875 0.22421875 0.015625 0.0078125
6 0.9109375 0.2046875 0.015625 0.009375
6 0.60546875 0.1703125 0.0203125 0.009375
6 0.64453125 0.11328125 0.0203125 0.0078125
6 0.5421875 0.134375 0.01875 0.0125
6 0.50703125 0.1234375 0.0203125 0.009375
6 0.909375 0.1953125 0.015625 0.00625
6 0.7234375 0.20078125 0.021875 0.0078125
6 0.40625 0.13046875 0.015625 0.0078125
6 0.72578125 0.21015625 0.0171875 0.0109375
6 0.72578125 0.22265625 0.0203125 0.0078125
6 0.725 0.2375 0.01875 0.00625
6 0.72421875 0.24375 0.0203125 0.00625
6 0.7265625 0.25703125 0.01875 0.0109375
6 0.7265625 0.265625 0.01875 0.009375
6 0.728125 0.2765625 0.015625 0.00625
6 0.73046875 0.28671875 0.0171875 0.0078125
6 0.76875 0.184375 0.015625 0.009375
6 0.73671875 0.32421875 0.0203125 0.0171875
6 0.77421875 0.33203125 0.0171875 0.0078125
6 0.7734375 0.3421875 0.01875 0.0125
6 0.809375 0.33515625 0.021875 0.0078125
6 0.79453125 0.34296875 0.0171875 0.0078125
6 0.8140625 0.346875 0.015625 0.009375
6 0.83515625 0.34765625 0.0171875 0.0078125
6 0.89140625 0.32890625 0.0171875 0.0109375
6 0.9390625 0.34375 0.01875 0.009375
6 0.98828125 0.340625 0.0203125 0.009375
6 0.7140625 0.165625 0.021875 0.009375
6 0.75703125 0.1390625 0.0203125 0.009375
6 0.72421875 0.10234375 0.0171875 0.0109375
6 0.7953125 0.1 0.021875 0.009375
6 0.83203125 0.14921875 0.0171875 0.0109375
6 0.871875 0.15859375 0.021875 0.0109375
6 0.909375 0.16015625 0.021875 0.0109375
6 0.7671875 0.20390625 0.015625 0.0078125
6 0.76796875 0.21328125 0.0171875 0.0109375
6 0.76796875 0.2328125 0.0171875 0.009375
6 0.82890625 0.2421875 0.0171875 0.00625
6 0.834375 0.26015625 0.015625 0.0078125
6 0.834375 0.26953125 0.015625 0.0078125
6 0.834375 0.28046875 0.015625 0.0078125
6 0.81875 0.296875 0.009375 0.015625
6 0.83359375 0.28984375 0.0171875 0.0078125
6 0.85390625 0.296875 0.0171875 0.009375
6 0.8515625 0.278125 0.01875 0.009375
6 0.85390625 0.27109375 0.0171875 0.0078125
6 0.8515625 0.2578125 0.015625 0.00625
6 0.85 0.24921875 0.015625 0.0078125
6 0.84765625 0.240625 0.0171875 0.009375
6 0.846875 0.23125 0.015625 0.009375
6 0.85 0.21171875 0.01875 0.0078125
6 0.846875 0.19765625 0.015625 0.0078125
6 0.84765625 0.1859375 0.0171875 0.009375
6 0.8875 0.17890625 0.015625 0.0078125
6 0.88984375 0.1890625 0.0140625 0.009375
6 0.90703125 0.1765625 0.0140625 0.009375
6 0.9078125 0.1875 0.015625 0.009375
6 0.83203125 0.25 0.0140625 0.009375
6 0.82890625 0.23203125 0.0171875 0.0078125
6 0.76953125 0.24140625 0.0171875 0.0078125
6 0.83046875 0.21484375 0.0171875 0.0078125
6 0.7703125 0.25 0.01875 0.009375
6 0.7703125 0.2609375 0.01875 0.009375
6 0.77109375 0.2703125 0.0140625 0.009375
6 0.77109375 0.2796875 0.0140625 0.00625
6 0.771875 0.2921875 0.015625 0.009375
6 0.79296875 0.296875 0.0171875 0.009375
6 0.79140625 0.2890625 0.0171875 0.009375
6 0.7921875 0.2796875 0.01875 0.00625
6 0.790625 0.2703125 0.015625 0.009375
6 0.790625 0.26171875 0.015625 0.0078125
6 0.78984375 0.25 0.0171875 0.009375
6 0.7875 0.24140625 0.015625 0.0078125
6 0.78671875 0.225 0.0171875 0.009375
6 0.7875 0.215625 0.021875 0.009375
6 0.78515625 0.203125 0.0171875 0.009375
6 0.78515625 0.1921875 0.0171875 0.009375
6 0.82734375 0.18671875 0.0171875 0.0078125
6 0.82890625 0.196875 0.0203125 0.009375
6 0.82890625 0.2078125 0.0140625 0.00625
6 0.71328125 0.3234375 0.0203125 0.0125
6 0.48046875 0.4453125 0.0140625 0.025
6 0.05703125 0.2296875 0.0203125 0.0125
6 0.109375 0.215625 0.021875 0.009375
6 0.31953125 0.215625 0.0203125 0.009375
6 0.33828125 0.0671875 0.0234375 0.0125
6 0.30859375 0.14765625 0.0171875 0.0109375
6 0.23046875 0.178125 0.0171875 0.0125
6 0.09375 0.103125 0.01875 0.0125
6 0.56796875 0.6078125 0.0140625 0.021875
6 0.190625 0.58515625 0.01875 0.0140625
6 0.18984375 0.6 0.0203125 0.01875
6 0.1875 0.621875 0.015625 0.021875
6 0.0421875 0.7984375 0.0125 0.01875
6 0.025 0.79453125 0.015625 0.0265625
6 0.01171875 0.80390625 0.0140625 0.0234375
6 0.1625 0.878125 0.015625 0.03125
6 0.92421875 0.72265625 0.0171875 0.0078125
6 0.2296875 0.2765625 0.0125 0.01875
6 0.240625 0.2734375 0.015625 0.01875
6 0.2640625 0.26796875 0.01875 0.0171875
6 0.275 0.26640625 0.021875 0.0234375
6 0.29140625 0.26796875 0.0171875 0.0203125
6 0.3125 0.26640625 0.01875 0.0203125
6 0.54140625 0.2984375 0.0171875 0.025
6 0.553125 0.2984375 0.015625 0.025
6 0.17890625 0.4171875 0.0171875 0.025
6 0.21171875 0.4203125 0.0140625 0.01875
6 0.221875 0.41484375 0.0125 0.0203125
6 0.246875 0.4078125 0.015625 0.025
6 0.17734375 0.4625 0.0171875 0.025
