6 0.8890625 0.48828125 0.015625 0.0140625
6 0.9796875 0.46328125 0.01875 0.0140625
6 0.91875 0.02890625 0.025 0.0171875
6 0.81640625 0.328125 0.0171875 0.0125
6 0.88828125 0.4703125 0.0203125 0.0125
6 0.88359375 0.4765625 0.0171875 0.009375
6 0.85703125 0.4828125 0.0078125 0.0125
6 0.86484375 0.48046875 0.0078125 0.0171875
6 0.72265625 0.45703125 0.0171875 0.0078125
6 0.72734375 0.47265625 0.0171875 0.0078125
6 0.7265625 0.490625 0.01875 0.009375
6 0.75859375 0.38984375 0.0171875 0.0109375
6 0.76875 0.4390625 0.009375 0.01875
6 0.771875 0.45625 0.009375 0.015625
6 0.7859375 0.49609375 0.025 0.0109375
6 0.79609375 0.5125 0.0171875 0.009375
6 0.8359375 0.4609375 0.009375 0.01875
6 0.8375 0.478125 0.009375 0.015625
6 0.840625 0.49609375 0.0125 0.0171875
6 0.88359375 0.5 0.0140625 0.00625
6 0.9828125 0.5109375 0.009375 0.01875
6 0.89921875 0.51015625 0.0171875 0.0140625
6 0.91875 0.4875 0.015625 0.009375
6 0.84765625 0.45546875 0.0078125 0.0171875
6 0.846875 0.4703125 0.009375 0.015625
6 0.84921875 0.48671875 0.0109375 0.0171875
6 0.85625 0.46328125 0.009375 0.0234375
6 0.8078125 0.29375 0.01875 0.009375
6 0.709375 0.225 0.015625 0.009375
6 0.984375 0.04296875 0.01875 0.0140625
5 0.784375 0.103125 0.053125 0.01875
5 0.8953125 0.13125 0.06875 0.05625
6 0.75625 0.23828125 0.015625 0.0109375
5 0.85234375 0.40234375 0.0578125 0.0421875
5 0.81328125 0.26640625 0.0265625 0.0453125
6 0.65546875 0.39609375 0.0140625 0.0078125
6 0.70546875 0.0828125 0.0203125 0.01875
6 0.9359375 0.04609375 0.01875 0.0140625
6 0.70859375 0.2359375 0.0171875 0.009375
6 0.71015625 0.24453125 0.0234375 0.0109375
6 0.6859375 0.21171875 0.01875 0.0078125
6 0.9328125 0.1703125 0.01875 0.01875
6 0.64375 0.2375 0.021875 0.009375
6 0.6453125 0.2484375 0.021875 0.009375
6 0.5640625 0.2703125 0.01875 0.009375
6 0.50625 0.30234375 0.021875 0.0109375
6 0.5890625 0.296875 0.021875 0.0125
6 0.68828125 0.2890625 0.0203125 0.0125
6 0.7109375 0.28671875 0.01875 0.0109375
6 0.72265625 0.44609375 0.0203125 0.0078125
6 0.721875 0.4390625 0.015625 0.009375
6 0.7203125 0.428125 0.015625 0.00625
6 0.71640625 0.57421875 0.0203125 0.0109375
6 0.746875 0.57578125 0.021875 0.0109375
6 0.7953125 0.578125 0.025 0.0125
6 0.58046875 0.4671875 0.0171875 0.009375
6 0.58046875 0.47421875 0.0171875 0.0078125
6 0.578125 0.43828125 0.01875 0.0109375
6 0.71875 0.40859375 0.015625 0.0078125
6 0.6390625 0.41640625 0.015625 0.0078125
6 0.63671875 0.39921875 0.0140625 0.0078125
6 0.6328125 0.38828125 0.0125 0.0078125
6 0.65625 0.378125 0.015625 0.009375
6 0.6625 0.44140625 0.015625 0.0109375
6 0.66328125 0.4515625 0.0171875 0.009375
6 0.665625 0.46015625 0.01875 0.0078125
6 0.66640625 0.46953125 0.0171875 0.0078125
6 0.665625 0.4796875 0.01875 0.009375
6 0.66484375 0.4953125 0.0171875 0.009375
6 0.70078125 0.4640625 0.0171875 0.009375
6 0.70078125 0.45703125 0.0203125 0.0078125
6 0.70078125 0.4375 0.0171875 0.009375
6 0.6984375 0.421875 0.01875 0.009375
6 0.6984375 0.40390625 0.01875 0.0078125
6 0.69609375 0.3953125 0.0171875 0.009375
6 0.69453125 0.3859375 0.0203125 0.009375
6 0.69375 0.3765625 0.015625 0.009375
6 0.7171875 0.38359375 0.01875 0.0078125
6 0.71796875 0.4015625 0.0171875 0.009375
6 0.6375 0.4078125 0.01875 0.009375
6 0.63984375 0.425 0.0171875 0.009375
6 0.57578125 0.4203125 0.0171875 0.009375
6 0.63984375 0.434375 0.0171875 0.0125
6 0.57578125 0.41171875 0.0140625 0.0078125
6 0.57734375 0.403125 0.0171875 0.009375
6 0.575 0.3921875 0.015625 0.009375
6 0.590625 0.3125 0.015625 0.009375
6 0.59375 0.38984375 0.01875 0.0109375
6 0.59609375 0.4 0.0140625 0.00625
6 0.5953125 0.4109375 0.01875 0.009375
6 0.59765625 0.42890625 0.0171875 0.0078125
6 0.5984375 0.43828125 0.01875 0.0109375
6 0.59921875 0.44765625 0.0171875 0.0078125
6 0.596875 0.45546875 0.01875 0.0078125
6 0.59921875 0.46328125 0.0171875 0.0078125
6 0.60078125 0.47265625 0.0203125 0.0078125
6 0.6015625 0.48203125 0.01875 0.0078125
6 0.64453125 0.48671875 0.0171875 0.0078125
6 0.64375 0.478125 0.015625 0.00625
6 0.64375 0.4703125 0.015625 0.009375
6 0.64453125 0.45859375 0.0140625 0.0109375
6 0.63984375 0.44296875 0.0203125 0.0109375
6 0.98515625 0.021875 0.0203125 0.01875
6 0.8875 0.03125 0.025 0.021875
6 0.859375 0.0359375 0.025 0.021875
6 0.0703125 0.07421875 0.0125 0.0171875
6 0.01484375 0.77265625 0.0171875 0.0078125
6 0.0140625 0.76328125 0.01875 0.0078125
6 0.015625 0.78203125 0.01875 0.0078125
6 0.0140625 0.790625 0.01875 0.009375
6 0.09375 0.79921875 0.0125 0.0140625
6 0.10234375 0.7921875 0.0171875 0.01875
6 0.109375 0.7890625 0.015625 0.015625
6 0.11875 0.78359375 0.015625 0.0203125
6 0.12578125 0.77890625 0.0140625 0.0171875
6 0.13515625 0.7734375 0.0171875 0.01875
6 0.15390625 0.76640625 0.0171875 0.0203125
6 0.16171875 0.759375 0.0171875 0.025
6 0.01328125 0.87421875 0.0171875 0.0078125
6 0.015625 0.88359375 0.015625 0.0078125
6 0.015625 0.984375 0.009375 0.01875
6 0.025 0.98359375 0.009375 0.0203125
6 0.02734375 0.2828125 0.0203125 0.015625
5 0.15859375 0.25703125 0.0578125 0.0265625
5 0.415625 0.1609375 0.046875 0.028125
6 0.4078125 0.18671875 0.01875 0.0140625
6 0.465625 0.17890625 0.021875 0.0140625
6 0.3703125 0.26640625 0.01875 0.0203125
6 0.4453125 0.2453125 0.01875 0.009375
6 0.44375 0.28984375 0.01875 0.0109375
6 0.36328125 0.29609375 0.0078125 0.0171875
6 0.0546875 0.16875 0.0125 0.021875
6 0.08203125 0.18984375 0.0171875 0.0140625
6 0.40703125 0.28359375 0.0203125 0.0078125
6 0.3703125 0.33046875 0.01875 0.0109375
6 0.534375 0.39921875 0.01875 0.0109375
6 0.45234375 0.3921875 0.0171875 0.009375
6 0.39296875 0.40546875 0.0203125 0.0296875
6 0.26171875 0.425 0.0203125 0.01875
6 0.11328125 0.484375 0.0203125 0.009375
6 0.1015625 0.55 0.015625 0.00625
6 0.15859375 0.58984375 0.0109375 0.0171875
6 0.06640625 0.59140625 0.0234375 0.0109375
6 0.0453125 0.58828125 0.01875 0.0109375
6 0.0140625 0.5796875 0.009375 0.01875
6 0.45390625 0.40234375 0.0140625 0.0109375
6 0.5359375 0.41640625 0.01875 0.0078125
6 0.459375 0.3234375 0.01875 0.009375
6 0.5359375 0.42421875 0.015625 0.0109375
6 0.04921875 0.409375 0.0171875 0.0125
6 0.13984375 0.39921875 0.0203125 0.0078125
6 0.27265625 0.3875 0.0171875 0.009375
6 0.44609375 0.3078125 0.0140625 0.009375
6 0.49765625 0.31796875 0.0171875 0.0109375
6 0.53828125 0.3203125 0.0140625 0.009375
6 0.534375 0.33671875 0.01875 0.0078125
6 0.415625 0.40546875 0.015625 0.0078125
6 0.415625 0.4140625 0.015625 0.009375
6 0.3953125 0.425 0.01875 0.009375
6 0.39296875 0.43671875 0.0203125 0.0109375
6 0.4171875 0.42421875 0.01875 0.0078125
6 0.41796875 0.4328125 0.0203125 0.00625
6 0.41953125 0.44140625 0.0171875 0.0078125
6 0.41796875 0.45 0.0171875 0.009375
6 0.41953125 0.46015625 0.0171875 0.0109375
6 0.51875 0.4609375 0.01875 0.009375
6 0.53984375 0.43984375 0.0171875 0.0078125
