4 0.18515625 0.19453125 0.3203125 0.3328125
6 0.0109375 0.4859375 0.009375 0.021875
6 0.021875 0.48046875 0.00625 0.0203125
6 0.0109375 0.45703125 0.009375 0.0203125
6 0.11015625 0.40703125 0.0109375 0.0203125
6 0.02890625 0.44375 0.0171875 0.0125
6 0.21171875 0.93671875 0.0171875 0.0078125
6 0.15625 0.94375 0.01875 0.009375
6 0.32421875 0.928125 0.0171875 0.009375
6 0.03203125 0.42890625 0.0203125 0.0078125
6 0.10859375 0.37890625 0.0109375 0.0203125
6 0.12265625 0.35703125 0.0078125 0.0171875
6 0.1078125 0.02109375 0.01875 0.0234375
6 0.1296875 0.01328125 0.01875 0.0109375
6 0.02734375 0.08203125 0.0171875 0.0203125
6 0.14765625 0.35703125 0.0109375 0.0234375
6 0.146875 0.38359375 0.0125 0.0203125
6 0.12421875 0.3859375 0.0109375 0.021875
