6 0.11875 0.74921875 0.021875 0.0109375
6 0.259375 0.76875 0.021875 0.01875
6 0.44375 0.73203125 0.021875 0.0078125
6 0.528125 0.7 0.01875 0.01875
6 0.7828125 0.6046875 0.01875 0.009375
6 0.25234375 0.71015625 0.0171875 0.0171875
6 0.178125 0.5890625 0.009375 0.01875
5 0.309375 0.37890625 0.046875 0.0234375
6 0.79921875 0.3890625 0.0109375 0.01875
6 0.20234375 0.98359375 0.0109375 0.0140625
6 0.2984375 0.84609375 0.009375 0.0203125
6 0.41875 0.771875 0.021875 0.015625
6 0.0359375 0.32265625 0.021875 0.0140625
6 0.0109375 0.5171875 0.01875 0.0125
6 0.046875 0.54921875 0.021875 0.0140625
6 0.02578125 0.5453125 0.0171875 0.0125
6 0.56953125 0.7546875 0.0234375 0.0125
6 0.9828125 0.7796875 0.01875 0.009375
6 0.91640625 0.62265625 0.0171875 0.0109375
6 0.94375 0.71640625 0.025 0.0109375
6 0.86015625 0.7375 0.0203125 0.0125
6 0.88046875 0.77578125 0.0171875 0.0078125
6 0.6453125 0.75 0.01875 0.009375
6 0.05078125 0.98828125 0.0140625 0.0203125
