6 0.21875 0.496875 0.021875 0.015625
6 0.13828125 0.240625 0.0171875 0.00625
6 0.13671875 0.25703125 0.0140625 0.0078125
6 0.14140625 0.265625 0.0140625 0.00625
6 0.14921875 0.2859375 0.0203125 0.015625
6 0.1484375 0.29921875 0.015625 0.0078125
6 0.625 0.3109375 0.015625 0.0125
6 0.465625 0.3859375 0.01875 0.01875
6 0.45703125 0.35625 0.0171875 0.015625
6 0.41484375 0.3859375 0.0171875 0.009375
6 0.66015625 0.3 0.0203125 0.015625
6 0.69921875 0.303125 0.0171875 0.0125
6 0.7125 0.28828125 0.01875 0.0109375
6 0.8125 0.28125 0.01875 0.009375
6 0.91015625 0.28515625 0.0234375 0.0109375
6 0.94921875 0.2890625 0.0234375 0.0125
6 0.971875 0.31875 0.021875 0.0125
6 0.14921875 0.275 0.0171875 0.009375
6 0.1375 0.22734375 0.01875 0.0109375
6 0.1296875 0.115625 0.021875 0.0125
6 0.14453125 0.190625 0.0234375 0.0125
6 0.225 0.275 0.01875 0.01875
6 0.63984375 0.33203125 0.0203125 0.0140625
6 0.16796875 0.53515625 0.0171875 0.0109375
6 0.61953125 0.5890625 0.0171875 0.00625
6 0.540625 0.603125 0.01875 0.009375
6 0.5421875 0.621875 0.015625 0.009375
6 0.58984375 0.66171875 0.0140625 0.0109375
6 0.6015625 0.64375 0.015625 0.009375
6 0.60546875 0.62734375 0.0140625 0.0078125
6 0.60234375 0.61953125 0.0140625 0.0078125
6 0.6015625 0.60859375 0.015625 0.0109375
6 0.59921875 0.59921875 0.0171875 0.0109375
6 0.6203125 0.57734375 0.015625 0.0078125
6 0.61875 0.5984375 0.01875 0.009375
6 0.26484375 0.5734375 0.0171875 0.009375
6 0.62109375 0.6078125 0.0171875 0.009375
6 0.6203125 0.615625 0.0125 0.00625
6 0.6234375 0.64296875 0.015625 0.0078125
6 0.6234375 0.65234375 0.015625 0.0078125
6 0.62421875 0.6609375 0.0140625 0.00625
6 0.6265625 0.66953125 0.015625 0.0078125
6 0.66640625 0.6765625 0.0171875 0.009375
6 0.66640625 0.665625 0.0171875 0.009375
6 0.665625 0.6578125 0.015625 0.00625
6 0.56171875 0.646875 0.0171875 0.009375
6 0.56171875 0.6390625 0.0203125 0.009375
6 0.5625 0.621875 0.015625 0.009375
6 0.56328125 0.61328125 0.0203125 0.0078125
6 0.4796875 0.628125 0.015625 0.009375
6 0.47890625 0.61875 0.0171875 0.009375
6 0.4796875 0.609375 0.015625 0.009375
6 0.47890625 0.60078125 0.0171875 0.0078125
6 0.47890625 0.5921875 0.0171875 0.009375
6 0.478125 0.58203125 0.015625 0.0078125
6 0.5 0.584375 0.015625 0.009375
6 0.5 0.59375 0.01875 0.009375
6 0.50078125 0.6015625 0.0203125 0.00625
6 0.5 0.61015625 0.01875 0.0078125
6 0.5 0.61796875 0.015625 0.0078125
6 0.49921875 0.62578125 0.0140625 0.0078125
6 0.53671875 0.57421875 0.0171875 0.0078125
6 0.55625 0.57421875 0.015625 0.0078125
6 0.5578125 0.58203125 0.015625 0.0109375
6 0.53671875 0.584375 0.0171875 0.009375
6 0.53828125 0.59375 0.0171875 0.009375
6 0.55859375 0.59296875 0.0171875 0.0078125
6 0.5625 0.603125 0.015625 0.009375
6 0.66484375 0.6484375 0.0140625 0.009375
6 0.66328125 0.61328125 0.0171875 0.0140625
6 0.6609375 0.584375 0.015625 0.009375
6 0.7421875 0.6421875 0.009375 0.015625
6 0.75234375 0.6546875 0.0078125 0.0125
6 0.75078125 0.6390625 0.0078125 0.015625
6 0.74921875 0.62109375 0.0078125 0.0140625
6 0.74765625 0.60546875 0.0078125 0.0171875
6 0.746875 0.58828125 0.00625 0.0140625
6 0.7453125 0.56953125 0.009375 0.0171875
6 0.74375 0.65859375 0.009375 0.0140625
6 0.74140625 0.6234375 0.0078125 0.015625
6 0.6625 0.57421875 0.01875 0.0078125
6 0.740625 0.60625 0.00625 0.015625
6 0.68359375 0.5625 0.0203125 0.009375
6 0.659375 0.56328125 0.015625 0.0078125
6 0.68125 0.571875 0.01875 0.009375
6 0.68046875 0.59140625 0.0203125 0.0109375
6 0.684375 0.603125 0.015625 0.009375
6 0.6828125 0.61171875 0.015625 0.0078125
6 0.69296875 0.6203125 0.0171875 0.009375
6 0.6875 0.64609375 0.01875 0.0109375
6 0.6890625 0.66484375 0.021875 0.0109375
6 0.72109375 0.56015625 0.0203125 0.0109375
6 0.72109375 0.571875 0.0171875 0.009375
6 0.721875 0.58046875 0.01875 0.0109375
6 0.72421875 0.60078125 0.0171875 0.0109375
6 0.72578125 0.61484375 0.0203125 0.0109375
6 0.72578125 0.628125 0.0171875 0.009375
6 0.72734375 0.6359375 0.0171875 0.009375
6 0.728125 0.64609375 0.01875 0.0109375
6 0.73671875 0.5625 0.0078125 0.015625
6 0.7375 0.5875 0.00625 0.015625
6 0.43515625 0.59375 0.0171875 0.009375
6 0.43671875 0.58359375 0.0171875 0.0078125
5 0.96328125 0.57265625 0.0171875 0.0515625
6 0.55078125 0.46484375 0.0171875 0.0078125
6 0.671875 0.44453125 0.015625 0.0078125
6 0.671875 0.4546875 0.015625 0.009375
6 0.65078125 0.446875 0.0171875 0.009375
6 0.72734375 0.37109375 0.0171875 0.0078125
6 0.728125 0.3796875 0.015625 0.00625
6 0.71171875 0.38203125 0.0171875 0.0109375
6 0.7078125 0.38984375 0.015625 0.0109375
6 0.7296875 0.3984375 0.015625 0.009375
6 0.70703125 0.40859375 0.0171875 0.0078125
6 0.73125 0.42421875 0.015625 0.0078125
6 0.73203125 0.43359375 0.0171875 0.0109375
6 0.74921875 0.43984375 0.0140625 0.0265625
6 0.71171875 0.425 0.0171875 0.009375
6 0.77265625 0.4484375 0.0171875 0.009375
6 0.79296875 0.446875 0.0171875 0.00625
6 0.7921875 0.43671875 0.015625 0.0078125
6 0.76796875 0.4203125 0.0171875 0.0125
6 0.78671875 0.41796875 0.0140625 0.0078125
6 0.784375 0.4046875 0.009375 0.01875
6 0.67421875 0.4734375 0.0171875 0.0125
6 0.5515625 0.45625 0.015625 0.00625
6 0.76640625 0.38671875 0.0171875 0.0078125
6 0.53125 0.45703125 0.01875 0.0109375
6 0.396875 0.55546875 0.01875 0.0109375
6 0.49140625 0.51171875 0.0203125 0.0109375
6 0.30859375 0.49375 0.0265625 0.01875
6 0.49375 0.44140625 0.01875 0.0140625
6 0.54375 0.428125 0.01875 0.0125
6 0.52578125 0.42578125 0.0203125 0.0109375
6 0.54140625 0.4203125 0.0171875 0.015625
6 0.60703125 0.40625 0.0140625 0.009375
6 0.64609375 0.3859375 0.0140625 0.0125
6 0.6671875 0.39296875 0.0125 0.0078125
6 0.66875 0.4015625 0.01875 0.009375
6 0.671875 0.4109375 0.01875 0.009375
6 0.6484375 0.4125 0.021875 0.009375
6 0.64921875 0.403125 0.0140625 0.009375
6 0.5890625 0.4265625 0.015625 0.009375
6 0.58984375 0.434375 0.0140625 0.00625
6 0.5890625 0.44453125 0.015625 0.0078125
6 0.5921875 0.4515625 0.015625 0.009375
6 0.6109375 0.459375 0.015625 0.009375
6 0.79453125 0.4015625 0.0078125 0.021875
6 0.765625 0.36953125 0.01875 0.0078125
5 0.89375 0.71171875 0.053125 0.0234375
6 0.78984375 0.67109375 0.0171875 0.0078125
6 0.77109375 0.58984375 0.0078125 0.0203125
6 0.7734375 0.60625 0.009375 0.015625
6 0.75625 0.584375 0.0125 0.021875
6 0.75703125 0.60390625 0.0078125 0.0171875
6 0.76015625 0.621875 0.0078125 0.015625
6 0.76171875 0.6390625 0.0078125 0.01875
6 0.7625 0.659375 0.00625 0.01875
6 0.23046875 0.6203125 0.0234375 0.0125
6 0.30234375 0.6328125 0.0203125 0.0125
6 0.3046875 0.65625 0.0125 0.015625
6 0.34140625 0.6640625 0.0109375 0.015625
6 0.4203125 0.66875 0.01875 0.015625
6 0.56171875 0.7015625 0.0171875 0.0125
6 0.6703125 0.74140625 0.01875 0.0078125
6 0.70859375 0.72265625 0.0171875 0.0109375
6 0.771875 0.74453125 0.01875 0.0078125
6 0.7703125 0.753125 0.015625 0.009375
6 0.5453125 0.7390625 0.021875 0.0125
6 0.7890625 0.6796875 0.015625 0.00625
6 0.78828125 0.65859375 0.0203125 0.0140625
6 0.78046875 0.3703125 0.0078125 0.01875
6 0.790625 0.64765625 0.01875 0.0078125
6 0.81796875 0.36796875 0.0109375 0.0203125
6 0.76875 0.403125 0.01875 0.009375
6 0.83671875 0.4359375 0.0171875 0.009375
6 0.8359375 0.4265625 0.01875 0.009375
6 0.8265625 0.3875 0.009375 0.01875
6 0.82890625 0.40546875 0.0078125 0.0171875
6 0.9046875 0.44765625 0.021875 0.0109375
6 0.8203125 0.48671875 0.021875 0.0078125
6 0.95859375 0.471875 0.0203125 0.0125
6 0.9109375 0.54765625 0.021875 0.0140625
6 0.9125 0.56875 0.015625 0.009375
6 0.92109375 0.61796875 0.0203125 0.0109375
6 0.91953125 0.6265625 0.0203125 0.0125
6 0.97734375 0.69140625 0.0203125 0.0109375
6 0.84609375 0.5796875 0.0171875 0.009375
6 0.84765625 0.6078125 0.0203125 0.0125
6 0.78828125 0.62109375 0.0171875 0.0078125
6 0.7890625 0.63046875 0.021875 0.0109375
6 0.78984375 0.63984375 0.0203125 0.0078125
6 0.02109375 0.51953125 0.0203125 0.0109375
6 0.01640625 0.5828125 0.0171875 0.009375
