6 0.25 0.2609375 0.009375 0.015625
6 0.27265625 0.3125 0.0109375 0.01875
6 0.265625 0.34296875 0.0125 0.0203125
6 0.19609375 0.33984375 0.0109375 0.0203125
6 0.26796875 0.4140625 0.0171875 0.021875
6 0.2953125 0.4625 0.01875 0.021875
6 0.3296875 0.465625 0.01875 0.021875
6 0.38203125 0.4640625 0.0171875 0.01875
6 0.759375 0.3125 0.01875 0.025
6 0.80546875 0.303125 0.0171875 0.015625
6 0.94296875 0.37109375 0.0140625 0.0171875
6 0.93125 0.371875 0.015625 0.01875
6 0.921875 0.37734375 0.015625 0.0203125
6 0.91484375 0.38125 0.0140625 0.01875
6 0.9046875 0.38515625 0.0125 0.0171875
6 0.8953125 0.3890625 0.0125 0.01875
6 0.8796875 0.39453125 0.0125 0.0203125
6 0.184375 0.28046875 0.009375 0.0203125
6 0.2234375 0.24296875 0.0125 0.0234375
6 0.4234375 0.04609375 0.015625 0.0109375
6 0.253125 0.18984375 0.009375 0.0171875
6 0.42109375 0.03515625 0.0171875 0.0109375
6 0.428125 0.07578125 0.01875 0.0328125
6 0.4203125 0.0203125 0.01875 0.0125
6 0.41796875 0.00859375 0.0203125 0.0140625
6 0.22578125 0.0140625 0.0078125 0.01875
6 0.23046875 0.0828125 0.0109375 0.021875
6 0.2484375 0.1203125 0.009375 0.01875
5 0.30859375 0.0578125 0.0234375 0.053125
6 0.203125 0.175 0.009375 0.021875
6 0.90625 0.63046875 0.015625 0.0078125
6 0.98046875 0.9453125 0.0140625 0.025
6 0.3328125 0.6984375 0.01875 0.01875
6 0.35703125 0.728125 0.0171875 0.01875
6 0.24140625 0.703125 0.0171875 0.015625
6 0.25390625 0.715625 0.0234375 0.021875
6 0.2703125 0.740625 0.01875 0.01875
6 0.290625 0.7734375 0.01875 0.01875
6 0.55703125 0.7296875 0.0203125 0.0125
6 0.609375 0.715625 0.021875 0.009375
6 0.81953125 0.715625 0.0203125 0.009375
6 0.25390625 0.79375 0.0203125 0.021875
6 0.27109375 0.80703125 0.0234375 0.0203125
6 0.26015625 0.82265625 0.0203125 0.0109375
6 0.2015625 0.81015625 0.015625 0.0171875
6 0.209375 0.80078125 0.021875 0.0234375
6 0.23359375 0.75390625 0.0171875 0.0140625
6 0.23984375 0.765625 0.0203125 0.015625
6 0.21015625 0.725 0.0203125 0.015625
6 0.3171875 0.8125 0.015625 0.015625
6 0.32890625 0.825 0.0171875 0.015625
6 0.35546875 0.865625 0.0171875 0.015625
6 0.34609375 0.7140625 0.0171875 0.015625
6 0.31484375 0.675 0.0140625 0.015625
6 0.3734375 0.890625 0.01875 0.015625
6 0.2046875 0.64765625 0.01875 0.0203125
6 0.83828125 0.5671875 0.0234375 0.0125
6 0.80859375 0.64765625 0.0171875 0.0109375
6 0.73046875 0.678125 0.0171875 0.0125
6 0.4859375 0.6828125 0.01875 0.0125
6 0.503125 0.6390625 0.021875 0.015625
6 0.44296875 0.6265625 0.0234375 0.01875
6 0.41484375 0.6078125 0.0203125 0.01875
6 0.47109375 0.59609375 0.0203125 0.0171875
6 0.49609375 0.59453125 0.0203125 0.0140625
6 0.59375 0.603125 0.01875 0.0125
6 0.48828125 0.5578125 0.0203125 0.015625
6 0.4484375 0.56328125 0.015625 0.0140625
6 0.40390625 0.53046875 0.0234375 0.0234375
6 0.32734375 0.50703125 0.0203125 0.0234375
6 0.33125 0.53359375 0.021875 0.0234375
6 0.34375 0.5875 0.021875 0.01875
6 0.17109375 0.59609375 0.0140625 0.0140625
6 0.1890625 0.6265625 0.01875 0.01875
6 0.19609375 0.640625 0.0203125 0.01875
6 0.36484375 0.8828125 0.0171875 0.015625
6 0.4171875 0.87421875 0.01875 0.0171875
6 0.4234375 0.88125 0.01875 0.015625
6 0.4328125 0.8953125 0.01875 0.0125
6 0.44140625 0.909375 0.0171875 0.009375
6 0.48515625 0.8765625 0.0203125 0.025
6 0.7296875 0.7765625 0.0125 0.01875
6 0.740625 0.7734375 0.015625 0.01875
6 0.7640625 0.76796875 0.01875 0.0171875
6 0.775 0.76640625 0.021875 0.0234375
6 0.79140625 0.76796875 0.0171875 0.0203125
6 0.8125 0.76640625 0.01875 0.0203125
6 0.67890625 0.9171875 0.0171875 0.025
6 0.71171875 0.9203125 0.0140625 0.01875
6 0.721875 0.91484375 0.0125 0.0203125
6 0.746875 0.9078125 0.015625 0.025
6 0.67734375 0.9625 0.0171875 0.025
6 0.3515625 0.98828125 0.01875 0.0109375
6 0.37265625 0.990625 0.0203125 0.015625
