6 0.11953125 0.0890625 0.0171875 0.00625
6 0.040625 0.103125 0.01875 0.009375
6 0.0421875 0.121875 0.015625 0.009375
6 0.08984375 0.16171875 0.0140625 0.0109375
6 0.1015625 0.14375 0.015625 0.009375
6 0.10546875 0.12734375 0.0140625 0.0078125
6 0.10234375 0.11953125 0.0140625 0.0078125
6 0.1015625 0.10859375 0.015625 0.0109375
6 0.09921875 0.09921875 0.0171875 0.0109375
6 0.1203125 0.07734375 0.015625 0.0078125
6 0.11875 0.0984375 0.01875 0.009375
6 0.12109375 0.1078125 0.0171875 0.009375
6 0.1203125 0.115625 0.0125 0.00625
6 0.1234375 0.14296875 0.015625 0.0078125
6 0.1234375 0.15234375 0.015625 0.0078125
6 0.12421875 0.1609375 0.0140625 0.00625
6 0.1265625 0.16953125 0.015625 0.0078125
6 0.16640625 0.1765625 0.0171875 0.009375
6 0.16640625 0.165625 0.0171875 0.009375
6 0.165625 0.1578125 0.015625 0.00625
6 0.06171875 0.146875 0.0171875 0.009375
6 0.06171875 0.1390625 0.0203125 0.009375
6 0.0625 0.121875 0.015625 0.009375
6 0.06328125 0.11328125 0.0203125 0.0078125
6 0.03671875 0.07421875 0.0171875 0.0078125
6 0.05625 0.07421875 0.015625 0.0078125
6 0.0578125 0.08203125 0.015625 0.0109375
6 0.03671875 0.084375 0.0171875 0.009375
6 0.03828125 0.09375 0.0171875 0.009375
6 0.05859375 0.09296875 0.0171875 0.0078125
6 0.0625 0.103125 0.015625 0.009375
6 0.16484375 0.1484375 0.0140625 0.009375
6 0.16328125 0.11328125 0.0171875 0.0140625
6 0.1609375 0.084375 0.015625 0.009375
6 0.2421875 0.1421875 0.009375 0.015625
6 0.25234375 0.1546875 0.0078125 0.0125
6 0.25078125 0.1390625 0.0078125 0.015625
6 0.24921875 0.12109375 0.0078125 0.0140625
6 0.24765625 0.10546875 0.0078125 0.0171875
6 0.246875 0.08828125 0.00625 0.0140625
6 0.2453125 0.06953125 0.009375 0.0171875
6 0.24375 0.15859375 0.009375 0.0140625
6 0.24140625 0.1234375 0.0078125 0.015625
6 0.1625 0.07421875 0.01875 0.0078125
6 0.240625 0.10625 0.00625 0.015625
6 0.18359375 0.0625 0.0203125 0.009375
6 0.159375 0.06328125 0.015625 0.0078125
6 0.18125 0.071875 0.01875 0.009375
6 0.18046875 0.09140625 0.0203125 0.0109375
6 0.184375 0.103125 0.015625 0.009375
6 0.1828125 0.11171875 0.015625 0.0078125
6 0.19296875 0.1203125 0.0171875 0.009375
6 0.1875 0.14609375 0.01875 0.0109375
6 0.1890625 0.16484375 0.021875 0.0109375
6 0.22109375 0.06015625 0.0203125 0.0109375
6 0.22109375 0.071875 0.0171875 0.009375
6 0.221875 0.08046875 0.01875 0.0109375
6 0.22421875 0.10078125 0.0171875 0.0109375
6 0.22578125 0.11484375 0.0203125 0.0109375
6 0.22578125 0.128125 0.0171875 0.009375
6 0.22734375 0.1359375 0.0171875 0.009375
6 0.228125 0.14609375 0.01875 0.0109375
6 0.23671875 0.0625 0.0078125 0.015625
6 0.2375 0.0875 0.00625 0.015625
5 0.46328125 0.07265625 0.0171875 0.0515625
5 0.39375 0.21171875 0.053125 0.0234375
6 0.28984375 0.17109375 0.0171875 0.0078125
6 0.27109375 0.08984375 0.0078125 0.0203125
6 0.2734375 0.10625 0.009375 0.015625
6 0.25625 0.084375 0.0125 0.021875
6 0.25703125 0.10390625 0.0078125 0.0171875
6 0.26015625 0.121875 0.0078125 0.015625
6 0.26171875 0.1390625 0.0078125 0.01875
6 0.2625 0.159375 0.00625 0.01875
6 0.06171875 0.2015625 0.0171875 0.0125
6 0.1703125 0.24140625 0.01875 0.0078125
6 0.20859375 0.22265625 0.0171875 0.0109375
6 0.271875 0.24453125 0.01875 0.0078125
6 0.2703125 0.253125 0.015625 0.009375
6 0.0453125 0.2390625 0.021875 0.0125
6 0.51328125 0.20625 0.0234375 0.015625
6 0.2890625 0.1796875 0.015625 0.00625
6 0.28828125 0.15859375 0.0203125 0.0140625
6 0.290625 0.14765625 0.01875 0.0078125
6 0.4109375 0.04765625 0.021875 0.0140625
6 0.4125 0.06875 0.015625 0.009375
6 0.42109375 0.11796875 0.0203125 0.0109375
6 0.41953125 0.1265625 0.0203125 0.0125
6 0.47734375 0.19140625 0.0203125 0.0109375
6 0.34609375 0.0796875 0.0171875 0.009375
6 0.34765625 0.1078125 0.0203125 0.0125
6 0.28828125 0.12109375 0.0171875 0.0078125
6 0.2890625 0.13046875 0.021875 0.0109375
6 0.28984375 0.13984375 0.0203125 0.0078125
6 0.94375 0.0078125 0.015625 0.009375
5 0.9359375 0.315625 0.021875 0.025
6 0.9546875 0.14921875 0.0125 0.0203125
6 0.98203125 0.1359375 0.0140625 0.01875
5 0.93828125 0.34765625 0.0234375 0.0234375
5 0.934375 0.284375 0.021875 0.021875
5 0.8984375 0.35078125 0.021875 0.0234375
6 0.7984375 0.4421875 0.015625 0.021875
6 0.7796875 0.44609375 0.015625 0.0171875
5 0.8546875 0.290625 0.021875 0.025
5 0.85625 0.321875 0.021875 0.021875
5 0.8953125 0.28828125 0.021875 0.0203125
5 0.89609375 0.31953125 0.0203125 0.0234375
6 0.8265625 0.00390625 0.015625 0.0078125
6 0.71796875 0.053125 0.0109375 0.015625
6 0.7234375 0.0359375 0.0125 0.01875
6 0.70703125 0.07265625 0.0171875 0.0171875
6 0.9703125 0.06015625 0.015625 0.0109375
6 0.95234375 0.06640625 0.0140625 0.0109375
6 0.93359375 0.07109375 0.0203125 0.0140625
6 0.9140625 0.07265625 0.015625 0.0078125
6 0.896875 0.0765625 0.01875 0.0125
6 0.875 0.08203125 0.01875 0.0078125
6 0.74765625 0.0921875 0.0203125 0.0125
6 0.79609375 0.075 0.0203125 0.015625
6 0.69296875 0.09296875 0.0140625 0.0140625
6 0.65 0.0609375 0.01875 0.0125
6 0.65 0.046875 0.01875 0.009375
