6 0.19921875 0.20390625 0.0171875 0.0078125
6 0.1984375 0.2125 0.015625 0.009375
6 0.196875 0.2234375 0.015625 0.009375
6 0.19765625 0.23125 0.0171875 0.009375
6 0.19765625 0.24140625 0.0140625 0.0078125
6 0.19765625 0.25078125 0.0140625 0.0078125
6 0.21328125 0.16171875 0.0171875 0.0078125
6 0.21328125 0.171875 0.0171875 0.009375
6 0.21328125 0.184375 0.0171875 0.009375
6 0.2171875 0.203125 0.015625 0.009375
6 0.21640625 0.21171875 0.0171875 0.0078125
6 0.2140625 0.22109375 0.01875 0.0078125
6 0.215625 0.23125 0.015625 0.009375
6 0.215625 0.23984375 0.015625 0.0078125
6 0.25390625 0.16171875 0.0171875 0.0109375
6 0.25234375 0.17109375 0.0171875 0.0078125
6 0.253125 0.18203125 0.015625 0.0109375
6 0.25546875 0.19765625 0.0203125 0.0109375
6 0.2546875 0.2171875 0.015625 0.009375
6 0.19609375 0.18828125 0.0171875 0.0078125
6 0.1921875 0.175 0.01875 0.009375
6 0.19453125 0.16484375 0.0171875 0.0078125
6 0.0125 0.184375 0.015625 0.009375
6 0.03125 0.184375 0.015625 0.009375
6 0.03125 0.2015625 0.0125 0.009375
6 0.01328125 0.240625 0.0171875 0.009375
6 0.01015625 0.20390625 0.0171875 0.0109375
6 0.01484375 0.25078125 0.0203125 0.0109375
6 0.15625 0.2625 0.015625 0.009375
6 0.0953125 0.25078125 0.015625 0.0078125
6 0.096875 0.2703125 0.015625 0.009375
6 0.1515625 0.165625 0.01875 0.009375
6 0.1515625 0.1765625 0.01875 0.009375
6 0.1328125 0.1765625 0.0125 0.00625
6 0.134375 0.1859375 0.015625 0.009375
6 0.1328125 0.19765625 0.015625 0.0078125
6 0.13203125 0.20390625 0.0171875 0.0078125
6 0.1328125 0.21640625 0.01875 0.0109375
6 0.1375 0.225 0.015625 0.009375
6 0.13671875 0.23359375 0.0171875 0.0109375
6 0.134375 0.2453125 0.015625 0.009375
6 0.13515625 0.253125 0.0140625 0.009375
6 0.1375 0.26484375 0.015625 0.0078125
6 0.15390625 0.2046875 0.0171875 0.009375
6 0.15390625 0.2140625 0.0171875 0.00625
6 0.15390625 0.22265625 0.0171875 0.0078125
6 0.15546875 0.234375 0.0203125 0.009375
6 0.15625 0.24453125 0.01875 0.0078125
6 0.15625 0.25234375 0.021875 0.0078125
6 0.096875 0.2609375 0.015625 0.009375
6 0.09609375 0.2421875 0.0171875 0.00625
6 0.01640625 0.26015625 0.0140625 0.0109375
6 0.0953125 0.23359375 0.01875 0.0078125
6 0.034375 0.2390625 0.015625 0.00625
6 0.03671875 0.24921875 0.0171875 0.0078125
6 0.071875 0.16875 0.01875 0.009375
6 0.07109375 0.17734375 0.0171875 0.0109375
6 0.07265625 0.1875 0.0171875 0.009375
6 0.07578125 0.21328125 0.0171875 0.0078125
6 0.07578125 0.22421875 0.0171875 0.0109375
6 0.0765625 0.23359375 0.015625 0.0078125
6 0.075 0.24296875 0.015625 0.0109375
6 0.07734375 0.253125 0.0140625 0.009375
6 0.07890625 0.2625 0.0140625 0.00625
6 0.078125 0.27109375 0.015625 0.0078125
6 0.07890625 0.2796875 0.0140625 0.009375
6 0.0921875 0.16640625 0.015625 0.0078125
6 0.09140625 0.178125 0.0171875 0.009375
6 0.09296875 0.18671875 0.0171875 0.0078125
6 0.09296875 0.1953125 0.0171875 0.0125
6 0.09453125 0.21328125 0.0171875 0.0078125
6 0.09453125 0.22421875 0.0171875 0.0109375
6 0.66796875 0.03515625 0.0171875 0.0109375
6 0.76484375 0.0734375 0.0171875 0.009375
6 0.9796875 0.128125 0.015625 0.009375
6 0.97890625 0.11875 0.0171875 0.009375
6 0.9796875 0.109375 0.015625 0.009375
6 0.97890625 0.10078125 0.0171875 0.0078125
6 0.97890625 0.0921875 0.0171875 0.009375
6 0.978125 0.08203125 0.015625 0.0078125
6 0.83125 0.58359375 0.00625 0.0171875
6 0.8484375 0.57734375 0.009375 0.0234375
6 0.8984375 0.58515625 0.009375 0.0203125
6 0.90859375 0.5859375 0.0078125 0.01875
6 0.93515625 0.09375 0.0171875 0.009375
6 0.93671875 0.08359375 0.0171875 0.0078125
6 0.896875 0.05546875 0.01875 0.0109375
6 0.73046875 0.1203125 0.0234375 0.0125
6 0.80234375 0.1328125 0.0203125 0.0125
6 0.8046875 0.15625 0.0125 0.015625
6 0.84140625 0.1640625 0.0109375 0.015625
6 0.9203125 0.16875 0.01875 0.015625
4 0.3 0.88828125 0.196875 0.2046875
4 0.54609375 0.81484375 0.3359375 0.3546875
6 0.52109375 0.01953125 0.0203125 0.0109375
6 0.3609375 0.03125 0.01875 0.009375
6 0.25625 0.10234375 0.01875 0.0109375
6 0.40703125 0.090625 0.0203125 0.009375
6 0.4546875 0.13125 0.01875 0.009375
6 0.484375 0.1 0.01875 0.009375
6 0.51640625 0.0828125 0.0171875 0.009375
6 0.228125 0.04296875 0.021875 0.0109375
6 0.12578125 0.1140625 0.0203125 0.0125
6 0.08125 0.09375 0.025 0.0125
6 0.04921875 0.0828125 0.0234375 0.0125
6 0.2109375 0.2859375 0.025 0.015625
6 0.1953125 0.3 0.01875 0.009375
6 0.52421875 0.503125 0.0234375 0.025
6 0.2625 0.70625 0.0125 0.01875
6 0.43671875 0.63515625 0.0171875 0.0140625
6 0.6 0.6546875 0.015625 0.009375
6 0.25390625 0.71484375 0.0203125 0.0234375
6 0.2390625 0.725 0.009375 0.015625
