4 0.084375 0.31171875 0.15625 0.1609375
6 0.8890625 0.98828125 0.015625 0.0140625
6 0.9796875 0.96328125 0.01875 0.0140625
6 0.91875 0.52890625 0.025 0.0171875
6 0.81640625 0.828125 0.0171875 0.0125
6 0.88828125 0.9703125 0.0203125 0.0125
6 0.88359375 0.9765625 0.0171875 0.009375
6 0.85703125 0.9828125 0.0078125 0.0125
6 0.86484375 0.98046875 0.0078125 0.0171875
6 0.72265625 0.95703125 0.0171875 0.0078125
6 0.72734375 0.97265625 0.0171875 0.0078125
6 0.7265625 0.990625 0.01875 0.009375
6 0.75859375 0.88984375 0.0171875 0.0109375
6 0.76875 0.9390625 0.009375 0.01875
6 0.771875 0.95625 0.009375 0.015625
6 0.8359375 0.9609375 0.009375 0.01875
6 0.8375 0.978125 0.009375 0.015625
6 0.91875 0.9875 0.015625 0.009375
6 0.84765625 0.95546875 0.0078125 0.0171875
6 0.846875 0.9703125 0.009375 0.015625
6 0.84921875 0.98671875 0.0109375 0.0171875
6 0.85625 0.96328125 0.009375 0.0234375
6 0.8078125 0.79375 0.01875 0.009375
6 0.709375 0.725 0.015625 0.009375
6 0.984375 0.54296875 0.01875 0.0140625
5 0.784375 0.603125 0.053125 0.01875
5 0.8953125 0.63125 0.06875 0.05625
6 0.75625 0.73828125 0.015625 0.0109375
5 0.85234375 0.90234375 0.0578125 0.0421875
5 0.81328125 0.76640625 0.0265625 0.0453125
6 0.65546875 0.89609375 0.0140625 0.0078125
6 0.70546875 0.5828125 0.0203125 0.01875
6 0.9359375 0.54609375 0.01875 0.0140625
6 0.70859375 0.7359375 0.0171875 0.009375
6 0.71015625 0.74453125 0.0234375 0.0109375
6 0.6859375 0.71171875 0.01875 0.0078125
6 0.9328125 0.6703125 0.01875 0.01875
6 0.64375 0.7375 0.021875 0.009375
6 0.6453125 0.7484375 0.021875 0.009375
6 0.5640625 0.7703125 0.01875 0.009375
6 0.50625 0.80234375 0.021875 0.0109375
6 0.5890625 0.796875 0.021875 0.0125
6 0.68828125 0.7890625 0.0203125 0.0125
6 0.7109375 0.78671875 0.01875 0.0109375
6 0.72265625 0.94609375 0.0203125 0.0078125
6 0.721875 0.9390625 0.015625 0.009375
6 0.7203125 0.928125 0.015625 0.00625
6 0.58046875 0.9671875 0.0171875 0.009375
6 0.58046875 0.97421875 0.0171875 0.0078125
6 0.578125 0.93828125 0.01875 0.0109375
6 0.71875 0.90859375 0.015625 0.0078125
6 0.6390625 0.91640625 0.015625 0.0078125
6 0.63671875 0.89921875 0.0140625 0.0078125
6 0.6328125 0.88828125 0.0125 0.0078125
6 0.65625 0.878125 0.015625 0.009375
6 0.6625 0.94140625 0.015625 0.0109375
6 0.66328125 0.9515625 0.0171875 0.009375
6 0.665625 0.96015625 0.01875 0.0078125
6 0.66640625 0.96953125 0.0171875 0.0078125
6 0.665625 0.9796875 0.01875 0.009375
6 0.70078125 0.9640625 0.0171875 0.009375
6 0.70078125 0.95703125 0.0203125 0.0078125
6 0.70078125 0.9375 0.0171875 0.009375
6 0.6984375 0.921875 0.01875 0.009375
6 0.6984375 0.90390625 0.01875 0.0078125
6 0.69609375 0.8953125 0.0171875 0.009375
6 0.69453125 0.8859375 0.0203125 0.009375
6 0.69375 0.8765625 0.015625 0.009375
6 0.7171875 0.88359375 0.01875 0.0078125
6 0.71796875 0.9015625 0.0171875 0.009375
6 0.6375 0.9078125 0.01875 0.009375
6 0.63984375 0.925 0.0171875 0.009375
6 0.57578125 0.9203125 0.0171875 0.009375
6 0.63984375 0.934375 0.0171875 0.0125
6 0.57578125 0.91171875 0.0140625 0.0078125
6 0.57734375 0.903125 0.0171875 0.009375
6 0.575 0.8921875 0.015625 0.009375
6 0.590625 0.8125 0.015625 0.009375
6 0.59375 0.88984375 0.01875 0.0109375
6 0.59609375 0.9 0.0140625 0.00625
6 0.5953125 0.9109375 0.01875 0.009375
6 0.59765625 0.92890625 0.0171875 0.0078125
6 0.5984375 0.93828125 0.01875 0.0109375
6 0.59921875 0.94765625 0.0171875 0.0078125
6 0.596875 0.95546875 0.01875 0.0078125
6 0.59921875 0.96328125 0.0171875 0.0078125
6 0.60078125 0.97265625 0.0203125 0.0078125
6 0.6015625 0.98203125 0.01875 0.0078125
6 0.64453125 0.98671875 0.0171875 0.0078125
6 0.64375 0.978125 0.015625 0.00625
6 0.64375 0.9703125 0.015625 0.009375
6 0.64453125 0.95859375 0.0140625 0.0109375
6 0.63984375 0.94296875 0.0203125 0.0109375
6 0.98515625 0.521875 0.0203125 0.01875
6 0.8875 0.53125 0.025 0.021875
6 0.859375 0.5359375 0.025 0.021875
6 0.7546875 0.175 0.015625 0.009375
6 0.75703125 0.184375 0.0203125 0.009375
6 0.75859375 0.19609375 0.0203125 0.0109375
6 0.8046875 0.2203125 0.01875 0.0125
6 0.77890625 0.22421875 0.0171875 0.0109375
6 0.16796875 0.08515625 0.0234375 0.0234375
6 0.3125 0.0234375 0.015625 0.0125
6 0.1609375 0.3828125 0.015625 0.025
6 0.17890625 0.375 0.0140625 0.015625
6 0.18671875 0.36796875 0.0140625 0.0203125
6 0.2 0.365625 0.015625 0.021875
6 0.21328125 0.3609375 0.0140625 0.01875
6 0.2234375 0.36015625 0.01875 0.0203125
6 0.23203125 0.35234375 0.0140625 0.0203125
6 0.2390625 0.35 0.0125 0.01875
6 0.24765625 0.34453125 0.0140625 0.0203125
6 0.26640625 0.33828125 0.0140625 0.0203125
6 0.03984375 0.43359375 0.0171875 0.0203125
6 0.0703125 0.57421875 0.0125 0.0171875
6 0.15078125 0.38515625 0.0140625 0.0171875
6 0.02734375 0.7828125 0.0203125 0.015625
5 0.15859375 0.75703125 0.0578125 0.0265625
5 0.415625 0.6609375 0.046875 0.028125
6 0.4078125 0.68671875 0.01875 0.0140625
6 0.465625 0.67890625 0.021875 0.0140625
6 0.3703125 0.76640625 0.01875 0.0203125
6 0.4453125 0.7453125 0.01875 0.009375
6 0.44375 0.78984375 0.01875 0.0109375
6 0.36328125 0.79609375 0.0078125 0.0171875
6 0.0546875 0.66875 0.0125 0.021875
6 0.08203125 0.68984375 0.0171875 0.0140625
6 0.40703125 0.78359375 0.0203125 0.0078125
6 0.3703125 0.83046875 0.01875 0.0109375
6 0.534375 0.89921875 0.01875 0.0109375
6 0.45234375 0.8921875 0.0171875 0.009375
6 0.39296875 0.90546875 0.0203125 0.0296875
6 0.26171875 0.925 0.0203125 0.01875
6 0.11328125 0.984375 0.0203125 0.009375
6 0.45390625 0.90234375 0.0140625 0.0109375
6 0.5359375 0.91640625 0.01875 0.0078125
6 0.459375 0.8234375 0.01875 0.009375
6 0.5359375 0.92421875 0.015625 0.0109375
6 0.04921875 0.909375 0.0171875 0.0125
6 0.13984375 0.89921875 0.0203125 0.0078125
6 0.27265625 0.8875 0.0171875 0.009375
6 0.44609375 0.8078125 0.0140625 0.009375
6 0.49765625 0.81796875 0.0171875 0.0109375
6 0.53828125 0.8203125 0.0140625 0.009375
6 0.534375 0.83671875 0.01875 0.0078125
6 0.415625 0.90546875 0.015625 0.0078125
6 0.415625 0.9140625 0.015625 0.009375
6 0.3953125 0.925 0.01875 0.009375
6 0.39296875 0.93671875 0.0203125 0.0109375
6 0.4171875 0.92421875 0.01875 0.0078125
6 0.41796875 0.9328125 0.0203125 0.00625
6 0.41953125 0.94140625 0.0171875 0.0078125
6 0.41796875 0.95 0.0171875 0.009375
6 0.41953125 0.96015625 0.0171875 0.0109375
6 0.51875 0.9609375 0.01875 0.009375
6 0.53984375 0.93984375 0.0171875 0.0078125
