6 0.45234375 0.8875 0.0171875 0.009375
6 0.27890625 0.91953125 0.0171875 0.0109375
6 0.253125 0.9203125 0.01875 0.0125
6 0.34140625 0.9546875 0.0203125 0.015625
6 0.46484375 0.92890625 0.0171875 0.0078125
6 0.48359375 0.92890625 0.0171875 0.0078125
6 0.46015625 0.89921875 0.0203125 0.0109375
6 0.48125 0.89765625 0.021875 0.0109375
6 0.50625 0.8953125 0.015625 0.009375
6 0.50859375 0.925 0.0171875 0.0125
6 0.53125 0.91875 0.01875 0.0125
6 0.55546875 0.9140625 0.0171875 0.0125
6 0.53046875 0.8953125 0.0171875 0.009375
6 0.54921875 0.884375 0.0203125 0.009375
6 0.5484375 0.86796875 0.01875 0.0078125
6 0.5296875 0.8578125 0.01875 0.0125
6 0.0921875 0.775 0.015625 0.0125
6 0.56484375 0.65390625 0.0203125 0.0140625
6 0.14765625 0.5390625 0.0203125 0.009375
6 0.24609375 0.52578125 0.0171875 0.0109375
6 0.30390625 0.590625 0.0171875 0.009375
6 0.3921875 0.5953125 0.021875 0.009375
6 0.5328125 0.54453125 0.025 0.0140625
6 0.36640625 0.5296875 0.0171875 0.009375
6 0.2515625 0.615625 0.028125 0.0125
6 0.04375 0.515625 0.01875 0.015625
6 0.02578125 0.515625 0.0203125 0.01875
6 0.0109375 0.51796875 0.021875 0.0203125
6 0.51875 0.65625 0.01875 0.009375
6 0.49453125 0.6453125 0.0171875 0.0125
6 0.45078125 0.74921875 0.0203125 0.0109375
6 0.44921875 0.646875 0.0203125 0.009375
6 0.45546875 0.6359375 0.0203125 0.009375
6 0.4734375 0.64609375 0.01875 0.0109375
6 0.4796875 0.6359375 0.01875 0.0125
6 0.503125 0.6328125 0.01875 0.009375
6 0.52578125 0.63203125 0.0203125 0.0109375
6 0.5515625 0.6421875 0.01875 0.009375
6 0.52578125 0.64296875 0.0203125 0.0109375
6 0.384375 0.990625 0.021875 0.015625
6 0.46796875 0.9671875 0.0203125 0.015625
6 0.55234375 0.96796875 0.0203125 0.0171875
6 0.56484375 0.98984375 0.0265625 0.0171875
6 0.85859375 0.225 0.0109375 0.01875
6 0.8640625 0.24765625 0.0125 0.0203125
6 0.8890625 0.23046875 0.009375 0.0203125
6 0.8953125 0.25234375 0.0125 0.0234375
6 0.3890625 0.15390625 0.015625 0.0203125
6 0.25078125 0.17890625 0.0109375 0.0234375
6 0.2609375 0.1796875 0.009375 0.021875
6 0.271875 0.17890625 0.00625 0.0203125
6 0.2828125 0.178125 0.009375 0.01875
6 0.60703125 0.5515625 0.0203125 0.0125
6 0.90234375 0.6765625 0.0171875 0.01875
6 0.815625 0.565625 0.0125 0.021875
6 0.80234375 0.5640625 0.0140625 0.025
5 0.890625 0.61171875 0.071875 0.0203125
6 0.77421875 0.6921875 0.0234375 0.015625
6 0.83515625 0.24296875 0.0078125 0.0171875
6 0.83203125 0.21953125 0.0109375 0.0171875
6 0.68359375 0.65390625 0.0203125 0.0078125
6 0.82265625 0.21640625 0.0109375 0.0171875
6 0.109375 0.5125 0.025 0.01875
6 0.12578125 0.51171875 0.0203125 0.0171875
6 0.14140625 0.509375 0.0234375 0.01875
6 0.84375 0.0953125 0.01875 0.0125
6 0.8765625 0.1 0.015625 0.0125
6 0.81796875 0.2375 0.0109375 0.01875
6 0.6796875 0.67890625 0.009375 0.0203125
6 0.740625 0.56640625 0.021875 0.0140625
6 0.6421875 0.96171875 0.021875 0.0140625
6 0.97421875 0.90703125 0.0203125 0.0171875
6 0.60390625 0.646875 0.0171875 0.01875
6 0.82578125 0.9203125 0.0203125 0.015625
6 0.66015625 0.68046875 0.0078125 0.0234375
6 0.62890625 0.70078125 0.0109375 0.0140625
6 0.58828125 0.7390625 0.0171875 0.009375
6 0.62578125 0.7671875 0.0234375 0.015625
6 0.71640625 0.80703125 0.0109375 0.0234375
6 0.75390625 0.80546875 0.0109375 0.0234375
6 0.77421875 0.803125 0.0109375 0.01875
6 0.79140625 0.8015625 0.0078125 0.01875
6 0.80390625 0.79765625 0.0078125 0.0171875
6 0.81484375 0.80078125 0.0109375 0.0203125
6 0.8828125 0.80546875 0.021875 0.0234375
6 0.98359375 0.7875 0.0171875 0.0125
6 0.68359375 0.8546875 0.0171875 0.025
6 0.7046875 0.84765625 0.015625 0.0234375
6 0.5703125 0.8671875 0.015625 0.009375
6 0.57265625 0.8921875 0.0171875 0.009375
6 0.6671875 0.9375 0.021875 0.0125
6 0.7546875 0.90390625 0.01875 0.0140625
6 0.83125 0.8921875 0.021875 0.015625
