6 0.49453125 0.97890625 0.0140625 0.0203125
6 0.425 0.94765625 0.009375 0.0171875
6 0.17734375 0.9671875 0.0171875 0.034375
6 0.0140625 0.24375 0.025 0.040625
6 0.15 0.01796875 0.009375 0.0203125
6 0.13203125 0.0203125 0.0078125 0.01875
6 0.121875 0.0171875 0.009375 0.01875
6 0.1125 0.01796875 0.009375 0.0203125
6 0.50625 0.98671875 0.015625 0.0234375
4 0.79765625 0.7421875 0.1390625 0.153125
4 0.36796875 0.80078125 0.3453125 0.3421875
4 0.6796875 0.85390625 0.19375 0.2015625
4 0.89375 0.13984375 0.1375 0.1234375
