6 0.78828125 0.21640625 0.0109375 0.0203125
6 0.08671875 0.27734375 0.0203125 0.0140625
6 0.07109375 0.27890625 0.0140625 0.0203125
6 0.06171875 0.27890625 0.0109375 0.0171875
6 0.03828125 0.278125 0.0078125 0.015625
6 0.0265625 0.278125 0.009375 0.015625
6 0.015625 0.27578125 0.00625 0.0140625
6 0.0046875 0.27578125 0.009375 0.0171875
6 0.1078125 0.31484375 0.009375 0.0203125
6 0.09296875 0.31484375 0.0109375 0.0171875
6 0.0734375 0.31640625 0.009375 0.0171875
6 0.06328125 0.31640625 0.0078125 0.0171875
6 0.053125 0.31484375 0.00625 0.0171875
6 0.0421875 0.315625 0.009375 0.01875
6 0.03203125 0.315625 0.0078125 0.01875
6 0.02109375 0.3140625 0.0078125 0.01875
6 0.01171875 0.3140625 0.0078125 0.015625
6 0.70078125 0.23046875 0.0078125 0.0171875
6 0.71171875 0.23046875 0.0078125 0.0203125
6 0.721875 0.228125 0.009375 0.01875
6 0.73515625 0.2265625 0.0109375 0.01875
6 0.7453125 0.225 0.0125 0.021875
6 0.7640625 0.22421875 0.0125 0.0203125
6 0.5890625 0.30625 0.021875 0.0125
6 0.0453125 0.596875 0.015625 0.009375
6 0.0875 0.58828125 0.01875 0.0109375
6 0.11484375 0.584375 0.0171875 0.0125
6 0.13671875 0.5796875 0.0203125 0.0125
6 0.26484375 0.57890625 0.0265625 0.0109375
6 0.2296875 0.58046875 0.015625 0.0078125
6 0.23203125 0.590625 0.0171875 0.009375
6 0.25390625 0.5921875 0.0203125 0.009375
6 0.33359375 0.596875 0.0203125 0.009375
6 0.31171875 0.59921875 0.0203125 0.0109375
6 0.29140625 0.59609375 0.0171875 0.0109375
6 0.27578125 0.60546875 0.0203125 0.0109375
6 0.253125 0.60625 0.01875 0.009375
6 0.2328125 0.6078125 0.015625 0.009375
6 0.21171875 0.59296875 0.0234375 0.0203125
6 0.203125 0.60625 0.01875 0.01875
6 0.190625 0.61171875 0.01875 0.0234375
6 0.14375 0.61796875 0.0125 0.0203125
6 0.153125 0.6171875 0.0125 0.01875
6 0.12578125 0.62109375 0.0109375 0.0203125
6 0.05859375 0.4 0.0203125 0.0125
6 0.11640625 0.3875 0.0203125 0.0125
6 0.18515625 0.371875 0.0203125 0.0125
6 0.27421875 0.3125 0.0265625 0.0125
6 0.31484375 0.31171875 0.0203125 0.0109375
6 0.4921875 0.31796875 0.015625 0.0078125
6 0.2203125 0.28359375 0.01875 0.0140625
6 0.1828125 0.28828125 0.021875 0.0171875
6 0.06875 0.6296875 0.0125 0.01875
6 0.3171875 0.528125 0.015625 0.009375
6 0.3390625 0.515625 0.01875 0.009375
6 0.10859375 0.51484375 0.0171875 0.0078125
6 0.06015625 0.5296875 0.0203125 0.01875
6 0.04140625 0.54453125 0.0140625 0.0140625
6 0.0234375 0.55 0.015625 0.0125
6 0.77734375 0.21875 0.0109375 0.021875
6 0.8015625 0.21796875 0.0125 0.0203125
6 0.7203125 0.60703125 0.01875 0.0078125
6 0.76875 0.60703125 0.021875 0.0109375
6 0.84140625 0.6078125 0.0171875 0.009375
6 0.88515625 0.6078125 0.0203125 0.009375
6 0.9421875 0.6078125 0.01875 0.009375
6 0.96328125 0.63984375 0.0171875 0.0171875
6 0.9484375 0.6390625 0.01875 0.015625
6 0.9375 0.6484375 0.01875 0.009375
6 0.81015625 0.215625 0.0078125 0.01875
6 0.69296875 0.60703125 0.0140625 0.0078125
6 0.67578125 0.60703125 0.0140625 0.0078125
6 0.65625 0.609375 0.0125 0.009375
6 0.7109375 0.57265625 0.009375 0.0203125
6 0.93515625 0.575 0.0078125 0.01875
6 0.9265625 0.57578125 0.00625 0.0171875
6 0.91640625 0.57734375 0.0078125 0.0171875
6 0.90625 0.57578125 0.009375 0.0171875
6 0.89765625 0.571875 0.0078125 0.015625
6 0.87734375 0.57578125 0.0078125 0.0171875
6 0.86796875 0.57421875 0.0078125 0.0203125
6 0.85859375 0.5734375 0.0078125 0.021875
6 0.84921875 0.57578125 0.0078125 0.0140625
6 0.83046875 0.57265625 0.0078125 0.0203125
6 0.81875 0.575 0.009375 0.01875
6 0.81015625 0.5734375 0.0078125 0.01875
6 0.80078125 0.57109375 0.0078125 0.0171875
6 0.790625 0.57265625 0.009375 0.0203125
6 0.7734375 0.57265625 0.009375 0.0171875
6 0.76328125 0.57265625 0.0078125 0.0203125
6 0.753125 0.57421875 0.009375 0.0171875
6 0.740625 0.57421875 0.009375 0.0171875
6 0.7328125 0.56953125 0.009375 0.0203125
6 0.9484375 0.88515625 0.015625 0.0171875
6 0.9296875 0.91875 0.0125 0.015625
6 0.93984375 0.93984375 0.0171875 0.0140625
6 0.90234375 0.8984375 0.0171875 0.01875
6 0.88046875 0.928125 0.0140625 0.015625
6 0.871875 0.9328125 0.015625 0.015625
6 0.6765625 0.9640625 0.01875 0.015625
6 0.78125 0.96015625 0.009375 0.0203125
6 0.83515625 0.93515625 0.0234375 0.0203125
6 0.953125 0.9875 0.009375 0.015625
6 0.975 0.9875 0.009375 0.015625
6 0.984375 0.98515625 0.009375 0.0171875
6 0.94453125 0.5734375 0.0078125 0.01875
6 0.95390625 0.57421875 0.0078125 0.0171875
6 0.9640625 0.57265625 0.009375 0.0234375
6 0.8046875 0.25390625 0.0125 0.0203125
6 0.7828125 0.25625 0.0125 0.021875
6 0.75390625 0.2609375 0.0078125 0.01875
6 0.7453125 0.2640625 0.009375 0.01875
6 0.73359375 0.26484375 0.0109375 0.0203125
6 0.7234375 0.2640625 0.0125 0.021875
6 0.71328125 0.265625 0.0109375 0.01875
6 0.703125 0.26796875 0.009375 0.0171875
6 0.69375 0.27109375 0.009375 0.0171875
6 0.68125 0.27109375 0.009375 0.0171875
6 0.67109375 0.27265625 0.0078125 0.0171875
6 0.78359375 0.31640625 0.0203125 0.0140625
6 0.7921875 0.25546875 0.0125 0.0203125
6 0.815625 0.253125 0.009375 0.01875
6 0.82734375 0.25078125 0.0109375 0.0171875
6 0.81875 0.21328125 0.009375 0.0203125
6 0.828125 0.2140625 0.009375 0.01875
6 0.8390625 0.2125 0.0125 0.01875
6 0.85 0.2109375 0.009375 0.01875
6 0.8671875 0.20546875 0.009375 0.0171875
6 0.8796875 0.2046875 0.0125 0.01875
6 0.88984375 0.2015625 0.0109375 0.021875
6 0.90078125 0.2 0.0109375 0.01875
6 0.9109375 0.19921875 0.0125 0.0203125
6 0.92734375 0.19609375 0.0109375 0.0203125
6 0.94140625 0.1953125 0.0109375 0.021875
6 0.95234375 0.196875 0.0171875 0.021875
6 0.9734375 0.1875 0.0125 0.01875
6 0.9828125 0.184375 0.0125 0.01875
6 0.91328125 0.2359375 0.0078125 0.015625
6 0.8484375 0.24765625 0.0125 0.0203125
6 0.83828125 0.2484375 0.0078125 0.015625
6 0.9734375 0.57578125 0.009375 0.0171875
6 0.90703125 0.48203125 0.0234375 0.0109375
6 0.73203125 0.4890625 0.0265625 0.009375
6 0.6953125 0.5078125 0.01875 0.009375
6 0.79453125 0.53671875 0.0171875 0.0078125
6 0.81328125 0.5359375 0.0140625 0.009375
6 0.8328125 0.5375 0.01875 0.009375
6 0.8921875 0.5375 0.01875 0.009375
6 0.98515625 0.540625 0.0171875 0.0125
6 0.9828125 0.57578125 0.009375 0.0171875
6 0.84765625 0.43828125 0.0171875 0.0109375
