4 0.584375 0.81171875 0.15625 0.1609375
4 0.534375 0.6609375 0.18125 0.1375
4 0.5140625 0.51484375 0.146875 0.1359375
4 0.4703125 0.3609375 0.18125 0.165625
4 0.609375 0.12734375 0.165625 0.1734375
6 0.66796875 0.58515625 0.0234375 0.0234375
6 0.65 0.45 0.01875 0.0125
6 0.8125 0.5234375 0.015625 0.0125
6 0.67421875 0.290625 0.0171875 0.01875
6 0.6609375 0.8828125 0.015625 0.025
6 0.67890625 0.875 0.0140625 0.015625
6 0.68671875 0.86796875 0.0140625 0.0203125
6 0.7 0.865625 0.015625 0.021875
6 0.71328125 0.8609375 0.0140625 0.01875
6 0.7234375 0.86015625 0.01875 0.0203125
6 0.73203125 0.85234375 0.0140625 0.0203125
6 0.7390625 0.85 0.0125 0.01875
6 0.74765625 0.84453125 0.0140625 0.0203125
6 0.76640625 0.83828125 0.0140625 0.0203125
6 0.53984375 0.93359375 0.0171875 0.0203125
5 0.490625 0.97421875 0.046875 0.0234375
6 0.65078125 0.88515625 0.0140625 0.0171875
5 0.0921875 0.9125 0.0375 0.04375
