6 0.975 0.5125 0.009375 0.015625
6 0.95546875 0.5359375 0.0203125 0.0125
6 0.821875 0.54609375 0.01875 0.0109375
6 0.8734375 0.5984375 0.015625 0.00625
6 0.7484375 0.52421875 0.009375 0.0171875
6 0.93984375 0.446875 0.0109375 0.021875
6 0.9625 0.4484375 0.0125 0.025
6 0.9453125 0.48359375 0.01875 0.0109375
6 0.94375 0.49453125 0.015625 0.0109375
6 0.6875 0.1265625 0.021875 0.0125
6 0.7765625 0.11171875 0.01875 0.0140625
6 0.7171875 0.05078125 0.01875 0.0109375
6 0.84609375 0.01953125 0.0203125 0.0140625
6 0.8546875 0.11796875 0.01875 0.0109375
6 0.925 0.1078125 0.015625 0.0125
6 0.5921875 0.13671875 0.01875 0.0109375
6 0.56484375 0.0703125 0.0171875 0.009375
6 0.37890625 0.0234375 0.0203125 0.0125
6 0.4 0.0203125 0.021875 0.0125
6 0.56328125 0.02265625 0.0109375 0.0203125
6 0.5734375 0.01953125 0.0125 0.0234375
6 0.58125 0.02109375 0.009375 0.0203125
6 0.59140625 0.01796875 0.0109375 0.0234375
6 0.609375 0.01796875 0.009375 0.0234375
6 0.63828125 0.0140625 0.0109375 0.01875
6 0.45625 0.159375 0.015625 0.009375
6 0.48046875 0.16640625 0.0171875 0.0109375
6 0.5203125 0.14765625 0.01875 0.0109375
6 0.46796875 0.60390625 0.0171875 0.0109375
6 0.44296875 0.56640625 0.0109375 0.0203125
6 0.48984375 0.0828125 0.0171875 0.009375
6 0.4265625 0.0875 0.01875 0.009375
6 0.325 0.06171875 0.009375 0.0203125
6 0.21484375 0.08046875 0.0109375 0.0171875
6 0.1328125 0.12890625 0.01875 0.0109375
6 0.165625 0.14296875 0.015625 0.0109375
6 0.1265625 0.0890625 0.009375 0.01875
6 0.26953125 0.20546875 0.0171875 0.0109375
6 0.3078125 0.19609375 0.0125 0.0109375
6 0.1359375 0.0875 0.009375 0.015625
6 0.14453125 0.08671875 0.0109375 0.0171875
6 0.209375 0.0484375 0.01875 0.0125
6 0.16953125 0.08359375 0.0078125 0.0140625
6 0.17890625 0.08203125 0.0078125 0.0171875
6 0.196875 0.08046875 0.009375 0.0171875
4 0.4640625 0.75859375 0.14375 0.1515625
4 0.6203125 0.7421875 0.14375 0.1375
4 0.7734375 0.7265625 0.15 0.15625
