4 0.16640625 0.76171875 0.2640625 0.2421875
4 0.7921875 0.50859375 0.3125 0.2828125
4 0.8171875 0.84375 0.303125 0.278125
6 0.271875 0.94765625 0.021875 0.0234375
6 0.23203125 0.64765625 0.0171875 0.0265625
6 0.23984375 0.67265625 0.0078125 0.0203125
6 0.31484375 0.5875 0.0203125 0.0125
6 0.88828125 0.2515625 0.0140625 0.01875
6 0.58515625 0.41328125 0.0078125 0.0203125
6 0.5578125 0.57578125 0.0125 0.0203125
5 0.8984375 0.70234375 0.040625 0.0546875
5 0.9 0.79765625 0.015625 0.0421875
5 0.90546875 0.86953125 0.0171875 0.0421875
6 0.63359375 0.8796875 0.0234375 0.0125
6 0.628125 0.89609375 0.015625 0.0109375
6 0.62578125 0.909375 0.0203125 0.009375
