6 0.95234375 0.3875 0.0171875 0.009375
6 0.3890625 0.48828125 0.015625 0.0140625
6 0.49765625 0.475 0.0171875 0.015625
6 0.4796875 0.46328125 0.01875 0.0140625
6 0.77890625 0.41953125 0.0171875 0.0109375
6 0.753125 0.4203125 0.01875 0.0125
6 0.84140625 0.4546875 0.0203125 0.015625
6 0.96484375 0.42890625 0.0171875 0.0078125
6 0.98359375 0.42890625 0.0171875 0.0078125
6 0.96015625 0.39921875 0.0203125 0.0109375
6 0.98125 0.39765625 0.021875 0.0109375
6 0.41875 0.02890625 0.025 0.0171875
6 0.31640625 0.328125 0.0171875 0.0125
6 0.38828125 0.4703125 0.0203125 0.0125
6 0.38359375 0.4765625 0.0171875 0.009375
6 0.35703125 0.4828125 0.0078125 0.0125
6 0.36484375 0.48046875 0.0078125 0.0171875
6 0.22265625 0.45703125 0.0171875 0.0078125
6 0.22734375 0.47265625 0.0171875 0.0078125
6 0.2265625 0.490625 0.01875 0.009375
6 0.25859375 0.38984375 0.0171875 0.0109375
6 0.26875 0.4390625 0.009375 0.01875
6 0.271875 0.45625 0.009375 0.015625
6 0.2859375 0.49609375 0.025 0.0109375
6 0.29609375 0.5125 0.0171875 0.009375
6 0.3359375 0.4609375 0.009375 0.01875
6 0.3375 0.478125 0.009375 0.015625
6 0.340625 0.49609375 0.0125 0.0171875
6 0.38359375 0.5 0.0140625 0.00625
6 0.4828125 0.5109375 0.009375 0.01875
6 0.39921875 0.51015625 0.0171875 0.0140625
6 0.41875 0.4875 0.015625 0.009375
6 0.34765625 0.45546875 0.0078125 0.0171875
6 0.346875 0.4703125 0.009375 0.015625
6 0.34921875 0.48671875 0.0109375 0.0171875
6 0.35625 0.46328125 0.009375 0.0234375
6 0.5921875 0.275 0.015625 0.0125
6 0.3078125 0.29375 0.01875 0.009375
6 0.209375 0.225 0.015625 0.009375
6 0.484375 0.04296875 0.01875 0.0140625
6 0.64765625 0.0390625 0.0203125 0.009375
6 0.74609375 0.02578125 0.0171875 0.0109375
6 0.80390625 0.090625 0.0171875 0.009375
6 0.8921875 0.0953125 0.021875 0.009375
6 0.86640625 0.0296875 0.0171875 0.009375
5 0.284375 0.103125 0.053125 0.01875
5 0.3953125 0.13125 0.06875 0.05625
6 0.7515625 0.115625 0.028125 0.0125
6 0.25625 0.23828125 0.015625 0.0109375
5 0.35234375 0.40234375 0.0578125 0.0421875
5 0.31328125 0.26640625 0.0265625 0.0453125
6 0.15546875 0.39609375 0.0140625 0.0078125
6 0.20546875 0.0828125 0.0203125 0.01875
6 0.54375 0.015625 0.01875 0.015625
6 0.52578125 0.015625 0.0203125 0.01875
6 0.5109375 0.01796875 0.021875 0.0203125
6 0.49609375 0.01875 0.0203125 0.01875
6 0.4359375 0.04609375 0.01875 0.0140625
6 0.20859375 0.2359375 0.0171875 0.009375
6 0.21015625 0.24453125 0.0234375 0.0109375
6 0.1859375 0.21171875 0.01875 0.0078125
6 0.4328125 0.1703125 0.01875 0.01875
6 0.14375 0.2375 0.021875 0.009375
6 0.1453125 0.2484375 0.021875 0.009375
6 0.0640625 0.2703125 0.01875 0.009375
6 0.0890625 0.296875 0.021875 0.0125
6 0.18828125 0.2890625 0.0203125 0.0125
6 0.2109375 0.28671875 0.01875 0.0109375
6 0.95078125 0.24921875 0.0203125 0.0109375
6 0.94921875 0.146875 0.0203125 0.009375
6 0.95546875 0.1359375 0.0203125 0.009375
6 0.9734375 0.14609375 0.01875 0.0109375
6 0.9796875 0.1359375 0.01875 0.0125
6 0.22265625 0.44609375 0.0203125 0.0078125
6 0.221875 0.4390625 0.015625 0.009375
6 0.2203125 0.428125 0.015625 0.00625
6 0.21640625 0.57421875 0.0203125 0.0109375
6 0.246875 0.57578125 0.021875 0.0109375
6 0.2953125 0.578125 0.025 0.0125
6 0.58203125 0.57421875 0.0203125 0.0109375
6 0.640625 0.5703125 0.015625 0.009375
6 0.66328125 0.540625 0.0171875 0.009375
6 0.71640625 0.54140625 0.0171875 0.0109375
6 0.765625 0.52734375 0.01875 0.0078125
6 0.825 0.51875 0.01875 0.009375
6 0.884375 0.490625 0.021875 0.015625
6 0.96796875 0.4671875 0.0203125 0.015625
6 0.8953125 0.515625 0.01875 0.0125
6 0.9 0.53046875 0.021875 0.0140625
6 0.08046875 0.4671875 0.0171875 0.009375
6 0.08046875 0.47421875 0.0171875 0.0078125
6 0.078125 0.43828125 0.01875 0.0109375
6 0.21875 0.40859375 0.015625 0.0078125
6 0.1390625 0.41640625 0.015625 0.0078125
6 0.13671875 0.39921875 0.0140625 0.0078125
6 0.1328125 0.38828125 0.0125 0.0078125
6 0.15625 0.378125 0.015625 0.009375
6 0.1625 0.44140625 0.015625 0.0109375
6 0.16328125 0.4515625 0.0171875 0.009375
6 0.165625 0.46015625 0.01875 0.0078125
6 0.16640625 0.46953125 0.0171875 0.0078125
6 0.165625 0.4796875 0.01875 0.009375
6 0.16484375 0.4953125 0.0171875 0.009375
6 0.20078125 0.4640625 0.0171875 0.009375
6 0.20078125 0.45703125 0.0203125 0.0078125
6 0.20078125 0.4375 0.0171875 0.009375
6 0.1984375 0.421875 0.01875 0.009375
6 0.1984375 0.40390625 0.01875 0.0078125
6 0.19609375 0.3953125 0.0171875 0.009375
6 0.19453125 0.3859375 0.0203125 0.009375
6 0.19375 0.3765625 0.015625 0.009375
6 0.2171875 0.38359375 0.01875 0.0078125
6 0.21796875 0.4015625 0.0171875 0.009375
6 0.1375 0.4078125 0.01875 0.009375
6 0.13984375 0.425 0.0171875 0.009375
6 0.07578125 0.4203125 0.0171875 0.009375
6 0.13984375 0.434375 0.0171875 0.0125
6 0.07578125 0.41171875 0.0140625 0.0078125
6 0.07734375 0.403125 0.0171875 0.009375
6 0.075 0.3921875 0.015625 0.009375
6 0.090625 0.3125 0.015625 0.009375
6 0.09375 0.38984375 0.01875 0.0109375
6 0.09609375 0.4 0.0140625 0.00625
6 0.0953125 0.4109375 0.01875 0.009375
6 0.09765625 0.42890625 0.0171875 0.0078125
6 0.0984375 0.43828125 0.01875 0.0109375
6 0.09921875 0.44765625 0.0171875 0.0078125
6 0.096875 0.45546875 0.01875 0.0078125
6 0.09921875 0.46328125 0.0171875 0.0078125
6 0.10078125 0.47265625 0.0203125 0.0078125
6 0.1015625 0.48203125 0.01875 0.0078125
6 0.14453125 0.48671875 0.0171875 0.0078125
6 0.14375 0.478125 0.015625 0.00625
6 0.14375 0.4703125 0.015625 0.009375
6 0.14453125 0.45859375 0.0140625 0.0109375
6 0.13984375 0.44296875 0.0203125 0.0109375
6 0.48515625 0.021875 0.0203125 0.01875
6 0.3875 0.03125 0.025 0.021875
6 0.359375 0.0359375 0.025 0.021875
6 0.609375 0.0125 0.025 0.01875
6 0.62578125 0.01171875 0.0203125 0.0171875
6 0.64140625 0.009375 0.0234375 0.01875
6 0.034375 0.39921875 0.01875 0.0109375
6 0.0359375 0.41640625 0.01875 0.0078125
6 0.0359375 0.42421875 0.015625 0.0109375
6 0.03828125 0.3203125 0.0140625 0.009375
6 0.034375 0.33671875 0.01875 0.0078125
6 0.01875 0.4609375 0.01875 0.009375
6 0.03984375 0.43984375 0.0171875 0.0078125
