6 0.95234375 0.8875 0.0171875 0.009375
6 0.3890625 0.98828125 0.015625 0.0140625
6 0.49765625 0.975 0.0171875 0.015625
6 0.4796875 0.96328125 0.01875 0.0140625
6 0.77890625 0.91953125 0.0171875 0.0109375
6 0.753125 0.9203125 0.01875 0.0125
6 0.84140625 0.9546875 0.0203125 0.015625
6 0.96484375 0.92890625 0.0171875 0.0078125
6 0.98359375 0.92890625 0.0171875 0.0078125
6 0.96015625 0.89921875 0.0203125 0.0109375
6 0.98125 0.89765625 0.021875 0.0109375
6 0.41875 0.52890625 0.025 0.0171875
6 0.31640625 0.828125 0.0171875 0.0125
6 0.38828125 0.9703125 0.0203125 0.0125
6 0.38359375 0.9765625 0.0171875 0.009375
6 0.35703125 0.9828125 0.0078125 0.0125
6 0.36484375 0.98046875 0.0078125 0.0171875
6 0.22265625 0.95703125 0.0171875 0.0078125
6 0.22734375 0.97265625 0.0171875 0.0078125
6 0.2265625 0.990625 0.01875 0.009375
6 0.25859375 0.88984375 0.0171875 0.0109375
6 0.26875 0.9390625 0.009375 0.01875
6 0.271875 0.95625 0.009375 0.015625
6 0.3359375 0.9609375 0.009375 0.01875
6 0.3375 0.978125 0.009375 0.015625
6 0.41875 0.9875 0.015625 0.009375
6 0.34765625 0.95546875 0.0078125 0.0171875
6 0.346875 0.9703125 0.009375 0.015625
6 0.34921875 0.98671875 0.0109375 0.0171875
6 0.35625 0.96328125 0.009375 0.0234375
6 0.5921875 0.775 0.015625 0.0125
6 0.3078125 0.79375 0.01875 0.009375
6 0.209375 0.725 0.015625 0.009375
6 0.484375 0.54296875 0.01875 0.0140625
6 0.64765625 0.5390625 0.0203125 0.009375
6 0.74609375 0.52578125 0.0171875 0.0109375
6 0.80390625 0.590625 0.0171875 0.009375
6 0.8921875 0.5953125 0.021875 0.009375
6 0.86640625 0.5296875 0.0171875 0.009375
5 0.284375 0.603125 0.053125 0.01875
5 0.3953125 0.63125 0.06875 0.05625
6 0.7515625 0.615625 0.028125 0.0125
6 0.25625 0.73828125 0.015625 0.0109375
5 0.35234375 0.90234375 0.0578125 0.0421875
5 0.31328125 0.76640625 0.0265625 0.0453125
6 0.15546875 0.89609375 0.0140625 0.0078125
6 0.20546875 0.5828125 0.0203125 0.01875
6 0.54375 0.515625 0.01875 0.015625
6 0.52578125 0.515625 0.0203125 0.01875
6 0.5109375 0.51796875 0.021875 0.0203125
6 0.49609375 0.51875 0.0203125 0.01875
6 0.4359375 0.54609375 0.01875 0.0140625
6 0.20859375 0.7359375 0.0171875 0.009375
6 0.21015625 0.74453125 0.0234375 0.0109375
6 0.1859375 0.71171875 0.01875 0.0078125
6 0.4328125 0.6703125 0.01875 0.01875
6 0.14375 0.7375 0.021875 0.009375
6 0.1453125 0.7484375 0.021875 0.009375
6 0.0640625 0.7703125 0.01875 0.009375
6 0.0890625 0.796875 0.021875 0.0125
6 0.18828125 0.7890625 0.0203125 0.0125
6 0.2109375 0.78671875 0.01875 0.0109375
6 0.95078125 0.74921875 0.0203125 0.0109375
6 0.94921875 0.646875 0.0203125 0.009375
6 0.95546875 0.6359375 0.0203125 0.009375
6 0.9734375 0.64609375 0.01875 0.0109375
6 0.9796875 0.6359375 0.01875 0.0125
6 0.22265625 0.94609375 0.0203125 0.0078125
6 0.221875 0.9390625 0.015625 0.009375
6 0.2203125 0.928125 0.015625 0.00625
6 0.884375 0.990625 0.021875 0.015625
6 0.96796875 0.9671875 0.0203125 0.015625
6 0.08046875 0.9671875 0.0171875 0.009375
6 0.08046875 0.97421875 0.0171875 0.0078125
6 0.078125 0.93828125 0.01875 0.0109375
6 0.21875 0.90859375 0.015625 0.0078125
6 0.1390625 0.91640625 0.015625 0.0078125
6 0.13671875 0.89921875 0.0140625 0.0078125
6 0.1328125 0.88828125 0.0125 0.0078125
6 0.15625 0.878125 0.015625 0.009375
6 0.1625 0.94140625 0.015625 0.0109375
6 0.16328125 0.9515625 0.0171875 0.009375
6 0.165625 0.96015625 0.01875 0.0078125
6 0.16640625 0.96953125 0.0171875 0.0078125
6 0.165625 0.9796875 0.01875 0.009375
6 0.20078125 0.9640625 0.0171875 0.009375
6 0.20078125 0.95703125 0.0203125 0.0078125
6 0.20078125 0.9375 0.0171875 0.009375
6 0.1984375 0.921875 0.01875 0.009375
6 0.1984375 0.90390625 0.01875 0.0078125
6 0.19609375 0.8953125 0.0171875 0.009375
6 0.19453125 0.8859375 0.0203125 0.009375
6 0.19375 0.8765625 0.015625 0.009375
6 0.2171875 0.88359375 0.01875 0.0078125
6 0.21796875 0.9015625 0.0171875 0.009375
6 0.1375 0.9078125 0.01875 0.009375
6 0.13984375 0.925 0.0171875 0.009375
6 0.07578125 0.9203125 0.0171875 0.009375
6 0.13984375 0.934375 0.0171875 0.0125
6 0.07578125 0.91171875 0.0140625 0.0078125
6 0.07734375 0.903125 0.0171875 0.009375
6 0.075 0.8921875 0.015625 0.009375
6 0.090625 0.8125 0.015625 0.009375
6 0.09375 0.88984375 0.01875 0.0109375
6 0.09609375 0.9 0.0140625 0.00625
6 0.0953125 0.9109375 0.01875 0.009375
6 0.09765625 0.92890625 0.0171875 0.0078125
6 0.0984375 0.93828125 0.01875 0.0109375
6 0.09921875 0.94765625 0.0171875 0.0078125
6 0.096875 0.95546875 0.01875 0.0078125
6 0.09921875 0.96328125 0.0171875 0.0078125
6 0.10078125 0.97265625 0.0203125 0.0078125
6 0.1015625 0.98203125 0.01875 0.0078125
6 0.14453125 0.98671875 0.0171875 0.0078125
6 0.14375 0.978125 0.015625 0.00625
6 0.14375 0.9703125 0.015625 0.009375
6 0.14453125 0.95859375 0.0140625 0.0109375
6 0.13984375 0.94296875 0.0203125 0.0109375
6 0.48515625 0.521875 0.0203125 0.01875
6 0.3875 0.53125 0.025 0.021875
6 0.359375 0.5359375 0.025 0.021875
6 0.8890625 0.15390625 0.015625 0.0203125
6 0.75078125 0.17890625 0.0109375 0.0234375
6 0.7609375 0.1796875 0.009375 0.021875
6 0.771875 0.17890625 0.00625 0.0203125
6 0.7828125 0.178125 0.009375 0.01875
6 0.609375 0.5125 0.025 0.01875
6 0.62578125 0.51171875 0.0203125 0.0171875
6 0.64140625 0.509375 0.0234375 0.01875
6 0.2546875 0.175 0.015625 0.009375
6 0.25703125 0.184375 0.0203125 0.009375
6 0.25859375 0.19609375 0.0203125 0.0109375
6 0.3046875 0.2203125 0.01875 0.0125
6 0.27890625 0.22421875 0.0171875 0.0109375
6 0.034375 0.89921875 0.01875 0.0109375
6 0.0359375 0.91640625 0.01875 0.0078125
6 0.0359375 0.92421875 0.015625 0.0109375
6 0.03828125 0.8203125 0.0140625 0.009375
6 0.034375 0.83671875 0.01875 0.0078125
6 0.01875 0.9609375 0.01875 0.009375
6 0.03984375 0.93984375 0.0171875 0.0078125
