4 0.31875 0.3640625 0.325 0.321875
4 0.521875 0.475 0.29375 0.325
4 0.82109375 0.778125 0.1359375 0.121875
6 0.38125 0.09609375 0.015625 0.0140625
6 0.4 0.11953125 0.015625 0.0265625
6 0.690625 0.08515625 0.01875 0.0140625
6 0.68984375 0.1 0.0203125 0.01875
6 0.6875 0.121875 0.015625 0.021875
6 0.5421875 0.2984375 0.0125 0.01875
6 0.525 0.29453125 0.015625 0.0265625
6 0.51171875 0.30390625 0.0140625 0.0234375
6 0.459375 0.2625 0.01875 0.01875
6 0.259375 0.178125 0.015625 0.0125
6 0.6625 0.378125 0.015625 0.03125
6 0.41796875 0.1296875 0.0109375 0.021875
6 0.3765625 0.075 0.015625 0.00625
6 0.3796875 0.06328125 0.015625 0.0078125
6 0.41953125 0.01640625 0.0109375 0.0265625
