6 0.87890625 0.0234375 0.0203125 0.0125
6 0.9 0.0203125 0.021875 0.0125
6 0.95625 0.159375 0.015625 0.009375
6 0.98046875 0.16640625 0.0171875 0.0109375
6 0.96796875 0.60390625 0.0171875 0.0109375
6 0.94296875 0.56640625 0.0109375 0.0203125
6 0.36015625 0.53203125 0.0171875 0.0171875
6 0.38671875 0.540625 0.0140625 0.015625
6 0.41171875 0.528125 0.0140625 0.015625
6 0.3875 0.56875 0.015625 0.01875
6 0.3078125 0.58984375 0.01875 0.0171875
6 0.98984375 0.0828125 0.0171875 0.009375
6 0.9265625 0.0875 0.01875 0.009375
6 0.825 0.06171875 0.009375 0.0203125
6 0.71484375 0.08046875 0.0109375 0.0171875
6 0.1328125 0.27265625 0.009375 0.0171875
6 0.13671875 0.29609375 0.0140625 0.0234375
6 0.24453125 0.1421875 0.0109375 0.01875
6 0.28984375 0.13828125 0.0109375 0.0203125
6 0.2046875 0.17734375 0.01875 0.0140625
6 0.3234375 0.12890625 0.009375 0.0140625
6 0.34921875 0.12734375 0.0109375 0.0171875
6 0.4125 0.08828125 0.025 0.0140625
6 0.6328125 0.12890625 0.01875 0.0109375
6 0.665625 0.14296875 0.015625 0.0109375
6 0.6265625 0.0890625 0.009375 0.01875
6 0.76953125 0.20546875 0.0171875 0.0109375
6 0.8078125 0.19609375 0.0125 0.0109375
6 0.6359375 0.0875 0.009375 0.015625
6 0.64453125 0.08671875 0.0109375 0.0171875
6 0.709375 0.0484375 0.01875 0.0125
6 0.66953125 0.08359375 0.0078125 0.0140625
6 0.67890625 0.08203125 0.0078125 0.0171875
6 0.696875 0.08046875 0.009375 0.0171875
6 0.3015625 0.73515625 0.0125 0.0203125
6 0.0375 0.82578125 0.021875 0.0203125
6 0.23203125 0.0984375 0.0109375 0.01875
6 0.1265625 0.0984375 0.0125 0.01875
6 0.04140625 0.021875 0.0203125 0.01875
6 0.0390625 0.03125 0.01875 0.015625
6 0.0515625 0.09609375 0.01875 0.0171875
6 0.0453125 0.06875 0.01875 0.015625
6 0.0453125 0.05859375 0.01875 0.0140625
6 0.04140625 0.0453125 0.0171875 0.015625
4 0.43125 0.38203125 0.190625 0.1640625
