4 0.23671875 0.44921875 0.1484375 0.1640625
6 0.85859375 0.725 0.0109375 0.01875
6 0.8640625 0.74765625 0.0125 0.0203125
6 0.8890625 0.73046875 0.009375 0.0203125
6 0.8953125 0.75234375 0.0125 0.0234375
6 0.3890625 0.65390625 0.015625 0.0203125
6 0.25078125 0.67890625 0.0109375 0.0234375
6 0.2609375 0.6796875 0.009375 0.021875
6 0.271875 0.67890625 0.00625 0.0203125
6 0.2828125 0.678125 0.009375 0.01875
6 0.83515625 0.74296875 0.0078125 0.0171875
6 0.83203125 0.71953125 0.0109375 0.0171875
6 0.82265625 0.71640625 0.0109375 0.0171875
6 0.80234375 0.084375 0.0171875 0.021875
6 0.7359375 0.18203125 0.015625 0.0140625
6 0.74375 0.19375 0.01875 0.015625
6 0.7703125 0.22578125 0.015625 0.0171875
6 0.84375 0.5953125 0.01875 0.0125
6 0.8765625 0.6 0.015625 0.0125
6 0.81796875 0.7375 0.0109375 0.01875
