4 0.215625 0.16796875 0.196875 0.2078125
4 0.24453125 0.3234375 0.1765625 0.165625
4 0.73671875 0.44921875 0.1484375 0.1640625
6 0.8890625 0.65390625 0.015625 0.0203125
6 0.75078125 0.67890625 0.0109375 0.0234375
6 0.7609375 0.6796875 0.009375 0.021875
6 0.771875 0.67890625 0.00625 0.0203125
6 0.7828125 0.678125 0.009375 0.01875
6 0.2546875 0.675 0.015625 0.009375
6 0.25703125 0.684375 0.0203125 0.009375
6 0.25859375 0.69609375 0.0203125 0.0109375
6 0.3046875 0.7203125 0.01875 0.0125
6 0.27890625 0.72421875 0.0171875 0.0109375
