4 0.82734375 0.80625 0.1390625 0.13125
6 0.11875 0.24921875 0.021875 0.0109375
6 0.259375 0.26875 0.021875 0.01875
6 0.44375 0.23203125 0.021875 0.0078125
6 0.528125 0.2 0.01875 0.01875
6 0.7828125 0.1046875 0.01875 0.009375
6 0.25234375 0.21015625 0.0171875 0.0171875
6 0.178125 0.0890625 0.009375 0.01875
6 0.20234375 0.48359375 0.0109375 0.0140625
6 0.2984375 0.34609375 0.009375 0.0203125
6 0.41875 0.271875 0.021875 0.015625
6 0.0109375 0.0171875 0.01875 0.0125
6 0.046875 0.04921875 0.021875 0.0140625
6 0.02578125 0.0453125 0.0171875 0.0125
6 0.56953125 0.2546875 0.0234375 0.0125
6 0.02109375 0.67578125 0.0203125 0.0171875
5 0.56640625 0.5515625 0.0390625 0.025
6 0.9828125 0.2796875 0.01875 0.009375
6 0.91640625 0.12265625 0.0171875 0.0109375
6 0.94375 0.21640625 0.025 0.0109375
6 0.86015625 0.2375 0.0203125 0.0125
6 0.88046875 0.27578125 0.0171875 0.0078125
6 0.6453125 0.25 0.01875 0.009375
6 0.05078125 0.48828125 0.0140625 0.0203125
