4 0.4875 0.684375 0.16875 0.175
4 0.51328125 0.53046875 0.1765625 0.1609375
4 0.490625 0.2234375 0.196875 0.178125
5 0.809375 0.87890625 0.046875 0.0234375
6 0.35859375 0.725 0.0109375 0.01875
6 0.3640625 0.74765625 0.0125 0.0203125
6 0.3890625 0.73046875 0.009375 0.0203125
6 0.3953125 0.75234375 0.0125 0.0234375
6 0.5359375 0.82265625 0.021875 0.0140625
6 0.33515625 0.74296875 0.0078125 0.0171875
6 0.33203125 0.71953125 0.0109375 0.0171875
6 0.32265625 0.71640625 0.0109375 0.0171875
6 0.30234375 0.084375 0.0171875 0.021875
6 0.2359375 0.18203125 0.015625 0.0140625
6 0.24375 0.19375 0.01875 0.015625
6 0.2703125 0.22578125 0.015625 0.0171875
6 0.34375 0.5953125 0.01875 0.0125
6 0.3765625 0.6 0.015625 0.0125
6 0.31796875 0.7375 0.0109375 0.01875
