4 0.4875 0.184375 0.16875 0.175
6 0.00859375 0.925 0.0171875 0.0125
6 0.03125 0.91875 0.01875 0.0125
6 0.05546875 0.9140625 0.0171875 0.0125
6 0.03046875 0.8953125 0.0171875 0.009375
6 0.04921875 0.884375 0.0203125 0.009375
6 0.0484375 0.86796875 0.01875 0.0078125
6 0.0296875 0.8578125 0.01875 0.0125
6 0.06484375 0.65390625 0.0203125 0.0140625
6 0.0328125 0.54453125 0.025 0.0140625
6 0.01875 0.65625 0.01875 0.009375
6 0.02578125 0.63203125 0.0203125 0.0109375
6 0.0515625 0.6421875 0.01875 0.009375
6 0.02578125 0.64296875 0.0203125 0.0109375
6 0.05234375 0.96796875 0.0203125 0.0171875
6 0.06484375 0.98984375 0.0265625 0.0171875
6 0.61875 0.74921875 0.021875 0.0109375
6 0.759375 0.76875 0.021875 0.01875
6 0.94375 0.73203125 0.021875 0.0078125
6 0.75234375 0.71015625 0.0171875 0.0171875
6 0.678125 0.5890625 0.009375 0.01875
5 0.809375 0.37890625 0.046875 0.0234375
6 0.70234375 0.98359375 0.0109375 0.0140625
6 0.7984375 0.84609375 0.009375 0.0203125
6 0.91875 0.771875 0.021875 0.015625
6 0.35859375 0.225 0.0109375 0.01875
6 0.3640625 0.24765625 0.0125 0.0203125
6 0.3890625 0.23046875 0.009375 0.0203125
6 0.3953125 0.25234375 0.0125 0.0234375
6 0.5359375 0.32265625 0.021875 0.0140625
6 0.10703125 0.5515625 0.0203125 0.0125
6 0.5109375 0.5171875 0.01875 0.0125
6 0.546875 0.54921875 0.021875 0.0140625
6 0.52578125 0.5453125 0.0171875 0.0125
6 0.49921875 0.62109375 0.0203125 0.0109375
6 0.40234375 0.6765625 0.0171875 0.01875
6 0.315625 0.565625 0.0125 0.021875
6 0.30234375 0.5640625 0.0140625 0.025
5 0.390625 0.61171875 0.071875 0.0203125
6 0.27421875 0.6921875 0.0234375 0.015625
6 0.33515625 0.24296875 0.0078125 0.0171875
6 0.33203125 0.21953125 0.0109375 0.0171875
6 0.18359375 0.65390625 0.0203125 0.0078125
6 0.32265625 0.21640625 0.0109375 0.0171875
6 0.34375 0.0953125 0.01875 0.0125
6 0.3765625 0.1 0.015625 0.0125
6 0.31796875 0.2375 0.0109375 0.01875
6 0.1796875 0.67890625 0.009375 0.0203125
6 0.240625 0.56640625 0.021875 0.0140625
6 0.1421875 0.96171875 0.021875 0.0140625
6 0.55078125 0.98828125 0.0140625 0.0203125
6 0.47421875 0.90703125 0.0203125 0.0171875
6 0.10390625 0.646875 0.0171875 0.01875
6 0.32578125 0.9203125 0.0203125 0.015625
6 0.16015625 0.68046875 0.0078125 0.0234375
6 0.12890625 0.70078125 0.0109375 0.0140625
6 0.08828125 0.7390625 0.0171875 0.009375
6 0.12578125 0.7671875 0.0234375 0.015625
6 0.21640625 0.80703125 0.0109375 0.0234375
6 0.25390625 0.80546875 0.0109375 0.0234375
6 0.27421875 0.803125 0.0109375 0.01875
6 0.29140625 0.8015625 0.0078125 0.01875
6 0.30390625 0.79765625 0.0078125 0.0171875
6 0.31484375 0.80078125 0.0109375 0.0203125
6 0.3828125 0.80546875 0.021875 0.0234375
6 0.48359375 0.7875 0.0171875 0.0125
6 0.18359375 0.8546875 0.0171875 0.025
6 0.2046875 0.84765625 0.015625 0.0234375
6 0.0703125 0.8671875 0.015625 0.009375
6 0.07265625 0.8921875 0.0171875 0.009375
6 0.1671875 0.9375 0.021875 0.0125
6 0.2546875 0.90390625 0.01875 0.0140625
6 0.33125 0.8921875 0.021875 0.015625
