4 0.584375 0.31171875 0.15625 0.1609375
4 0.534375 0.1609375 0.18125 0.1375
6 0.66796875 0.08515625 0.0234375 0.0234375
6 0.8125 0.0234375 0.015625 0.0125
6 0.28828125 0.71640625 0.0109375 0.0203125
6 0.6609375 0.3828125 0.015625 0.025
6 0.67890625 0.375 0.0140625 0.015625
6 0.68671875 0.36796875 0.0140625 0.0203125
6 0.7 0.365625 0.015625 0.021875
6 0.71328125 0.3609375 0.0140625 0.01875
6 0.7234375 0.36015625 0.01875 0.0203125
6 0.73203125 0.35234375 0.0140625 0.0203125
6 0.7390625 0.35 0.0125 0.01875
6 0.74765625 0.34453125 0.0140625 0.0203125
6 0.76640625 0.33828125 0.0140625 0.0203125
6 0.53984375 0.43359375 0.0171875 0.0203125
5 0.490625 0.47421875 0.046875 0.0234375
6 0.5703125 0.57421875 0.0125 0.0171875
6 0.20078125 0.73046875 0.0078125 0.0171875
6 0.21171875 0.73046875 0.0078125 0.0203125
6 0.221875 0.728125 0.009375 0.01875
6 0.23515625 0.7265625 0.0109375 0.01875
6 0.2453125 0.725 0.0125 0.021875
6 0.2640625 0.72421875 0.0125 0.0203125
6 0.65078125 0.38515625 0.0140625 0.0171875
5 0.0921875 0.4125 0.0375 0.04375
6 0.0890625 0.80625 0.021875 0.0125
6 0.27734375 0.71875 0.0109375 0.021875
6 0.3015625 0.71796875 0.0125 0.0203125
6 0.31015625 0.715625 0.0078125 0.01875
6 0.3046875 0.75390625 0.0125 0.0203125
6 0.2828125 0.75625 0.0125 0.021875
6 0.25390625 0.7609375 0.0078125 0.01875
6 0.2453125 0.7640625 0.009375 0.01875
6 0.23359375 0.76484375 0.0109375 0.0203125
6 0.2234375 0.7640625 0.0125 0.021875
6 0.21328125 0.765625 0.0109375 0.01875
6 0.203125 0.76796875 0.009375 0.0171875
6 0.19375 0.77109375 0.009375 0.0171875
6 0.18125 0.77109375 0.009375 0.0171875
6 0.17109375 0.77265625 0.0078125 0.0171875
6 0.28359375 0.81640625 0.0203125 0.0140625
6 0.52734375 0.7828125 0.0203125 0.015625
5 0.65859375 0.75703125 0.0578125 0.0265625
5 0.915625 0.6609375 0.046875 0.028125
6 0.9078125 0.68671875 0.01875 0.0140625
6 0.965625 0.67890625 0.021875 0.0140625
6 0.8703125 0.76640625 0.01875 0.0203125
6 0.9453125 0.7453125 0.01875 0.009375
6 0.94375 0.78984375 0.01875 0.0109375
6 0.2921875 0.75546875 0.0125 0.0203125
6 0.315625 0.753125 0.009375 0.01875
6 0.86328125 0.79609375 0.0078125 0.0171875
6 0.32734375 0.75078125 0.0109375 0.0171875
6 0.31875 0.71328125 0.009375 0.0203125
6 0.328125 0.7140625 0.009375 0.01875
6 0.3390625 0.7125 0.0125 0.01875
6 0.35 0.7109375 0.009375 0.01875
6 0.3671875 0.70546875 0.009375 0.0171875
6 0.3796875 0.7046875 0.0125 0.01875
6 0.38984375 0.7015625 0.0109375 0.021875
6 0.40078125 0.7 0.0109375 0.01875
6 0.4109375 0.69921875 0.0125 0.0203125
6 0.42734375 0.69609375 0.0109375 0.0203125
6 0.44140625 0.6953125 0.0109375 0.021875
6 0.45234375 0.696875 0.0171875 0.021875
6 0.4734375 0.6875 0.0125 0.01875
6 0.4828125 0.684375 0.0125 0.01875
6 0.5546875 0.66875 0.0125 0.021875
6 0.58203125 0.68984375 0.0171875 0.0140625
6 0.41328125 0.7359375 0.0078125 0.015625
6 0.3484375 0.74765625 0.0125 0.0203125
6 0.33828125 0.7484375 0.0078125 0.015625
6 0.90703125 0.78359375 0.0203125 0.0078125
6 0.8703125 0.83046875 0.01875 0.0109375
6 0.95234375 0.8921875 0.0171875 0.009375
6 0.89296875 0.90546875 0.0203125 0.0296875
6 0.76171875 0.925 0.0203125 0.01875
6 0.61328125 0.984375 0.0203125 0.009375
6 0.40703125 0.98203125 0.0234375 0.0109375
6 0.23203125 0.9890625 0.0265625 0.009375
6 0.95390625 0.90234375 0.0140625 0.0109375
6 0.959375 0.8234375 0.01875 0.009375
6 0.34765625 0.93828125 0.0171875 0.0109375
6 0.54921875 0.909375 0.0171875 0.0125
6 0.63984375 0.89921875 0.0203125 0.0078125
6 0.77265625 0.8875 0.0171875 0.009375
6 0.94609375 0.8078125 0.0140625 0.009375
6 0.915625 0.90546875 0.015625 0.0078125
6 0.915625 0.9140625 0.015625 0.009375
6 0.8953125 0.925 0.01875 0.009375
6 0.89296875 0.93671875 0.0203125 0.0109375
6 0.9171875 0.92421875 0.01875 0.0078125
6 0.91796875 0.9328125 0.0203125 0.00625
6 0.91953125 0.94140625 0.0171875 0.0078125
6 0.91796875 0.95 0.0171875 0.009375
6 0.91953125 0.96015625 0.0171875 0.0109375
