6 0.4828125 0.05546875 0.015625 0.0234375
6 0.471875 0.05234375 0.015625 0.0234375
6 0.41953125 0.0359375 0.0140625 0.021875
6 0.71875 0.496875 0.021875 0.015625
6 0.49453125 0.059375 0.0140625 0.025
6 0.503125 0.0640625 0.015625 0.021875
6 0.19921875 0.70390625 0.0171875 0.0078125
6 0.1984375 0.7125 0.015625 0.009375
6 0.196875 0.7234375 0.015625 0.009375
6 0.19765625 0.73125 0.0171875 0.009375
6 0.19765625 0.74140625 0.0140625 0.0078125
6 0.19765625 0.75078125 0.0140625 0.0078125
6 0.21328125 0.66171875 0.0171875 0.0078125
6 0.21328125 0.671875 0.0171875 0.009375
6 0.21328125 0.684375 0.0171875 0.009375
6 0.2171875 0.703125 0.015625 0.009375
6 0.21640625 0.71171875 0.0171875 0.0078125
6 0.2140625 0.72109375 0.01875 0.0078125
6 0.215625 0.73125 0.015625 0.009375
6 0.215625 0.73984375 0.015625 0.0078125
6 0.25390625 0.66171875 0.0171875 0.0109375
6 0.25234375 0.67109375 0.0171875 0.0078125
6 0.253125 0.68203125 0.015625 0.0109375
6 0.25546875 0.69765625 0.0203125 0.0109375
6 0.2546875 0.7171875 0.015625 0.009375
6 0.63828125 0.240625 0.0171875 0.00625
6 0.63671875 0.25703125 0.0140625 0.0078125
6 0.64140625 0.265625 0.0140625 0.00625
6 0.64921875 0.2859375 0.0203125 0.015625
6 0.6484375 0.29921875 0.015625 0.0078125
6 0.965625 0.3859375 0.01875 0.01875
6 0.95703125 0.35625 0.0171875 0.015625
6 0.91484375 0.3859375 0.0171875 0.009375
6 0.64921875 0.275 0.0171875 0.009375
6 0.6375 0.22734375 0.01875 0.0109375
6 0.6296875 0.115625 0.021875 0.0125
6 0.64453125 0.190625 0.0234375 0.0125
6 0.725 0.275 0.01875 0.01875
6 0.19609375 0.68828125 0.0171875 0.0078125
6 0.1921875 0.675 0.01875 0.009375
6 0.19453125 0.66484375 0.0171875 0.0078125
6 0.0125 0.684375 0.015625 0.009375
6 0.03125 0.684375 0.015625 0.009375
6 0.03125 0.7015625 0.0125 0.009375
6 0.01328125 0.740625 0.0171875 0.009375
6 0.01015625 0.70390625 0.0171875 0.0109375
6 0.01484375 0.75078125 0.0203125 0.0109375
6 0.15625 0.7625 0.015625 0.009375
6 0.0953125 0.75078125 0.015625 0.0078125
6 0.096875 0.7703125 0.015625 0.009375
6 0.1515625 0.665625 0.01875 0.009375
6 0.1515625 0.6765625 0.01875 0.009375
6 0.1328125 0.6765625 0.0125 0.00625
6 0.134375 0.6859375 0.015625 0.009375
6 0.1328125 0.69765625 0.015625 0.0078125
6 0.13203125 0.70390625 0.0171875 0.0078125
6 0.1328125 0.71640625 0.01875 0.0109375
6 0.1375 0.725 0.015625 0.009375
6 0.13671875 0.73359375 0.0171875 0.0109375
6 0.134375 0.7453125 0.015625 0.009375
6 0.13515625 0.753125 0.0140625 0.009375
6 0.1375 0.76484375 0.015625 0.0078125
6 0.15390625 0.7046875 0.0171875 0.009375
6 0.15390625 0.7140625 0.0171875 0.00625
6 0.15390625 0.72265625 0.0171875 0.0078125
6 0.15546875 0.734375 0.0203125 0.009375
6 0.15625 0.74453125 0.01875 0.0078125
6 0.15625 0.75234375 0.021875 0.0078125
6 0.096875 0.7609375 0.015625 0.009375
6 0.09609375 0.7421875 0.0171875 0.00625
6 0.01640625 0.76015625 0.0140625 0.0109375
6 0.0953125 0.73359375 0.01875 0.0078125
6 0.034375 0.7390625 0.015625 0.00625
6 0.03671875 0.74921875 0.0171875 0.0078125
6 0.071875 0.66875 0.01875 0.009375
6 0.07109375 0.67734375 0.0171875 0.0109375
6 0.07265625 0.6875 0.0171875 0.009375
6 0.07578125 0.71328125 0.0171875 0.0078125
6 0.07578125 0.72421875 0.0171875 0.0109375
6 0.0765625 0.73359375 0.015625 0.0078125
6 0.075 0.74296875 0.015625 0.0109375
6 0.07734375 0.753125 0.0140625 0.009375
6 0.07890625 0.7625 0.0140625 0.00625
6 0.078125 0.77109375 0.015625 0.0078125
6 0.07890625 0.7796875 0.0140625 0.009375
6 0.0921875 0.66640625 0.015625 0.0078125
6 0.09140625 0.678125 0.0171875 0.009375
6 0.09296875 0.68671875 0.0171875 0.0078125
6 0.09296875 0.6953125 0.0171875 0.0125
6 0.09453125 0.71328125 0.0171875 0.0078125
6 0.09453125 0.72421875 0.0171875 0.0109375
6 0.66796875 0.53515625 0.0171875 0.0109375
6 0.76484375 0.5734375 0.0171875 0.009375
6 0.9796875 0.628125 0.015625 0.009375
6 0.97890625 0.61875 0.0171875 0.009375
6 0.9796875 0.609375 0.015625 0.009375
6 0.97890625 0.60078125 0.0171875 0.0078125
6 0.97890625 0.5921875 0.0171875 0.009375
6 0.978125 0.58203125 0.015625 0.0078125
6 0.93515625 0.59375 0.0171875 0.009375
6 0.93671875 0.58359375 0.0171875 0.0078125
6 0.896875 0.55546875 0.01875 0.0109375
6 0.80859375 0.49375 0.0265625 0.01875
6 0.73046875 0.6203125 0.0234375 0.0125
6 0.80234375 0.6328125 0.0203125 0.0125
6 0.8046875 0.65625 0.0125 0.015625
6 0.84140625 0.6640625 0.0109375 0.015625
6 0.9203125 0.66875 0.01875 0.015625
6 0.52109375 0.51953125 0.0203125 0.0109375
6 0.2578125 0.459375 0.021875 0.015625
6 0.290625 0.46640625 0.01875 0.0171875
6 0.29453125 0.45625 0.0203125 0.009375
6 0.3609375 0.53125 0.01875 0.009375
6 0.25625 0.60234375 0.01875 0.0109375
6 0.40703125 0.590625 0.0203125 0.009375
6 0.4546875 0.63125 0.01875 0.009375
6 0.484375 0.6 0.01875 0.009375
6 0.51640625 0.5828125 0.0171875 0.009375
6 0.228125 0.54296875 0.021875 0.0109375
6 0.12578125 0.6140625 0.0203125 0.0125
6 0.08125 0.59375 0.025 0.0125
6 0.04921875 0.5828125 0.0234375 0.0125
6 0.2109375 0.7859375 0.025 0.015625
6 0.1953125 0.8 0.01875 0.009375
