4 0.22578125 0.60859375 0.2734375 0.2578125
6 0.90625 0.13046875 0.015625 0.0078125
6 0.98046875 0.4453125 0.0140625 0.025
6 0.3328125 0.1984375 0.01875 0.01875
6 0.35703125 0.228125 0.0171875 0.01875
6 0.24140625 0.203125 0.0171875 0.015625
6 0.25390625 0.215625 0.0234375 0.021875
6 0.2703125 0.240625 0.01875 0.01875
6 0.290625 0.2734375 0.01875 0.01875
6 0.55703125 0.2296875 0.0203125 0.0125
6 0.609375 0.215625 0.021875 0.009375
6 0.81953125 0.215625 0.0203125 0.009375
6 0.25390625 0.29375 0.0203125 0.021875
6 0.27109375 0.30703125 0.0234375 0.0203125
6 0.26015625 0.32265625 0.0203125 0.0109375
6 0.2015625 0.31015625 0.015625 0.0171875
6 0.209375 0.30078125 0.021875 0.0234375
6 0.23359375 0.25390625 0.0171875 0.0140625
6 0.23984375 0.265625 0.0203125 0.015625
6 0.21015625 0.225 0.0203125 0.015625
6 0.3171875 0.3125 0.015625 0.015625
6 0.32890625 0.325 0.0171875 0.015625
6 0.35546875 0.365625 0.0171875 0.015625
6 0.34609375 0.2140625 0.0171875 0.015625
6 0.31484375 0.175 0.0140625 0.015625
6 0.3734375 0.390625 0.01875 0.015625
6 0.2046875 0.14765625 0.01875 0.0203125
6 0.83828125 0.0671875 0.0234375 0.0125
6 0.80859375 0.14765625 0.0171875 0.0109375
6 0.73046875 0.178125 0.0171875 0.0125
6 0.4859375 0.1828125 0.01875 0.0125
6 0.503125 0.1390625 0.021875 0.015625
6 0.44296875 0.1265625 0.0234375 0.01875
6 0.41484375 0.1078125 0.0203125 0.01875
6 0.47109375 0.09609375 0.0203125 0.0171875
6 0.49609375 0.09453125 0.0203125 0.0140625
6 0.59375 0.103125 0.01875 0.0125
6 0.48828125 0.0578125 0.0203125 0.015625
6 0.4484375 0.06328125 0.015625 0.0140625
6 0.40390625 0.03046875 0.0234375 0.0234375
6 0.33125 0.03359375 0.021875 0.0234375
6 0.34375 0.0875 0.021875 0.01875
6 0.17109375 0.09609375 0.0140625 0.0140625
6 0.1890625 0.1265625 0.01875 0.01875
6 0.19609375 0.140625 0.0203125 0.01875
6 0.36484375 0.3828125 0.0171875 0.015625
6 0.4171875 0.37421875 0.01875 0.0171875
6 0.38125 0.59609375 0.015625 0.0140625
6 0.4 0.61953125 0.015625 0.0265625
6 0.690625 0.58515625 0.01875 0.0140625
6 0.68984375 0.6 0.0203125 0.01875
6 0.6875 0.621875 0.015625 0.021875
6 0.5421875 0.7984375 0.0125 0.01875
6 0.525 0.79453125 0.015625 0.0265625
6 0.51171875 0.80390625 0.0140625 0.0234375
6 0.459375 0.7625 0.01875 0.01875
6 0.259375 0.678125 0.015625 0.0125
6 0.6625 0.878125 0.015625 0.03125
6 0.41796875 0.6296875 0.0109375 0.021875
6 0.3765625 0.575 0.015625 0.00625
6 0.4234375 0.38125 0.01875 0.015625
6 0.3796875 0.56328125 0.015625 0.0078125
6 0.4328125 0.3953125 0.01875 0.0125
6 0.44140625 0.409375 0.0171875 0.009375
6 0.48515625 0.3765625 0.0203125 0.025
6 0.7296875 0.2765625 0.0125 0.01875
6 0.740625 0.2734375 0.015625 0.01875
6 0.7640625 0.26796875 0.01875 0.0171875
6 0.775 0.26640625 0.021875 0.0234375
6 0.79140625 0.26796875 0.0171875 0.0203125
6 0.8125 0.26640625 0.01875 0.0203125
6 0.67890625 0.4171875 0.0171875 0.025
6 0.71171875 0.4203125 0.0140625 0.01875
6 0.721875 0.41484375 0.0125 0.0203125
6 0.746875 0.4078125 0.015625 0.025
6 0.67734375 0.4625 0.0171875 0.025
6 0.41953125 0.51640625 0.0109375 0.0265625
6 0.3515625 0.48828125 0.01875 0.0109375
6 0.37265625 0.490625 0.0203125 0.015625
