6 0.05625 0.80546875 0.015625 0.0109375
6 0.07734375 0.809375 0.0203125 0.0125
6 0.09140625 0.82734375 0.0234375 0.0109375
6 0.1125 0.85078125 0.01875 0.0140625
4 0.34296875 0.271875 0.1859375 0.178125
4 0.50390625 0.31484375 0.2203125 0.2140625
6 0.46484375 0.81328125 0.0078125 0.0171875
6 0.36640625 0.80859375 0.0078125 0.0171875
6 0.37578125 0.80703125 0.0078125 0.0171875
6 0.38515625 0.80859375 0.0078125 0.0171875
6 0.3953125 0.80859375 0.009375 0.0171875
6 0.40625 0.809375 0.00625 0.01875
6 0.41796875 0.8109375 0.0078125 0.015625
6 0.42890625 0.81171875 0.0078125 0.0171875
6 0.43828125 0.81171875 0.0078125 0.0171875
6 0.4515625 0.81171875 0.009375 0.0171875
6 0.475 0.8125 0.009375 0.01875
6 0.4859375 0.8125 0.009375 0.01875
6 0.58671875 0.77734375 0.0203125 0.0140625
6 0.57109375 0.77890625 0.0140625 0.0203125
6 0.56171875 0.77890625 0.0109375 0.0171875
6 0.53828125 0.778125 0.0078125 0.015625
6 0.5265625 0.778125 0.009375 0.015625
6 0.515625 0.77578125 0.00625 0.0140625
6 0.5046875 0.77578125 0.009375 0.0171875
6 0.4921875 0.77578125 0.009375 0.0171875
6 0.33125 0.80390625 0.009375 0.0203125
6 0.26328125 0.8 0.0265625 0.0125
6 0.41171875 0.8453125 0.0265625 0.0125
6 0.49765625 0.81484375 0.0078125 0.0171875
6 0.4375 0.86640625 0.01875 0.0078125
6 0.415625 0.86640625 0.01875 0.0078125
6 0.37421875 0.8640625 0.0203125 0.009375
6 0.2359375 0.85 0.021875 0.0125
6 0.32734375 0.8421875 0.0203125 0.009375
6 0.35703125 0.83828125 0.0171875 0.0078125
6 0.38515625 0.83984375 0.0171875 0.0078125
6 0.44140625 0.8453125 0.0171875 0.009375
6 0.47734375 0.846875 0.0203125 0.0125
6 0.50078125 0.84765625 0.0140625 0.0078125
6 0.6078125 0.81484375 0.009375 0.0203125
6 0.59296875 0.81484375 0.0109375 0.0171875
6 0.5734375 0.81640625 0.009375 0.0171875
6 0.56328125 0.81640625 0.0078125 0.0171875
6 0.553125 0.81484375 0.00625 0.0171875
6 0.5421875 0.815625 0.009375 0.01875
6 0.53203125 0.815625 0.0078125 0.01875
6 0.52109375 0.8140625 0.0078125 0.01875
6 0.51171875 0.8140625 0.0078125 0.015625
6 0.4828125 0.77578125 0.009375 0.0171875
6 0.46796875 0.775 0.0078125 0.01875
6 0.44375 0.7734375 0.00625 0.015625
6 0.28828125 0.41953125 0.0078125 0.0171875
6 0.30390625 0.41953125 0.0203125 0.0234375
6 0.43359375 0.7734375 0.0078125 0.01875
6 0.41953125 0.46015625 0.0140625 0.0171875
6 0.425 0.7734375 0.009375 0.01875
6 0.41328125 0.77265625 0.0078125 0.0171875
6 0.40390625 0.771875 0.0109375 0.01875
6 0.39296875 0.76875 0.0078125 0.01875
6 0.3765625 0.76953125 0.009375 0.0203125
6 0.35 0.76875 0.009375 0.01875
6 0.33828125 0.76640625 0.0078125 0.0171875
6 0.3265625 0.765625 0.009375 0.01875
6 0.315625 0.76484375 0.0125 0.0171875
6 0.2796875 0.76015625 0.009375 0.0171875
6 0.2671875 0.759375 0.009375 0.01875
6 0.27265625 0.63515625 0.0203125 0.0265625
6 0.38125 0.6125 0.0125 0.0125
5 0.22734375 0.8390625 0.0484375 0.0125
5 0.28984375 0.83671875 0.0453125 0.0109375
6 0.43515625 0.46015625 0.0109375 0.0171875
6 0.43359375 0.4921875 0.0078125 0.0125
6 0.4765625 0.8703125 0.01875 0.009375
6 0.18359375 0.8921875 0.0171875 0.021875
6 0.196875 0.9125 0.01875 0.01875
6 0.55859375 0.9 0.0203125 0.0125
6 0.61640625 0.8875 0.0203125 0.0125
6 0.68515625 0.871875 0.0203125 0.0125
6 0.77421875 0.8125 0.0265625 0.0125
6 0.81484375 0.81171875 0.0203125 0.0109375
6 0.7203125 0.78359375 0.01875 0.0140625
6 0.6828125 0.78828125 0.021875 0.0171875
6 0.1265625 0.8421875 0.021875 0.015625
6 0.121875 0.91484375 0.0125 0.0171875
6 0.096875 0.9078125 0.01875 0.015625
6 0.16328125 0.8921875 0.0171875 0.01875
6 0.14609375 0.85546875 0.0171875 0.0140625
6 0.1734375 0.8328125 0.021875 0.01875
6 0.18359375 0.85625 0.0203125 0.0125
6 0.16640625 0.86171875 0.0171875 0.0234375
6 0.16796875 0.8796875 0.0171875 0.015625
6 0.38203125 0.93203125 0.0171875 0.0109375
6 0.20625 0.96640625 0.021875 0.0140625
6 0.1984375 0.95703125 0.01875 0.0109375
