6 0.475 0.0125 0.009375 0.015625
6 0.925 0.94765625 0.009375 0.0171875
6 0.67734375 0.9671875 0.0171875 0.034375
6 0.5140625 0.24375 0.025 0.040625
6 0.45546875 0.0359375 0.0203125 0.0125
6 0.321875 0.04609375 0.01875 0.0109375
6 0.3734375 0.0984375 0.015625 0.00625
6 0.2484375 0.02421875 0.009375 0.0171875
6 0.65 0.01796875 0.009375 0.0203125
6 0.63203125 0.0203125 0.0078125 0.01875
6 0.621875 0.0171875 0.009375 0.01875
6 0.6125 0.01796875 0.009375 0.0203125
4 0.1203125 0.2421875 0.14375 0.1375
4 0.2734375 0.2265625 0.15 0.15625
4 0.43359375 0.22578125 0.1546875 0.1765625
4 0.51640625 0.81328125 0.2765625 0.3078125
