4 0.18515625 0.69453125 0.3203125 0.3328125
6 0.0109375 0.9859375 0.009375 0.021875
6 0.021875 0.98046875 0.00625 0.0203125
6 0.0109375 0.95703125 0.009375 0.0203125
6 0.11015625 0.90703125 0.0109375 0.0203125
6 0.02890625 0.94375 0.0171875 0.0125
6 0.03203125 0.92890625 0.0203125 0.0078125
6 0.10859375 0.87890625 0.0109375 0.0203125
6 0.12265625 0.85703125 0.0078125 0.0171875
6 0.1078125 0.52109375 0.01875 0.0234375
6 0.1296875 0.51328125 0.01875 0.0109375
6 0.02734375 0.58203125 0.0171875 0.0203125
6 0.14765625 0.85703125 0.0109375 0.0234375
6 0.146875 0.88359375 0.0125 0.0203125
6 0.12421875 0.8859375 0.0109375 0.021875
