6 0.125 0.8109375 0.015625 0.0125
6 0.16015625 0.8 0.0203125 0.015625
6 0.19921875 0.803125 0.0171875 0.0125
6 0.2125 0.78828125 0.01875 0.0109375
6 0.3125 0.78125 0.01875 0.009375
6 0.41015625 0.78515625 0.0234375 0.0109375
6 0.44921875 0.7890625 0.0234375 0.0125
6 0.471875 0.81875 0.021875 0.0125
6 0.55625 0.80546875 0.015625 0.0109375
6 0.57734375 0.809375 0.0203125 0.0125
6 0.59140625 0.82734375 0.0234375 0.0109375
6 0.6125 0.85078125 0.01875 0.0140625
6 0.13984375 0.83203125 0.0203125 0.0140625
6 0.05078125 0.96484375 0.0171875 0.0078125
6 0.171875 0.94453125 0.015625 0.0078125
6 0.171875 0.9546875 0.015625 0.009375
6 0.15078125 0.946875 0.0171875 0.009375
6 0.22734375 0.87109375 0.0171875 0.0078125
6 0.228125 0.8796875 0.015625 0.00625
6 0.21171875 0.88203125 0.0171875 0.0109375
6 0.2078125 0.88984375 0.015625 0.0109375
6 0.2296875 0.8984375 0.015625 0.009375
6 0.20703125 0.90859375 0.0171875 0.0078125
6 0.23125 0.92421875 0.015625 0.0078125
6 0.23203125 0.93359375 0.0171875 0.0109375
6 0.24921875 0.93984375 0.0140625 0.0265625
6 0.21171875 0.925 0.0171875 0.009375
6 0.27265625 0.9484375 0.0171875 0.009375
6 0.29296875 0.946875 0.0171875 0.00625
6 0.2921875 0.93671875 0.015625 0.0078125
6 0.26796875 0.9203125 0.0171875 0.0125
6 0.28671875 0.91796875 0.0140625 0.0078125
6 0.284375 0.9046875 0.009375 0.01875
6 0.17421875 0.9734375 0.0171875 0.0125
6 0.0515625 0.95625 0.015625 0.00625
6 0.26640625 0.88671875 0.0171875 0.0078125
6 0.03125 0.95703125 0.01875 0.0109375
6 0.04375 0.928125 0.01875 0.0125
6 0.02578125 0.92578125 0.0203125 0.0109375
6 0.04140625 0.9203125 0.0171875 0.015625
6 0.10703125 0.90625 0.0140625 0.009375
6 0.14609375 0.8859375 0.0140625 0.0125
6 0.1671875 0.89296875 0.0125 0.0078125
6 0.16875 0.9015625 0.01875 0.009375
6 0.171875 0.9109375 0.01875 0.009375
6 0.1484375 0.9125 0.021875 0.009375
6 0.14921875 0.903125 0.0140625 0.009375
6 0.0890625 0.9265625 0.015625 0.009375
6 0.08984375 0.934375 0.0140625 0.00625
6 0.0890625 0.94453125 0.015625 0.0078125
6 0.0921875 0.9515625 0.015625 0.009375
6 0.1109375 0.959375 0.015625 0.009375
6 0.29453125 0.9015625 0.0078125 0.021875
6 0.265625 0.86953125 0.01875 0.0078125
6 0.28046875 0.8703125 0.0078125 0.01875
6 0.31796875 0.86796875 0.0109375 0.0203125
6 0.26875 0.903125 0.01875 0.009375
6 0.33671875 0.9359375 0.0171875 0.009375
6 0.3359375 0.9265625 0.01875 0.009375
6 0.3265625 0.8875 0.009375 0.01875
6 0.32890625 0.90546875 0.0078125 0.0171875
6 0.4046875 0.94765625 0.021875 0.0109375
6 0.3203125 0.98671875 0.021875 0.0078125
6 0.45859375 0.971875 0.0203125 0.0125
4 0.84296875 0.271875 0.1859375 0.178125
4 0.17265625 0.20703125 0.1421875 0.1390625
6 0.96484375 0.81328125 0.0078125 0.0171875
6 0.86640625 0.80859375 0.0078125 0.0171875
6 0.87578125 0.80703125 0.0078125 0.0171875
6 0.88515625 0.80859375 0.0078125 0.0171875
6 0.8953125 0.80859375 0.009375 0.0171875
6 0.90625 0.809375 0.00625 0.01875
6 0.91796875 0.8109375 0.0078125 0.015625
6 0.92890625 0.81171875 0.0078125 0.0171875
6 0.93828125 0.81171875 0.0078125 0.0171875
6 0.9515625 0.81171875 0.009375 0.0171875
6 0.975 0.8125 0.009375 0.01875
6 0.9859375 0.8125 0.009375 0.01875
6 0.9921875 0.77578125 0.009375 0.0171875
6 0.83125 0.80390625 0.009375 0.0203125
6 0.76328125 0.8 0.0265625 0.0125
6 0.91171875 0.8453125 0.0265625 0.0125
6 0.9375 0.86640625 0.01875 0.0078125
6 0.915625 0.86640625 0.01875 0.0078125
6 0.87421875 0.8640625 0.0203125 0.009375
6 0.7359375 0.85 0.021875 0.0125
6 0.82734375 0.8421875 0.0203125 0.009375
6 0.85703125 0.83828125 0.0171875 0.0078125
6 0.88515625 0.83984375 0.0171875 0.0078125
6 0.94140625 0.8453125 0.0171875 0.009375
6 0.97734375 0.846875 0.0203125 0.0125
6 0.9828125 0.77578125 0.009375 0.0171875
6 0.96796875 0.775 0.0078125 0.01875
6 0.94375 0.7734375 0.00625 0.015625
6 0.78828125 0.41953125 0.0078125 0.0171875
6 0.80390625 0.41953125 0.0203125 0.0234375
6 0.93359375 0.7734375 0.0078125 0.01875
6 0.91953125 0.46015625 0.0140625 0.0171875
6 0.925 0.7734375 0.009375 0.01875
6 0.91328125 0.77265625 0.0078125 0.0171875
6 0.90390625 0.771875 0.0109375 0.01875
6 0.89296875 0.76875 0.0078125 0.01875
6 0.8765625 0.76953125 0.009375 0.0203125
6 0.85 0.76875 0.009375 0.01875
6 0.83828125 0.76640625 0.0078125 0.0171875
6 0.8265625 0.765625 0.009375 0.01875
6 0.815625 0.76484375 0.0125 0.0171875
6 0.7796875 0.76015625 0.009375 0.0171875
6 0.7671875 0.759375 0.009375 0.01875
6 0.77265625 0.63515625 0.0203125 0.0265625
6 0.88125 0.6125 0.0125 0.0125
5 0.72734375 0.8390625 0.0484375 0.0125
5 0.78984375 0.83671875 0.0453125 0.0109375
6 0.93515625 0.46015625 0.0109375 0.0171875
6 0.93359375 0.4921875 0.0078125 0.0125
6 0.9765625 0.8703125 0.01875 0.009375
6 0.68359375 0.8921875 0.0171875 0.021875
6 0.696875 0.9125 0.01875 0.01875
6 0.6265625 0.8421875 0.021875 0.015625
6 0.621875 0.91484375 0.0125 0.0171875
6 0.596875 0.9078125 0.01875 0.015625
6 0.66328125 0.8921875 0.0171875 0.01875
6 0.64609375 0.85546875 0.0171875 0.0140625
6 0.6734375 0.8328125 0.021875 0.01875
6 0.68359375 0.85625 0.0203125 0.0125
6 0.66640625 0.86171875 0.0171875 0.0234375
6 0.66796875 0.8796875 0.0171875 0.015625
6 0.88203125 0.93203125 0.0171875 0.0109375
6 0.70625 0.96640625 0.021875 0.0140625
6 0.6984375 0.95703125 0.01875 0.0109375
