6 0.4828125 0.55546875 0.015625 0.0234375
6 0.471875 0.55234375 0.015625 0.0234375
6 0.41953125 0.5359375 0.0140625 0.021875
6 0.4828125 0.50234375 0.01875 0.0203125
6 0.528125 0.4953125 0.015625 0.021875
6 0.49453125 0.47890625 0.0140625 0.0203125
6 0.425 0.44765625 0.009375 0.0171875
6 0.17734375 0.4671875 0.0171875 0.034375
6 0.49453125 0.559375 0.0140625 0.025
6 0.503125 0.5640625 0.015625 0.021875
6 0.63828125 0.740625 0.0171875 0.00625
6 0.63671875 0.75703125 0.0140625 0.0078125
6 0.64140625 0.765625 0.0140625 0.00625
6 0.64921875 0.7859375 0.0203125 0.015625
6 0.6484375 0.79921875 0.015625 0.0078125
6 0.965625 0.8859375 0.01875 0.01875
6 0.95703125 0.85625 0.0171875 0.015625
6 0.91484375 0.8859375 0.0171875 0.009375
6 0.64921875 0.775 0.0171875 0.009375
6 0.6375 0.72734375 0.01875 0.0109375
6 0.6296875 0.615625 0.021875 0.0125
6 0.51640625 0.49140625 0.0171875 0.0265625
6 0.50625 0.48671875 0.015625 0.0234375
6 0.64453125 0.690625 0.0234375 0.0125
6 0.725 0.775 0.01875 0.01875
4 0.79765625 0.2421875 0.1390625 0.153125
4 0.36796875 0.30078125 0.3453125 0.3421875
4 0.6796875 0.35390625 0.19375 0.2015625
6 0.2578125 0.959375 0.021875 0.015625
6 0.290625 0.96640625 0.01875 0.0171875
6 0.29453125 0.95625 0.0203125 0.009375
