6 0.61171875 0.978125 0.0109375 0.01875
6 0.58828125 0.98515625 0.0171875 0.0171875
6 0.52578125 0.9796875 0.0078125 0.01875
6 0.50625 0.984375 0.00625 0.01875
6 0.5171875 0.98203125 0.009375 0.0203125
6 0.4828125 0.984375 0.00625 0.015625
6 0.653125 0.940625 0.015625 0.009375
6 0.6546875 0.95 0.01875 0.009375
6 0.6546875 0.9625 0.015625 0.009375
6 0.7171875 0.9078125 0.015625 0.0125
6 0.65078125 0.87421875 0.0171875 0.0078125
6 0.653125 0.8984375 0.015625 0.009375
6 0.6515625 0.865625 0.01875 0.009375
6 0.46640625 0.9859375 0.0078125 0.01875
6 0.4359375 0.9890625 0.009375 0.015625
6 0.60390625 0.203125 0.0109375 0.01875
6 0.37109375 0.359375 0.0078125 0.01875
6 0.34453125 0.2078125 0.0078125 0.01875
6 0.36328125 0.17578125 0.0078125 0.0171875
6 0.25390625 0.02265625 0.0109375 0.0171875
6 0.1859375 0.0125 0.009375 0.025
5 0.26640625 0.03671875 0.0234375 0.0234375
5 0.215625 0.0296875 0.025 0.021875
5 0.16484375 0.0203125 0.0234375 0.021875
6 0.64921875 0.85546875 0.0171875 0.0078125
6 0.90703125 0.4109375 0.0203125 0.0125
6 0.95546875 0.40859375 0.0171875 0.0078125
6 0.8828125 0.434375 0.009375 0.01875
6 0.8703125 0.64765625 0.01875 0.0234375
6 0.8078125 0.66015625 0.01875 0.0203125
5 0.784375 0.73125 0.040625 0.04375
6 0.66875 0.79453125 0.01875 0.0109375
6 0.6390625 0.7828125 0.015625 0.009375
6 0.63046875 0.84296875 0.0171875 0.0171875
6 0.6734375 0.821875 0.015625 0.009375
6 0.69375 0.81875 0.01875 0.009375
6 0.67890625 0.85625 0.0203125 0.009375
6 0.653125 0.884375 0.015625 0.009375
6 0.6796875 0.88671875 0.0125 0.0109375
6 0.73203125 0.9234375 0.0171875 0.00625
6 0.6453125 0.80234375 0.01875 0.0078125
6 0.6453125 0.8140625 0.015625 0.009375
6 0.9578125 0.3859375 0.01875 0.009375
6 0.9046875 0.4015625 0.01875 0.009375
6 0.90390625 0.3890625 0.0203125 0.009375
6 0.58984375 0.0265625 0.0109375 0.01875
6 0.590625 0.05078125 0.009375 0.0203125
6 0.65 0.2640625 0.009375 0.015625
6 0.9046875 0.353125 0.01875 0.0125
6 0.90234375 0.3703125 0.0171875 0.009375
