6 0.85625 0.92421875 0.015625 0.0109375
6 0.96171875 0.9109375 0.0203125 0.009375
6 0.259375 0.8125 0.01875 0.025
6 0.30546875 0.803125 0.0171875 0.015625
6 0.44296875 0.87109375 0.0140625 0.0171875
6 0.43125 0.871875 0.015625 0.01875
6 0.421875 0.87734375 0.015625 0.0203125
6 0.41484375 0.88125 0.0140625 0.01875
6 0.4046875 0.88515625 0.0125 0.0171875
6 0.3953125 0.8890625 0.0125 0.01875
6 0.3796875 0.89453125 0.0125 0.0203125
6 0.56171875 0.98828125 0.0171875 0.0171875
4 0.40078125 0.39453125 0.1734375 0.1734375
