4 0.16640625 0.26171875 0.2640625 0.2421875
4 0.1921875 0.546875 0.30625 0.28125
4 0.8171875 0.34375 0.303125 0.278125
4 0.84140625 0.67734375 0.3109375 0.2734375
6 0.271875 0.44765625 0.021875 0.0234375
6 0.23203125 0.14765625 0.0171875 0.0265625
6 0.23984375 0.17265625 0.0078125 0.0203125
6 0.31484375 0.0875 0.0203125 0.0125
6 0.5578125 0.07578125 0.0125 0.0203125
5 0.8984375 0.20234375 0.040625 0.0546875
5 0.9 0.29765625 0.015625 0.0421875
5 0.90546875 0.36953125 0.0171875 0.0421875
6 0.63359375 0.3796875 0.0234375 0.0125
6 0.628125 0.39609375 0.015625 0.0109375
6 0.62578125 0.409375 0.0203125 0.009375
6 0.7578125 0.4984375 0.0125 0.021875
6 0.659375 0.74453125 0.01875 0.0109375
