6 0.9828125 0.55546875 0.015625 0.0234375
6 0.971875 0.55234375 0.015625 0.0234375
6 0.91953125 0.5359375 0.0140625 0.021875
6 0.9828125 0.50234375 0.01875 0.0203125
6 0.925 0.44765625 0.009375 0.0171875
6 0.67734375 0.4671875 0.0171875 0.034375
6 0.35625 0.92421875 0.015625 0.0109375
6 0.46171875 0.9109375 0.0203125 0.009375
6 0.06171875 0.98828125 0.0171875 0.0171875
4 0.51640625 0.31328125 0.2765625 0.3078125
6 0.7578125 0.959375 0.021875 0.015625
6 0.790625 0.96640625 0.01875 0.0171875
6 0.79453125 0.95625 0.0203125 0.009375
