6 0.28828125 0.21640625 0.0109375 0.0203125
6 0.5703125 0.07421875 0.0125 0.0171875
6 0.20078125 0.23046875 0.0078125 0.0171875
6 0.21171875 0.23046875 0.0078125 0.0203125
6 0.221875 0.228125 0.009375 0.01875
6 0.23515625 0.2265625 0.0109375 0.01875
6 0.2453125 0.225 0.0125 0.021875
6 0.2640625 0.22421875 0.0125 0.0203125
6 0.0890625 0.30625 0.021875 0.0125
6 0.27734375 0.21875 0.0109375 0.021875
6 0.3015625 0.21796875 0.0125 0.0203125
6 0.51484375 0.77265625 0.0171875 0.0078125
6 0.2203125 0.60703125 0.01875 0.0078125
6 0.26875 0.60703125 0.021875 0.0109375
6 0.34140625 0.6078125 0.0171875 0.009375
6 0.38515625 0.6078125 0.0203125 0.009375
6 0.4421875 0.6078125 0.01875 0.009375
6 0.46328125 0.63984375 0.0171875 0.0171875
6 0.4484375 0.6390625 0.01875 0.015625
6 0.4375 0.6484375 0.01875 0.009375
6 0.5140625 0.76328125 0.01875 0.0078125
6 0.515625 0.78203125 0.01875 0.0078125
6 0.31015625 0.215625 0.0078125 0.01875
6 0.5140625 0.790625 0.01875 0.009375
6 0.59375 0.79921875 0.0125 0.0140625
6 0.60234375 0.7921875 0.0171875 0.01875
6 0.609375 0.7890625 0.015625 0.015625
6 0.61875 0.78359375 0.015625 0.0203125
6 0.62578125 0.77890625 0.0140625 0.0171875
6 0.63515625 0.7734375 0.0171875 0.01875
6 0.65390625 0.76640625 0.0171875 0.0203125
6 0.66171875 0.759375 0.0171875 0.025
6 0.19296875 0.60703125 0.0140625 0.0078125
6 0.17578125 0.60703125 0.0140625 0.0078125
6 0.15625 0.609375 0.0125 0.009375
6 0.2109375 0.57265625 0.009375 0.0203125
6 0.43515625 0.575 0.0078125 0.01875
6 0.4265625 0.57578125 0.00625 0.0171875
6 0.41640625 0.57734375 0.0078125 0.0171875
6 0.40625 0.57578125 0.009375 0.0171875
6 0.39765625 0.571875 0.0078125 0.015625
6 0.37734375 0.57578125 0.0078125 0.0171875
6 0.36796875 0.57421875 0.0078125 0.0203125
6 0.35859375 0.5734375 0.0078125 0.021875
6 0.34921875 0.57578125 0.0078125 0.0140625
6 0.33046875 0.57265625 0.0078125 0.0203125
6 0.31875 0.575 0.009375 0.01875
6 0.31015625 0.5734375 0.0078125 0.01875
6 0.30078125 0.57109375 0.0078125 0.0171875
6 0.290625 0.57265625 0.009375 0.0203125
6 0.2734375 0.57265625 0.009375 0.0171875
6 0.26328125 0.57265625 0.0078125 0.0203125
6 0.253125 0.57421875 0.009375 0.0171875
6 0.240625 0.57421875 0.009375 0.0171875
6 0.2328125 0.56953125 0.009375 0.0203125
6 0.51328125 0.87421875 0.0171875 0.0078125
6 0.515625 0.88359375 0.015625 0.0078125
6 0.4484375 0.88515625 0.015625 0.0171875
6 0.4296875 0.91875 0.0125 0.015625
6 0.43984375 0.93984375 0.0171875 0.0140625
6 0.40234375 0.8984375 0.0171875 0.01875
6 0.38046875 0.928125 0.0140625 0.015625
6 0.371875 0.9328125 0.015625 0.015625
6 0.1765625 0.9640625 0.01875 0.015625
6 0.28125 0.96015625 0.009375 0.0203125
6 0.33515625 0.93515625 0.0234375 0.0203125
6 0.453125 0.9875 0.009375 0.015625
6 0.475 0.9875 0.009375 0.015625
6 0.484375 0.98515625 0.009375 0.0171875
6 0.49453125 0.984375 0.0109375 0.01875
6 0.515625 0.984375 0.009375 0.01875
6 0.525 0.98359375 0.009375 0.0203125
6 0.44453125 0.5734375 0.0078125 0.01875
6 0.45390625 0.57421875 0.0078125 0.0171875
6 0.4640625 0.57265625 0.009375 0.0234375
6 0.3046875 0.25390625 0.0125 0.0203125
6 0.2828125 0.25625 0.0125 0.021875
6 0.25390625 0.2609375 0.0078125 0.01875
6 0.2453125 0.2640625 0.009375 0.01875
6 0.23359375 0.26484375 0.0109375 0.0203125
6 0.2234375 0.2640625 0.0125 0.021875
6 0.21328125 0.265625 0.0109375 0.01875
6 0.203125 0.26796875 0.009375 0.0171875
6 0.19375 0.27109375 0.009375 0.0171875
6 0.18125 0.27109375 0.009375 0.0171875
6 0.17109375 0.27265625 0.0078125 0.0171875
6 0.28359375 0.31640625 0.0203125 0.0140625
6 0.52734375 0.2828125 0.0203125 0.015625
5 0.65859375 0.25703125 0.0578125 0.0265625
5 0.915625 0.1609375 0.046875 0.028125
6 0.9078125 0.18671875 0.01875 0.0140625
6 0.965625 0.17890625 0.021875 0.0140625
6 0.8703125 0.26640625 0.01875 0.0203125
6 0.9453125 0.2453125 0.01875 0.009375
6 0.94375 0.28984375 0.01875 0.0109375
6 0.2921875 0.25546875 0.0125 0.0203125
6 0.315625 0.253125 0.009375 0.01875
6 0.86328125 0.29609375 0.0078125 0.0171875
6 0.32734375 0.25078125 0.0109375 0.0171875
6 0.31875 0.21328125 0.009375 0.0203125
6 0.328125 0.2140625 0.009375 0.01875
6 0.3390625 0.2125 0.0125 0.01875
6 0.35 0.2109375 0.009375 0.01875
6 0.3671875 0.20546875 0.009375 0.0171875
6 0.3796875 0.2046875 0.0125 0.01875
6 0.38984375 0.2015625 0.0109375 0.021875
6 0.40078125 0.2 0.0109375 0.01875
6 0.4109375 0.19921875 0.0125 0.0203125
6 0.42734375 0.19609375 0.0109375 0.0203125
6 0.44140625 0.1953125 0.0109375 0.021875
6 0.45234375 0.196875 0.0171875 0.021875
6 0.4734375 0.1875 0.0125 0.01875
6 0.4828125 0.184375 0.0125 0.01875
6 0.5546875 0.16875 0.0125 0.021875
6 0.58203125 0.18984375 0.0171875 0.0140625
6 0.41328125 0.2359375 0.0078125 0.015625
6 0.3484375 0.24765625 0.0125 0.0203125
6 0.33828125 0.2484375 0.0078125 0.015625
6 0.90703125 0.28359375 0.0203125 0.0078125
6 0.8703125 0.33046875 0.01875 0.0109375
6 0.4734375 0.57578125 0.009375 0.0171875
6 0.95234375 0.3921875 0.0171875 0.009375
6 0.89296875 0.40546875 0.0203125 0.0296875
6 0.76171875 0.425 0.0203125 0.01875
6 0.61328125 0.484375 0.0203125 0.009375
6 0.40703125 0.48203125 0.0234375 0.0109375
6 0.23203125 0.4890625 0.0265625 0.009375
6 0.1953125 0.5078125 0.01875 0.009375
6 0.29453125 0.53671875 0.0171875 0.0078125
6 0.31328125 0.5359375 0.0140625 0.009375
6 0.3328125 0.5375 0.01875 0.009375
6 0.3921875 0.5375 0.01875 0.009375
6 0.48515625 0.540625 0.0171875 0.0125
6 0.6015625 0.55 0.015625 0.00625
6 0.65859375 0.58984375 0.0109375 0.0171875
6 0.56640625 0.59140625 0.0234375 0.0109375
6 0.5453125 0.58828125 0.01875 0.0109375
6 0.5140625 0.5796875 0.009375 0.01875
6 0.50078125 0.5796875 0.0078125 0.015625
6 0.4828125 0.57578125 0.009375 0.0171875
6 0.95390625 0.40234375 0.0140625 0.0109375
6 0.959375 0.3234375 0.01875 0.009375
6 0.34765625 0.43828125 0.0171875 0.0109375
6 0.54921875 0.409375 0.0171875 0.0125
6 0.63984375 0.39921875 0.0203125 0.0078125
6 0.77265625 0.3875 0.0171875 0.009375
6 0.94609375 0.3078125 0.0140625 0.009375
6 0.915625 0.40546875 0.015625 0.0078125
6 0.915625 0.4140625 0.015625 0.009375
6 0.8953125 0.425 0.01875 0.009375
6 0.89296875 0.43671875 0.0203125 0.0109375
6 0.9171875 0.42421875 0.01875 0.0078125
6 0.91796875 0.4328125 0.0203125 0.00625
6 0.91953125 0.44140625 0.0171875 0.0078125
6 0.91796875 0.45 0.0171875 0.009375
6 0.91953125 0.46015625 0.0171875 0.0109375
