4 0.5421875 0.38671875 0.228125 0.2203125
4 0.54296875 0.6640625 0.2796875 0.278125
6 0.725 0.99375 0.01875 0.009375
6 0.7359375 0.85234375 0.009375 0.0171875
6 0.72109375 0.64375 0.0203125 0.015625
6 0.71484375 0.628125 0.0109375 0.01875
6 0.7078125 0.603125 0.009375 0.01875
6 0.6921875 0.44921875 0.015625 0.0078125
5 0.97578125 0.571875 0.0171875 0.046875
6 0.98125 0.428125 0.01875 0.009375
6 0.60859375 0.2453125 0.0109375 0.021875
6 0.97265625 0.42109375 0.0171875 0.0078125
6 0.971875 0.3921875 0.01875 0.01875
5 0.95 0.37421875 0.01875 0.0671875
6 0.9296875 0.1984375 0.009375 0.01875
6 0.9359375 0.25234375 0.009375 0.0203125
