6 0.4921875 0.6875 0.009375 0.01875
6 0.509375 0.6875 0.009375 0.021875
6 0.5203125 0.6421875 0.009375 0.015625
6 0.51015625 0.64453125 0.0109375 0.0171875
6 0.48515625 0.64609375 0.0109375 0.0203125
6 0.61171875 0.478125 0.0109375 0.01875
6 0.58828125 0.48515625 0.0171875 0.0171875
6 0.52578125 0.4796875 0.0078125 0.01875
6 0.50625 0.484375 0.00625 0.01875
6 0.5171875 0.48203125 0.009375 0.0203125
6 0.4828125 0.484375 0.00625 0.015625
6 0.653125 0.440625 0.015625 0.009375
6 0.6546875 0.45 0.01875 0.009375
6 0.6546875 0.4625 0.015625 0.009375
6 0.7171875 0.4078125 0.015625 0.0125
6 0.65078125 0.37421875 0.0171875 0.0078125
6 0.653125 0.3984375 0.015625 0.009375
6 0.6515625 0.365625 0.01875 0.009375
6 0.46640625 0.4859375 0.0078125 0.01875
6 0.4359375 0.4890625 0.009375 0.015625
6 0.34140625 0.49609375 0.0078125 0.0171875
6 0.36484375 0.49375 0.0078125 0.015625
6 0.64921875 0.35546875 0.0171875 0.0078125
6 0.8703125 0.14765625 0.01875 0.0234375
6 0.8078125 0.16015625 0.01875 0.0203125
5 0.784375 0.23125 0.040625 0.04375
6 0.66875 0.29453125 0.01875 0.0109375
6 0.6390625 0.2828125 0.015625 0.009375
6 0.63046875 0.34296875 0.0171875 0.0171875
6 0.6734375 0.321875 0.015625 0.009375
6 0.69375 0.31875 0.01875 0.009375
6 0.67890625 0.35625 0.0203125 0.009375
6 0.653125 0.384375 0.015625 0.009375
6 0.6796875 0.38671875 0.0125 0.0109375
6 0.73203125 0.4234375 0.0171875 0.00625
6 0.6453125 0.30234375 0.01875 0.0078125
6 0.6453125 0.3140625 0.015625 0.009375
