6 0.0453125 0.096875 0.015625 0.009375
6 0.0875 0.08828125 0.01875 0.0109375
6 0.11484375 0.084375 0.0171875 0.0125
6 0.13671875 0.0796875 0.0203125 0.0125
6 0.26484375 0.07890625 0.0265625 0.0109375
6 0.2296875 0.08046875 0.015625 0.0078125
6 0.23203125 0.090625 0.0171875 0.009375
6 0.25390625 0.0921875 0.0203125 0.009375
6 0.33359375 0.096875 0.0203125 0.009375
6 0.31171875 0.09921875 0.0203125 0.0109375
6 0.29140625 0.09609375 0.0171875 0.0109375
6 0.27578125 0.10546875 0.0203125 0.0109375
6 0.253125 0.10625 0.01875 0.009375
6 0.2328125 0.1078125 0.015625 0.009375
6 0.21171875 0.09296875 0.0234375 0.0203125
6 0.203125 0.10625 0.01875 0.01875
6 0.190625 0.11171875 0.01875 0.0234375
6 0.14375 0.11796875 0.0125 0.0203125
6 0.60390625 0.703125 0.0109375 0.01875
6 0.37109375 0.859375 0.0078125 0.01875
6 0.34453125 0.7078125 0.0078125 0.01875
6 0.36328125 0.67578125 0.0078125 0.0171875
6 0.25390625 0.52265625 0.0109375 0.0171875
6 0.21171875 0.50546875 0.0109375 0.0203125
6 0.1859375 0.5125 0.009375 0.025
5 0.26640625 0.53671875 0.0234375 0.0234375
5 0.215625 0.5296875 0.025 0.021875
5 0.16484375 0.5203125 0.0234375 0.021875
6 0.153125 0.1171875 0.0125 0.01875
6 0.12578125 0.12109375 0.0109375 0.0203125
6 0.06875 0.1296875 0.0125 0.01875
6 0.3171875 0.028125 0.015625 0.009375
6 0.3390625 0.015625 0.01875 0.009375
6 0.10859375 0.01484375 0.0171875 0.0078125
6 0.06015625 0.0296875 0.0203125 0.01875
6 0.04140625 0.04453125 0.0140625 0.0140625
6 0.0234375 0.05 0.015625 0.0125
6 0.7203125 0.10703125 0.01875 0.0078125
6 0.76875 0.10703125 0.021875 0.0109375
6 0.84140625 0.1078125 0.0171875 0.009375
6 0.88515625 0.1078125 0.0203125 0.009375
6 0.9421875 0.1078125 0.01875 0.009375
6 0.96328125 0.13984375 0.0171875 0.0171875
6 0.9484375 0.1390625 0.01875 0.015625
6 0.9375 0.1484375 0.01875 0.009375
6 0.69296875 0.10703125 0.0140625 0.0078125
6 0.67578125 0.10703125 0.0140625 0.0078125
6 0.65625 0.109375 0.0125 0.009375
6 0.7109375 0.07265625 0.009375 0.0203125
6 0.93515625 0.075 0.0078125 0.01875
6 0.9265625 0.07578125 0.00625 0.0171875
6 0.91640625 0.07734375 0.0078125 0.0171875
6 0.90625 0.07578125 0.009375 0.0171875
6 0.89765625 0.071875 0.0078125 0.015625
6 0.87734375 0.07578125 0.0078125 0.0171875
6 0.86796875 0.07421875 0.0078125 0.0203125
6 0.85859375 0.0734375 0.0078125 0.021875
6 0.84921875 0.07578125 0.0078125 0.0140625
6 0.83046875 0.07265625 0.0078125 0.0203125
6 0.81875 0.075 0.009375 0.01875
6 0.81015625 0.0734375 0.0078125 0.01875
6 0.80078125 0.07109375 0.0078125 0.0171875
6 0.790625 0.07265625 0.009375 0.0203125
6 0.7734375 0.07265625 0.009375 0.0171875
6 0.76328125 0.07265625 0.0078125 0.0203125
6 0.753125 0.07421875 0.009375 0.0171875
6 0.740625 0.07421875 0.009375 0.0171875
6 0.7328125 0.06953125 0.009375 0.0203125
6 0.9484375 0.38515625 0.015625 0.0171875
6 0.90703125 0.9109375 0.0203125 0.0125
6 0.95546875 0.90859375 0.0171875 0.0078125
6 0.8828125 0.934375 0.009375 0.01875
6 0.9578125 0.8859375 0.01875 0.009375
6 0.9046875 0.9015625 0.01875 0.009375
6 0.9296875 0.41875 0.0125 0.015625
6 0.90390625 0.8890625 0.0203125 0.009375
6 0.93984375 0.43984375 0.0171875 0.0140625
6 0.90234375 0.3984375 0.0171875 0.01875
6 0.88046875 0.428125 0.0140625 0.015625
6 0.871875 0.4328125 0.015625 0.015625
6 0.6765625 0.4640625 0.01875 0.015625
6 0.58984375 0.5265625 0.0109375 0.01875
6 0.590625 0.55078125 0.009375 0.0203125
6 0.6890625 0.50234375 0.0125 0.0203125
6 0.78125 0.46015625 0.009375 0.0203125
6 0.83515625 0.43515625 0.0234375 0.0203125
6 0.953125 0.4875 0.009375 0.015625
6 0.975 0.4875 0.009375 0.015625
6 0.984375 0.48515625 0.009375 0.0171875
6 0.65 0.7640625 0.009375 0.015625
6 0.9046875 0.853125 0.01875 0.0125
6 0.90234375 0.8703125 0.0171875 0.009375
6 0.94453125 0.0734375 0.0078125 0.01875
6 0.95390625 0.07421875 0.0078125 0.0171875
6 0.9640625 0.07265625 0.009375 0.0234375
6 0.9734375 0.07578125 0.009375 0.0171875
6 0.6953125 0.0078125 0.01875 0.009375
6 0.79453125 0.03671875 0.0171875 0.0078125
6 0.81328125 0.0359375 0.0140625 0.009375
6 0.8328125 0.0375 0.01875 0.009375
6 0.8921875 0.0375 0.01875 0.009375
6 0.98515625 0.040625 0.0171875 0.0125
6 0.9828125 0.07578125 0.009375 0.0171875
