6 0.69921875 0.20390625 0.0171875 0.0078125
6 0.6984375 0.2125 0.015625 0.009375
6 0.696875 0.2234375 0.015625 0.009375
6 0.69765625 0.23125 0.0171875 0.009375
6 0.69765625 0.24140625 0.0140625 0.0078125
6 0.69765625 0.25078125 0.0140625 0.0078125
6 0.71328125 0.16171875 0.0171875 0.0078125
6 0.71328125 0.171875 0.0171875 0.009375
6 0.71328125 0.184375 0.0171875 0.009375
6 0.7171875 0.203125 0.015625 0.009375
6 0.71640625 0.21171875 0.0171875 0.0078125
6 0.7140625 0.22109375 0.01875 0.0078125
6 0.715625 0.23125 0.015625 0.009375
6 0.715625 0.23984375 0.015625 0.0078125
6 0.75390625 0.16171875 0.0171875 0.0109375
6 0.75234375 0.17109375 0.0171875 0.0078125
6 0.753125 0.18203125 0.015625 0.0109375
6 0.75546875 0.19765625 0.0203125 0.0109375
6 0.7546875 0.2171875 0.015625 0.009375
6 0.69609375 0.18828125 0.0171875 0.0078125
6 0.6921875 0.175 0.01875 0.009375
6 0.69453125 0.16484375 0.0171875 0.0078125
6 0.453125 0.259375 0.01875 0.009375
6 0.45390625 0.2421875 0.0140625 0.009375
6 0.45390625 0.23046875 0.0171875 0.0078125
6 0.453125 0.221875 0.01875 0.009375
6 0.45078125 0.20625 0.0171875 0.009375
6 0.44921875 0.19453125 0.0171875 0.0078125
6 0.44921875 0.18515625 0.0171875 0.0078125
6 0.46953125 0.19375 0.0171875 0.009375
6 0.475 0.2875 0.015625 0.009375
6 0.47421875 0.27734375 0.0171875 0.0109375
6 0.475 0.26796875 0.015625 0.0078125
6 0.47421875 0.259375 0.0171875 0.009375
6 0.4734375 0.24921875 0.01875 0.0078125
6 0.47265625 0.23984375 0.0140625 0.0078125
6 0.471875 0.23046875 0.015625 0.0078125
6 0.47265625 0.221875 0.0171875 0.009375
6 0.4703125 0.203125 0.015625 0.009375
6 0.5125 0.184375 0.015625 0.009375
6 0.53125 0.184375 0.015625 0.009375
6 0.53125 0.2015625 0.0125 0.009375
6 0.45390625 0.24921875 0.0171875 0.0078125
6 0.4546875 0.26953125 0.01875 0.0078125
6 0.51328125 0.240625 0.0171875 0.009375
6 0.45703125 0.27890625 0.0171875 0.0078125
6 0.39296875 0.234375 0.0140625 0.009375
6 0.39375 0.2421875 0.015625 0.00625
6 0.39453125 0.2515625 0.0171875 0.009375
6 0.3953125 0.26171875 0.015625 0.0078125
6 0.396875 0.271875 0.015625 0.009375
6 0.39765625 0.290625 0.0140625 0.009375
6 0.39375 0.28046875 0.015625 0.0078125
6 0.39609375 0.30078125 0.0171875 0.0078125
6 0.41171875 0.221875 0.0140625 0.009375
6 0.41015625 0.23359375 0.0171875 0.0078125
6 0.4109375 0.24140625 0.0125 0.0078125
6 0.4125 0.25078125 0.015625 0.0078125
6 0.4125 0.259375 0.015625 0.009375
6 0.4125 0.26796875 0.015625 0.0078125
6 0.4125 0.278125 0.015625 0.009375
6 0.41484375 0.28828125 0.0171875 0.0078125
6 0.41484375 0.296875 0.0171875 0.009375
6 0.45546875 0.296875 0.0171875 0.00625
6 0.45703125 0.2890625 0.0140625 0.00625
6 0.51015625 0.20390625 0.0171875 0.0109375
6 0.51484375 0.25078125 0.0203125 0.0109375
6 0.65625 0.2625 0.015625 0.009375
6 0.5953125 0.25078125 0.015625 0.0078125
6 0.596875 0.2703125 0.015625 0.009375
6 0.6515625 0.165625 0.01875 0.009375
6 0.6515625 0.1765625 0.01875 0.009375
6 0.6328125 0.1765625 0.0125 0.00625
6 0.634375 0.1859375 0.015625 0.009375
6 0.6328125 0.19765625 0.015625 0.0078125
6 0.63203125 0.20390625 0.0171875 0.0078125
6 0.6328125 0.21640625 0.01875 0.0109375
6 0.6375 0.225 0.015625 0.009375
6 0.63671875 0.23359375 0.0171875 0.0109375
6 0.634375 0.2453125 0.015625 0.009375
6 0.63515625 0.253125 0.0140625 0.009375
6 0.6375 0.26484375 0.015625 0.0078125
6 0.65390625 0.2046875 0.0171875 0.009375
6 0.65390625 0.2140625 0.0171875 0.00625
6 0.65390625 0.22265625 0.0171875 0.0078125
6 0.65546875 0.234375 0.0203125 0.009375
6 0.65625 0.24453125 0.01875 0.0078125
6 0.65625 0.25234375 0.021875 0.0078125
6 0.596875 0.2609375 0.015625 0.009375
6 0.59609375 0.2421875 0.0171875 0.00625
6 0.51640625 0.26015625 0.0140625 0.0109375
6 0.5953125 0.23359375 0.01875 0.0078125
6 0.534375 0.2390625 0.015625 0.00625
6 0.53671875 0.24921875 0.0171875 0.0078125
6 0.571875 0.16875 0.01875 0.009375
6 0.57109375 0.17734375 0.0171875 0.0109375
6 0.57265625 0.1875 0.0171875 0.009375
6 0.57578125 0.21328125 0.0171875 0.0078125
6 0.57578125 0.22421875 0.0171875 0.0109375
6 0.5765625 0.23359375 0.015625 0.0078125
6 0.575 0.24296875 0.015625 0.0109375
6 0.57734375 0.253125 0.0140625 0.009375
6 0.57890625 0.2625 0.0140625 0.00625
6 0.578125 0.27109375 0.015625 0.0078125
6 0.57890625 0.2796875 0.0140625 0.009375
6 0.5921875 0.16640625 0.015625 0.0078125
6 0.59140625 0.178125 0.0171875 0.009375
6 0.59296875 0.18671875 0.0171875 0.0078125
6 0.59296875 0.1953125 0.0171875 0.0125
6 0.59453125 0.21328125 0.0171875 0.0078125
6 0.59453125 0.22421875 0.0171875 0.0109375
6 0.39140625 0.215625 0.0140625 0.009375
6 0.3921875 0.22421875 0.015625 0.0078125
6 0.4109375 0.2046875 0.015625 0.009375
6 0.10546875 0.1703125 0.0203125 0.009375
6 0.14453125 0.11328125 0.0203125 0.0078125
4 0.8 0.88828125 0.196875 0.2046875
6 0.0421875 0.134375 0.01875 0.0125
6 0.409375 0.1953125 0.015625 0.00625
6 0.8609375 0.03125 0.01875 0.009375
6 0.75625 0.10234375 0.01875 0.0109375
6 0.90703125 0.090625 0.0203125 0.009375
6 0.9546875 0.13125 0.01875 0.009375
6 0.984375 0.1 0.01875 0.009375
6 0.2234375 0.20078125 0.021875 0.0078125
6 0.22578125 0.21015625 0.0171875 0.0109375
6 0.22578125 0.22265625 0.0203125 0.0078125
6 0.225 0.2375 0.01875 0.00625
6 0.22421875 0.24375 0.0203125 0.00625
6 0.2265625 0.25703125 0.01875 0.0109375
6 0.2265625 0.265625 0.01875 0.009375
6 0.228125 0.2765625 0.015625 0.00625
6 0.23046875 0.28671875 0.0171875 0.0078125
6 0.26875 0.184375 0.015625 0.009375
6 0.728125 0.04296875 0.021875 0.0109375
6 0.62578125 0.1140625 0.0203125 0.0125
6 0.58125 0.09375 0.025 0.0125
6 0.54921875 0.0828125 0.0234375 0.0125
6 0.23671875 0.32421875 0.0203125 0.0171875
6 0.27421875 0.33203125 0.0171875 0.0078125
6 0.2734375 0.3421875 0.01875 0.0125
6 0.309375 0.33515625 0.021875 0.0078125
6 0.29453125 0.34296875 0.0171875 0.0078125
6 0.3140625 0.346875 0.015625 0.009375
6 0.33515625 0.34765625 0.0171875 0.0078125
6 0.39140625 0.32890625 0.0171875 0.0109375
6 0.4390625 0.34375 0.01875 0.009375
6 0.48828125 0.340625 0.0203125 0.009375
6 0.7109375 0.2859375 0.025 0.015625
6 0.6953125 0.3 0.01875 0.009375
6 0.2140625 0.165625 0.021875 0.009375
6 0.25703125 0.1390625 0.0203125 0.009375
6 0.22421875 0.10234375 0.0171875 0.0109375
6 0.2953125 0.1 0.021875 0.009375
6 0.33203125 0.14921875 0.0171875 0.0109375
6 0.371875 0.15859375 0.021875 0.0109375
6 0.409375 0.16015625 0.021875 0.0109375
6 0.2671875 0.20390625 0.015625 0.0078125
6 0.26796875 0.21328125 0.0171875 0.0109375
6 0.26796875 0.2328125 0.0171875 0.009375
6 0.32890625 0.2421875 0.0171875 0.00625
6 0.334375 0.26015625 0.015625 0.0078125
6 0.334375 0.26953125 0.015625 0.0078125
6 0.334375 0.28046875 0.015625 0.0078125
6 0.31875 0.296875 0.009375 0.015625
6 0.33359375 0.28984375 0.0171875 0.0078125
6 0.35390625 0.296875 0.0171875 0.009375
6 0.3515625 0.278125 0.01875 0.009375
6 0.35390625 0.27109375 0.0171875 0.0078125
6 0.3515625 0.2578125 0.015625 0.00625
6 0.35 0.24921875 0.015625 0.0078125
6 0.34765625 0.240625 0.0171875 0.009375
6 0.346875 0.23125 0.015625 0.009375
6 0.35 0.21171875 0.01875 0.0078125
6 0.346875 0.19765625 0.015625 0.0078125
6 0.34765625 0.1859375 0.0171875 0.009375
6 0.3875 0.17890625 0.015625 0.0078125
6 0.38984375 0.1890625 0.0140625 0.009375
6 0.40703125 0.1765625 0.0140625 0.009375
6 0.4078125 0.1875 0.015625 0.009375
6 0.33203125 0.25 0.0140625 0.009375
6 0.32890625 0.23203125 0.0171875 0.0078125
6 0.26953125 0.24140625 0.0171875 0.0078125
6 0.33046875 0.21484375 0.0171875 0.0078125
6 0.2703125 0.25 0.01875 0.009375
6 0.2703125 0.2609375 0.01875 0.009375
6 0.27109375 0.2703125 0.0140625 0.009375
6 0.27109375 0.2796875 0.0140625 0.00625
6 0.271875 0.2921875 0.015625 0.009375
6 0.29296875 0.296875 0.0171875 0.009375
6 0.29140625 0.2890625 0.0171875 0.009375
6 0.2921875 0.2796875 0.01875 0.00625
6 0.290625 0.2703125 0.015625 0.009375
6 0.290625 0.26171875 0.015625 0.0078125
6 0.28984375 0.25 0.0171875 0.009375
6 0.2875 0.24140625 0.015625 0.0078125
6 0.28671875 0.225 0.0171875 0.009375
6 0.2875 0.215625 0.021875 0.009375
6 0.28515625 0.203125 0.0171875 0.009375
6 0.28515625 0.1921875 0.0171875 0.009375
6 0.32734375 0.18671875 0.0171875 0.0078125
6 0.32890625 0.196875 0.0203125 0.009375
6 0.32890625 0.2078125 0.0140625 0.00625
6 0.21328125 0.3234375 0.0203125 0.0125
6 0.06796875 0.6078125 0.0140625 0.021875
6 0.7625 0.70625 0.0125 0.01875
6 0.93671875 0.63515625 0.0171875 0.0140625
6 0.75390625 0.71484375 0.0203125 0.0234375
6 0.7390625 0.725 0.009375 0.015625
6 0.42421875 0.72265625 0.0171875 0.0078125
6 0.04140625 0.2984375 0.0171875 0.025
6 0.053125 0.2984375 0.015625 0.025
