4 0.6578125 0.14453125 0.134375 0.1390625
4 0.90390625 0.17421875 0.1109375 0.1203125
4 0.35234375 0.10625 0.0546875 0.065625
4 0.2234375 0.08984375 0.109375 0.1171875
4 0.48203125 0.1171875 0.1203125 0.115625
4 0.3078125 0.378125 0.128125 0.128125
4 0.53359375 0.33125 0.1140625 0.115625
4 0.93671875 0.525 0.0515625 0.05
4 0.896875 0.4375 0.065625 0.065625
4 0.6390625 0.4 0.103125 0.10625
4 0.7296875 0.33671875 0.15625 0.1609375
4 0.58125 0.2265625 0.140625 0.13125
4 0.79765625 0.24296875 0.1140625 0.1109375
