4 0.25703125 0.1953125 0.1328125 0.125
4 0.3203125 0.29296875 0.084375 0.0828125
4 0.08828125 0.6625 0.1296875 0.121875
4 0.140625 0.77421875 0.121875 0.1171875
4 0.89765625 0.88125 0.0796875 0.0875
4 0.79765625 0.4140625 0.1203125 0.125
4 0.87421875 0.14375 0.1171875 0.134375
4 0.8046875 0.05 0.053125 0.0625
4 0.73515625 0.07890625 0.0640625 0.0609375
4 0.7671875 0.94140625 0.1 0.0953125
4 0.5484375 0.9203125 0.065625 0.05625
4 0.53984375 0.81171875 0.1015625 0.0890625
4 0.7359375 0.64296875 0.078125 0.0640625
4 0.4765625 0.5890625 0.128125 0.128125
4 0.42109375 0.49296875 0.1078125 0.1046875
4 0.6015625 0.3421875 0.121875 0.11875
