4 0.18515625 0.484375 0.0859375 0.078125
4 0.08828125 0.1625 0.1296875 0.121875
4 0.140625 0.27421875 0.121875 0.1171875
4 0.2078125 0.590625 0.09375 0.090625
4 0.89765625 0.38125 0.0796875 0.0875
4 0.77890625 0.91015625 0.0546875 0.0484375
4 0.78125 0.86875 0.053125 0.040625
4 0.61640625 0.79453125 0.0546875 0.0421875
4 0.621875 0.84140625 0.059375 0.0421875
4 0.61015625 0.7484375 0.0546875 0.0375
4 0.60546875 0.7015625 0.0578125 0.040625
4 0.76171875 0.68515625 0.0578125 0.0421875
4 0.7703125 0.6390625 0.05 0.040625
4 0.571875 0.62421875 0.0875 0.0796875
4 0.775 0.5578125 0.0875 0.08125
4 0.553125 0.51953125 0.0625 0.0546875
4 0.7671875 0.44140625 0.1 0.0953125
4 0.5484375 0.4203125 0.065625 0.05625
4 0.53984375 0.31171875 0.1015625 0.0890625
4 0.7359375 0.14296875 0.078125 0.0640625
4 0.4765625 0.0890625 0.128125 0.128125
