4 0.39765625 0.88125 0.0796875 0.0875
4 0.29765625 0.4140625 0.1203125 0.125
4 0.6078125 0.36015625 0.13125 0.1265625
4 0.4921875 0.20625 0.13125 0.134375
4 0.60859375 0.20546875 0.1109375 0.1234375
4 0.68828125 0.1640625 0.1421875 0.134375
4 0.63984375 0.08046875 0.1703125 0.1609375
4 0.37421875 0.14375 0.1171875 0.134375
4 0.3046875 0.05 0.053125 0.0625
4 0.23515625 0.07890625 0.0640625 0.0609375
4 0.2671875 0.94140625 0.1 0.0953125
4 0.0484375 0.9203125 0.065625 0.05625
4 0.2359375 0.64296875 0.078125 0.0640625
4 0.1015625 0.3421875 0.121875 0.11875
