4 0.1828125 0.471875 0.06875 0.05625
4 0.15078125 0.5390625 0.0828125 0.075
4 0.09609375 0.58984375 0.0640625 0.0703125
4 0.19375 0.7609375 0.071875 0.071875
4 0.4359375 0.8046875 0.1125 0.1
4 0.42578125 0.91796875 0.0578125 0.0421875
4 0.75703125 0.1953125 0.1328125 0.125
4 0.8203125 0.29296875 0.084375 0.0828125
4 0.50390625 0.3515625 0.1046875 0.09375
4 0.5109375 0.465625 0.109375 0.103125
4 0.53828125 0.565625 0.1015625 0.1
4 0.58828125 0.6625 0.1296875 0.121875
4 0.640625 0.77421875 0.121875 0.1171875
4 0.92109375 0.49296875 0.1078125 0.1046875
