4 0.6828125 0.471875 0.06875 0.05625
4 0.65078125 0.5390625 0.0828125 0.075
4 0.59609375 0.58984375 0.0640625 0.0703125
4 0.69375 0.7609375 0.071875 0.071875
4 0.9359375 0.8046875 0.1125 0.1
4 0.92578125 0.91796875 0.0578125 0.0421875
4 0.5265625 0.328125 0.06875 0.06875
4 0.1578125 0.14453125 0.134375 0.1390625
4 0.40390625 0.17421875 0.1109375 0.1203125
4 0.43671875 0.525 0.0515625 0.05
4 0.396875 0.4375 0.065625 0.065625
4 0.4828125 0.39921875 0.065625 0.0703125
4 0.1390625 0.4 0.103125 0.10625
4 0.2296875 0.33671875 0.15625 0.1609375
4 0.08125 0.2265625 0.140625 0.13125
4 0.29765625 0.24296875 0.1140625 0.1109375
