6 0.96640625 0.04375 0.0171875 0.034375
6 0.94765625 0.0453125 0.0234375 0.0375
6 0.61953125 0.60078125 0.0359375 0.0265625
6 0.59921875 0.19375 0.0203125 0.034375
6 0.58046875 0.19296875 0.0203125 0.0421875
6 0.56015625 0.196875 0.0203125 0.03125
6 0.38046875 0.14765625 0.0296875 0.0171875
6 0.09921875 0.20390625 0.0171875 0.0265625
5 0.38359375 0.75390625 0.0390625 0.0484375
6 0.43203125 0.72890625 0.0265625 0.0359375
5 0.3796875 0.11640625 0.040625 0.0171875
6 0.38203125 0.096875 0.0328125 0.015625
6 0.38515625 0.0609375 0.0328125 0.015625
6 0.51875 0.18828125 0.01875 0.0296875
6 0.63984375 0.54140625 0.0390625 0.0265625
6 0.03359375 0.21328125 0.0140625 0.0296875
6 0.575 0.49921875 0.034375 0.0265625
6 0.49609375 0.55859375 0.0265625 0.0296875
6 0.4984375 0.58203125 0.028125 0.0328125
6 0.240625 0.4546875 0.028125 0.0375
6 0.259375 0.0984375 0.01875 0.03125
6 0.33984375 0.19921875 0.0171875 0.0359375
6 0.31953125 0.2 0.0171875 0.034375
6 0.3015625 0.1984375 0.01875 0.040625
6 0.28125 0.1984375 0.01875 0.04375
6 0.26640625 0.19921875 0.0140625 0.0296875
6 0.0515625 0.2140625 0.015625 0.034375
4 0.74375 0.92734375 0.059375 0.0671875
4 0.80078125 0.90703125 0.0609375 0.0671875
4 0.29453125 0.88671875 0.0640625 0.0703125
4 0.328125 0.94453125 0.09375 0.0859375
4 0.1640625 0.8546875 0.090625 0.1
4 0.06328125 0.43984375 0.0703125 0.0640625
4 0.378125 0.56875 0.065625 0.075
4 0.25703125 0.54140625 0.0703125 0.0703125
4 0.19140625 0.50625 0.0515625 0.0625
4 0.0484375 0.80390625 0.046875 0.0546875
6 0.61953125 0.190625 0.0234375 0.046875
6 0.64453125 0.196875 0.0203125 0.03125
6 0.65078125 0.14921875 0.0171875 0.0328125
6 0.71640625 0.1140625 0.0328125 0.015625
6 0.703125 0.0625 0.03125 0.0125
6 0.6484375 0.075 0.028125 0.015625
6 0.67734375 0.18515625 0.0171875 0.0328125
6 0.5234375 0.61328125 0.021875 0.0265625
6 0.49609375 0.81875 0.0265625 0.034375
6 0.48359375 0.81171875 0.0265625 0.0328125
6 0.46875 0.8 0.03125 0.040625
6 0.453125 0.73671875 0.03125 0.0359375
6 0.59375 0.6953125 0.040625 0.0375
6 0.56875 0.671875 0.025 0.03125
6 0.5515625 0.66328125 0.025 0.0359375
6 0.534375 0.65703125 0.025 0.0328125
6 0.5421875 0.6234375 0.028125 0.03125
