6 0.39609375 0.21953125 0.0203125 0.0390625
6 0.37578125 0.22265625 0.0203125 0.0390625
6 0.35546875 0.2171875 0.0171875 0.03125
6 0.3546875 0.11796875 0.028125 0.0328125
6 0.2984375 0.115625 0.025 0.034375
6 0.234375 0.125 0.01875 0.040625
6 0.33671875 0.21796875 0.0203125 0.0296875
6 0.31640625 0.21875 0.0203125 0.03125
6 0.20859375 0.1578125 0.0359375 0.021875
6 0.209375 0.17734375 0.0375 0.0171875
6 0.190625 0.21796875 0.021875 0.0359375
6 0.1546875 0.21640625 0.01875 0.0328125
6 0.03671875 0.97578125 0.0359375 0.0328125
6 0.4296875 0.2171875 0.0125 0.03125
6 0.4140625 0.215625 0.015625 0.03125
6 0.4453125 0.21796875 0.015625 0.0296875
6 0.46328125 0.2171875 0.0140625 0.03125
6 0.50859375 0.12421875 0.0359375 0.0171875
6 0.8984375 0.86796875 0.025 0.0421875
6 0.4609375 0.28125 0.03125 0.015625
