6 0.11953125 0.10078125 0.0359375 0.0265625
6 0.13984375 0.04140625 0.0390625 0.0265625
4 0.24375 0.42734375 0.059375 0.0671875
4 0.903125 0.75703125 0.075 0.0890625
4 0.92890625 0.68515625 0.0671875 0.0859375
4 0.6578125 0.753125 0.06875 0.084375
4 0.6609375 0.62421875 0.0625 0.0703125
4 0.684375 0.67890625 0.059375 0.0734375
4 0.69296875 0.5515625 0.0671875 0.075
4 0.4390625 0.6703125 0.071875 0.08125
4 0.47109375 0.59609375 0.0609375 0.0796875
4 0.49921875 0.52265625 0.0640625 0.0765625
4 0.47421875 0.46875 0.0671875 0.078125
4 0.21875 0.50390625 0.0625 0.0734375
4 0.2703125 0.47890625 0.0625 0.0734375
4 0.30078125 0.40703125 0.0609375 0.0671875
4 0.84765625 0.78125 0.0640625 0.084375
6 0.0234375 0.11328125 0.021875 0.0265625
6 0.09375 0.1953125 0.040625 0.0375
6 0.06875 0.171875 0.025 0.03125
6 0.0515625 0.16328125 0.025 0.0359375
6 0.034375 0.15703125 0.025 0.0328125
6 0.0421875 0.1234375 0.028125 0.03125
