6 0.61953125 0.10078125 0.0359375 0.0265625
5 0.38359375 0.25390625 0.0390625 0.0484375
6 0.43203125 0.22890625 0.0265625 0.0359375
6 0.63984375 0.04140625 0.0390625 0.0265625
6 0.49609375 0.05859375 0.0265625 0.0296875
6 0.4984375 0.08203125 0.028125 0.0328125
4 0.74375 0.42734375 0.059375 0.0671875
4 0.9390625 0.6703125 0.071875 0.08125
4 0.71875 0.50390625 0.0625 0.0734375
4 0.7703125 0.47890625 0.0625 0.0734375
4 0.80078125 0.40703125 0.0609375 0.0671875
4 0.29453125 0.38671875 0.0640625 0.0703125
4 0.39921875 0.49765625 0.0734375 0.0734375
4 0.328125 0.44453125 0.09375 0.0859375
4 0.1640625 0.3546875 0.090625 0.1
4 0.378125 0.06875 0.065625 0.075
4 0.25703125 0.04140625 0.0703125 0.0703125
4 0.0484375 0.30390625 0.046875 0.0546875
6 0.5234375 0.11328125 0.021875 0.0265625
6 0.49609375 0.31875 0.0265625 0.034375
6 0.48359375 0.31171875 0.0265625 0.0328125
6 0.46875 0.3 0.03125 0.040625
6 0.453125 0.23671875 0.03125 0.0359375
6 0.59375 0.1953125 0.040625 0.0375
6 0.56875 0.171875 0.025 0.03125
6 0.5515625 0.16328125 0.025 0.0359375
6 0.534375 0.15703125 0.025 0.0328125
6 0.5421875 0.1234375 0.028125 0.03125
