4 0.4484375 0.76484375 0.08125 0.0734375
4 0.37421875 0.7390625 0.0921875 0.08125
4 0.29765625 0.7078125 0.0859375 0.075
4 0.15 0.653125 0.08125 0.06875
4 0.3765625 0.56953125 0.078125 0.0671875
4 0.353125 0.51328125 0.08125 0.0703125
4 0.44921875 0.5984375 0.0765625 0.06875
4 0.43203125 0.53984375 0.0734375 0.0578125
4 0.50234375 0.5640625 0.0703125 0.065625
4 0.559375 0.53359375 0.065625 0.0765625
4 0.63515625 0.453125 0.0703125 0.0625
4 0.5625 0.42421875 0.075 0.0609375
4 0.48671875 0.39296875 0.0765625 0.0640625
4 0.41640625 0.36875 0.0734375 0.0625
4 0.340625 0.33515625 0.071875 0.0640625
4 0.2671875 0.3109375 0.078125 0.065625
4 0.19140625 0.28203125 0.0734375 0.0609375
4 0.0453125 0.22265625 0.08125 0.0671875
6 0.0828125 0.91875 0.021875 0.03125
6 0.05 0.90625 0.028125 0.034375
