6 0.3875 0.03359375 0.01875 0.0296875
6 0.4140625 0.178125 0.015625 0.03125
6 0.39609375 0.175 0.0203125 0.03125
6 0.4140625 0.14140625 0.01875 0.0328125
6 0.43203125 0.13984375 0.0171875 0.0296875
6 0.43125 0.1109375 0.015625 0.028125
6 0.41484375 0.11015625 0.0171875 0.0296875
6 0.3953125 0.12734375 0.015625 0.0328125
6 0.27578125 0.065625 0.0390625 0.01875
6 0.275 0.02734375 0.028125 0.0171875
6 0.45625 0.03828125 0.01875 0.0296875
6 0.41953125 0.04453125 0.0140625 0.0390625
6 0.40234375 0.03671875 0.0140625 0.0328125
6 0.36640625 0.03359375 0.0171875 0.0296875
6 0.4453125 0.196875 0.015625 0.03125
6 0.42890625 0.20390625 0.0171875 0.0390625
6 0.47734375 0.21328125 0.0140625 0.0296875
6 0.88046875 0.14765625 0.0296875 0.0171875
6 0.59921875 0.20390625 0.0171875 0.0265625
5 0.88359375 0.75390625 0.0390625 0.0484375
6 0.93203125 0.72890625 0.0265625 0.0359375
6 0.48359375 0.4453125 0.0296875 0.040625
5 0.8796875 0.11640625 0.040625 0.0171875
6 0.88203125 0.096875 0.0328125 0.015625
6 0.88515625 0.0609375 0.0328125 0.015625
6 0.53359375 0.21328125 0.0140625 0.0296875
6 0.740625 0.4546875 0.028125 0.0375
6 0.759375 0.0984375 0.01875 0.03125
6 0.83984375 0.19921875 0.0171875 0.0359375
6 0.81953125 0.2 0.0171875 0.034375
6 0.8015625 0.1984375 0.01875 0.040625
6 0.78125 0.1984375 0.01875 0.04375
6 0.76640625 0.19921875 0.0140625 0.0296875
6 0.5515625 0.2140625 0.015625 0.034375
6 0.50390625 0.2140625 0.0203125 0.03125
4 0.79453125 0.88671875 0.0640625 0.0703125
4 0.828125 0.94453125 0.09375 0.0859375
4 0.6640625 0.8546875 0.090625 0.1
4 0.56328125 0.43984375 0.0703125 0.0640625
4 0.878125 0.56875 0.065625 0.075
4 0.75703125 0.54140625 0.0703125 0.0703125
4 0.69140625 0.50625 0.0515625 0.0625
4 0.5484375 0.80390625 0.046875 0.0546875
6 0.98359375 0.81171875 0.0265625 0.0328125
6 0.96875 0.8 0.03125 0.040625
6 0.953125 0.73671875 0.03125 0.0359375
4 0.290625 0.42734375 0.06875 0.0515625
