6 0.89609375 0.21953125 0.0203125 0.0390625
6 0.87578125 0.22265625 0.0203125 0.0390625
6 0.85546875 0.2171875 0.0171875 0.03125
6 0.8546875 0.11796875 0.028125 0.0328125
6 0.7984375 0.115625 0.025 0.034375
6 0.734375 0.125 0.01875 0.040625
6 0.83671875 0.21796875 0.0203125 0.0296875
6 0.81640625 0.21875 0.0203125 0.03125
6 0.70859375 0.1578125 0.0359375 0.021875
6 0.709375 0.17734375 0.0375 0.0171875
6 0.690625 0.21796875 0.021875 0.0359375
6 0.6546875 0.21640625 0.01875 0.0328125
6 0.53671875 0.97578125 0.0359375 0.0328125
6 0.9296875 0.2171875 0.0125 0.03125
6 0.9140625 0.215625 0.015625 0.03125
6 0.9453125 0.21796875 0.015625 0.0296875
6 0.96328125 0.2171875 0.0140625 0.03125
6 0.9609375 0.28125 0.03125 0.015625
