5 0.5890625 0.6484375 0.05 0.03125
5 0.63046875 0.86640625 0.0328125 0.0484375
4 0.396875 0.55078125 0.05625 0.0703125
4 0.4296875 0.60078125 0.065625 0.0703125
4 0.46875 0.4484375 0.053125 0.065625
4 0.4875 0.3703125 0.0625 0.071875
4 0.77109375 0.33515625 0.0859375 0.0796875
4 0.8921875 0.33984375 0.0875 0.0765625
4 0.890625 0.16875 0.084375 0.06875
6 0.9515625 0.8703125 0.025 0.03125
6 0.60078125 0.61875 0.0421875 0.028125
6 0.98359375 0.884375 0.0265625 0.03125
6 0.96875 0.87734375 0.028125 0.0328125
6 0.53984375 0.79765625 0.0203125 0.0328125
6 0.840625 0.94921875 0.028125 0.0296875
6 0.82109375 0.934375 0.0265625 0.03125
6 0.71328125 0.89765625 0.0265625 0.0328125
6 0.6859375 0.8078125 0.021875 0.034375
6 0.7046875 0.81328125 0.025 0.0328125
6 0.7421875 0.9078125 0.028125 0.034375
6 0.7640625 0.9140625 0.021875 0.03125
6 0.9375 0.9015625 0.025 0.034375
6 0.90234375 0.88828125 0.0296875 0.0328125
6 0.8875 0.88203125 0.028125 0.0390625
6 0.87109375 0.8734375 0.0265625 0.03125
6 0.8578125 0.8671875 0.028125 0.034375
6 0.83828125 0.8609375 0.0296875 0.034375
6 0.80703125 0.85234375 0.0296875 0.0328125
6 0.89921875 0.853125 0.0265625 0.034375
6 0.884375 0.8453125 0.025 0.034375
6 0.86953125 0.83828125 0.0234375 0.0296875
6 0.85390625 0.83125 0.0234375 0.034375
6 0.8375 0.8265625 0.03125 0.0375
6 0.81875 0.8203125 0.025 0.03125
6 0.8015625 0.81484375 0.025 0.0328125
6 0.784375 0.81015625 0.025 0.0359375
6 0.76875 0.80390625 0.021875 0.0328125
6 0.721875 0.821875 0.028125 0.034375
6 0.7375 0.8328125 0.025 0.034375
