4 0.9484375 0.26484375 0.08125 0.0734375
4 0.87421875 0.2390625 0.0921875 0.08125
4 0.79765625 0.2078125 0.0859375 0.075
4 0.65 0.153125 0.08125 0.06875
4 0.8765625 0.06953125 0.078125 0.0671875
4 0.94921875 0.0984375 0.0765625 0.06875
4 0.93203125 0.03984375 0.0734375 0.0578125
5 0.0890625 0.1484375 0.05 0.03125
5 0.13046875 0.36640625 0.0328125 0.0484375
6 0.4515625 0.3703125 0.025 0.03125
6 0.10078125 0.11875 0.0421875 0.028125
6 0.5828125 0.41875 0.021875 0.03125
6 0.55 0.40625 0.028125 0.034375
6 0.48984375 0.42265625 0.0265625 0.0390625
6 0.5015625 0.384375 0.028125 0.040625
6 0.48359375 0.384375 0.0265625 0.03125
5 0.70234375 0.87109375 0.0859375 0.0515625
6 0.46875 0.37734375 0.028125 0.0328125
6 0.03984375 0.29765625 0.0203125 0.0328125
6 0.340625 0.44921875 0.028125 0.0296875
6 0.32109375 0.434375 0.0265625 0.03125
6 0.21328125 0.39765625 0.0265625 0.0328125
6 0.1859375 0.3078125 0.021875 0.034375
6 0.2046875 0.31328125 0.025 0.0328125
6 0.2421875 0.4078125 0.028125 0.034375
6 0.2640625 0.4140625 0.021875 0.03125
6 0.4375 0.4015625 0.025 0.034375
6 0.40234375 0.38828125 0.0296875 0.0328125
6 0.3875 0.38203125 0.028125 0.0390625
6 0.37109375 0.3734375 0.0265625 0.03125
6 0.3578125 0.3671875 0.028125 0.034375
6 0.33828125 0.3609375 0.0296875 0.034375
6 0.30703125 0.35234375 0.0296875 0.0328125
6 0.39921875 0.353125 0.0265625 0.034375
6 0.384375 0.3453125 0.025 0.034375
6 0.36953125 0.33828125 0.0234375 0.0296875
6 0.35390625 0.33125 0.0234375 0.034375
6 0.3375 0.3265625 0.03125 0.0375
6 0.31875 0.3203125 0.025 0.03125
6 0.3015625 0.31484375 0.025 0.0328125
6 0.284375 0.31015625 0.025 0.0359375
6 0.26875 0.30390625 0.021875 0.0328125
6 0.221875 0.321875 0.028125 0.034375
6 0.2375 0.3328125 0.025 0.034375
