6 0.559375 0.0625 0.0375 0.015625
6 0.44140625 0.0453125 0.0390625 0.01875
6 0.44609375 0.0625 0.0359375 0.01875
6 0.4453125 0.07890625 0.034375 0.0203125
6 0.46875 0.109375 0.01875 0.034375
6 0.5015625 0.10625 0.01875 0.034375
6 0.4765625 0.184375 0.025 0.034375
6 0.32890625 0.34609375 0.0265625 0.0296875
4 0.76875 0.46484375 0.165625 0.1828125
4 0.5296875 0.30234375 0.14375 0.1578125
6 0.55390625 0.0453125 0.0328125 0.01875
6 0.5515625 0.03359375 0.040625 0.0234375
6 0.63359375 0.0671875 0.0390625 0.021875
6 0.16640625 0.03828125 0.0453125 0.0328125
6 0.3140625 0.35625 0.025 0.03125
6 0.29375 0.36171875 0.025 0.0328125
6 0.56796875 0.18046875 0.0234375 0.0328125
6 0.53984375 0.184375 0.0171875 0.03125
6 0.52421875 0.18359375 0.0140625 0.0328125
6 0.55859375 0.08046875 0.0328125 0.0171875
6 0.6375 0.07890625 0.040625 0.0203125
6 0.6375 0.11015625 0.0375 0.0171875
6 0.640625 0.12734375 0.046875 0.0171875
6 0.33828125 0.1328125 0.0390625 0.04375
6 0.58671875 0.18359375 0.0171875 0.0328125
6 0.61875 0.18359375 0.025 0.0359375
6 0.603125 0.1859375 0.01875 0.034375
6 0.51015625 0.18515625 0.0171875 0.0328125
6 0.5359375 0.10625 0.01875 0.028125
6 0.6296875 0.0484375 0.03125 0.015625
