6 0.640625 0.640625 0.05 0.05
6 0.6046875 0.70859375 0.034375 0.0359375
6 0.9296875 0.515625 0.0375 0.0375
6 0.83203125 0.5140625 0.0328125 0.03125
6 0.7515625 0.5078125 0.03125 0.03125
6 0.7609375 0.52734375 0.0375 0.0328125
6 0.6421875 0.70234375 0.034375 0.0328125
6 0.5015625 0.81171875 0.0375 0.0359375
6 0.82890625 0.4625 0.0296875 0.028125
6 0.8234375 0.67890625 0.034375 0.0328125
6 0.4515625 0.9734375 0.0375 0.0375
6 0.51640625 0.94375 0.0328125 0.028125
6 0.5734375 0.9203125 0.034375 0.03125
6 0.87578125 0.6546875 0.0359375 0.03125
6 0.82890625 0.64296875 0.0359375 0.0328125
6 0.54609375 0.7984375 0.0328125 0.034375
6 0.8390625 0.596875 0.034375 0.03125
6 0.57734375 0.85390625 0.0328125 0.0328125
6 0.6421875 0.82265625 0.0375 0.0328125
6 0.66328125 0.84140625 0.0296875 0.0296875
6 0.74296875 0.78515625 0.0328125 0.0328125
6 0.68203125 0.75234375 0.0328125 0.0265625
6 0.81640625 0.440625 0.0296875 0.028125
6 0.8859375 0.43515625 0.028125 0.0296875
6 0.86875 0.41171875 0.034375 0.0296875
6 0.91796875 0.340625 0.0328125 0.034375
