6 0.8515625 0.65078125 0.03125 0.0328125
6 0.8390625 0.64296875 0.03125 0.0328125
6 0.82421875 0.63359375 0.0328125 0.0328125
6 0.6734375 0.8890625 0.03125 0.034375
6 0.66015625 0.8765625 0.0296875 0.03125
6 0.64375 0.86640625 0.03125 0.0296875
6 0.61015625 0.76328125 0.0359375 0.0296875
6 0.640625 0.73203125 0.03125 0.0296875
6 0.653125 0.7203125 0.028125 0.028125
6 0.6625 0.7078125 0.03125 0.028125
6 0.67421875 0.69296875 0.0328125 0.0296875
6 0.67578125 0.6703125 0.0328125 0.028125
6 0.69609375 0.66875 0.0359375 0.028125
6 0.70859375 0.65625 0.0328125 0.028125
6 0.7203125 0.64375 0.03125 0.028125
6 0.865625 0.6625 0.034375 0.0375
6 0.87890625 0.6734375 0.0328125 0.034375
6 0.8921875 0.68359375 0.03125 0.0296875
6 0.94375 0.7328125 0.028125 0.03125
6 0.978125 0.7640625 0.03125 0.03125
6 0.965625 0.75546875 0.03125 0.0328125
6 0.95390625 0.74453125 0.0296875 0.0328125
6 0.72734375 0.63046875 0.0296875 0.0296875
6 0.640625 0.6328125 0.03125 0.028125
6 0.6515625 0.6234375 0.034375 0.03125
6 0.9609375 0.61015625 0.0375 0.0328125
6 0.9484375 0.575 0.03125 0.03125
6 0.97421875 0.59375 0.0328125 0.028125
6 0.96640625 0.54453125 0.0328125 0.0265625
6 0.946875 0.61875 0.034375 0.03125
6 0.66484375 0.60859375 0.0328125 0.0265625
6 0.6109375 0.60859375 0.034375 0.0296875
6 0.671875 0.59296875 0.034375 0.0296875
6 0.68125 0.5796875 0.034375 0.028125
6 0.6921875 0.5671875 0.03125 0.028125
6 0.70234375 0.55390625 0.0296875 0.0296875
6 0.5890625 0.63515625 0.034375 0.0296875
6 0.60078125 0.61953125 0.0328125 0.0265625
6 0.6265625 0.5984375 0.034375 0.028125
6 0.63828125 0.5875 0.0328125 0.028125
6 0.646875 0.571875 0.03125 0.028125
6 0.65546875 0.55546875 0.0328125 0.0296875
6 0.6703125 0.54375 0.028125 0.03125
6 0.68203125 0.5296875 0.0296875 0.028125
6 0.95859375 0.803125 0.0328125 0.03125
6 0.98203125 0.82890625 0.0296875 0.0328125
6 0.09375 0.3796875 0.028125 0.028125
6 0.08359375 0.4421875 0.0328125 0.028125
6 0.14921875 0.1671875 0.0328125 0.03125
6 0.13125 0.2484375 0.0375 0.034375
6 0.18359375 0.1625 0.0359375 0.034375
6 0.43828125 0.06875 0.0328125 0.028125
6 0.55859375 0.0140625 0.0296875 0.028125
6 0.44296875 0.0953125 0.0421875 0.0375
6 0.2875 0.24609375 0.03125 0.0265625
6 0.384375 0.14453125 0.0375 0.0359375
6 0.38671875 0.18203125 0.0359375 0.0328125
6 0.290625 0.05078125 0.034375 0.0328125
6 0.23125 0.084375 0.0375 0.034375
6 0.24453125 0.12578125 0.0296875 0.0296875
6 0.81875 0.415625 0.034375 0.03125
6 0.95546875 0.45390625 0.0328125 0.0265625
6 0.8546875 0.4859375 0.03125 0.028125
6 0.865625 0.4703125 0.034375 0.03125
6 0.8953125 0.43203125 0.034375 0.0328125
6 0.859375 0.365625 0.034375 0.03125
6 0.8390625 0.3921875 0.034375 0.028125
6 0.803125 0.43046875 0.034375 0.0328125
6 0.89140625 0.51953125 0.0234375 0.0234375
6 0.79296875 0.44140625 0.0265625 0.0296875
6 0.78203125 0.45625 0.0328125 0.03125
6 0.7703125 0.46640625 0.034375 0.0296875
6 0.74375 0.4484375 0.034375 0.028125
6 0.75546875 0.4359375 0.0359375 0.03125
6 0.7703125 0.42265625 0.03125 0.0265625
6 0.96796875 0.440625 0.0328125 0.028125
6 0.87890625 0.5359375 0.0296875 0.028125
6 0.79296875 0.39453125 0.0296875 0.0296875
6 0.5578125 0.56328125 0.04375 0.0390625
6 0.584375 0.540625 0.0375 0.03125
6 0.86328125 0.56015625 0.0296875 0.0296875
6 0.61015625 0.51171875 0.0390625 0.0359375
6 0.4578125 0.4328125 0.028125 0.028125
6 0.9109375 0.609375 0.034375 0.028125
6 0.9203125 0.59609375 0.03125 0.0296875
6 0.9375 0.584375 0.034375 0.03125
6 0.95625 0.5578125 0.034375 0.03125
6 0.7828125 0.40703125 0.034375 0.0296875
6 0.81640625 0.3734375 0.0359375 0.03125
6 0.94296875 0.278125 0.0328125 0.03125
6 0.91796875 0.2546875 0.0359375 0.03125
6 0.9265625 0.24140625 0.03125 0.0296875
6 0.9390625 0.22734375 0.034375 0.0296875
6 0.95078125 0.2140625 0.0296875 0.025
6 0.959375 0.19921875 0.034375 0.0296875
6 0.9625 0.25 0.03125 0.03125
6 0.86640625 0.20703125 0.0359375 0.0328125
6 0.8734375 0.19140625 0.028125 0.0234375
6 0.88671875 0.18125 0.0296875 0.028125
6 0.91953125 0.14375 0.0359375 0.03125
6 0.928125 0.12890625 0.028125 0.0265625
6 0.87734375 0.02578125 0.0328125 0.0296875
6 0.9515625 0.2609375 0.028125 0.028125
6 0.971875 0.234375 0.03125 0.028125
6 0.83125 0.34453125 0.03125 0.0265625
6 0.7046875 0.390625 0.03125 0.028125
6 0.82421875 0.3578125 0.0296875 0.028125
6 0.8421875 0.33046875 0.034375 0.0296875
6 0.69609375 0.4046875 0.0359375 0.028125
6 0.71640625 0.38046875 0.0328125 0.0296875
6 0.7296875 0.3671875 0.028125 0.025
6 0.7390625 0.3515625 0.034375 0.028125
6 0.75 0.3390625 0.03125 0.028125
6 0.76015625 0.32578125 0.0328125 0.0265625
6 0.77421875 0.3140625 0.0296875 0.025
6 0.7859375 0.3046875 0.03125 0.03125
