6 0.46015625 0.90625 0.0296875 0.03125
6 0.92734375 0.95625 0.0265625 0.028125
6 0.41640625 0.9140625 0.0265625 0.028125
6 0.48359375 0.7890625 0.0296875 0.03125
6 0.534375 0.80234375 0.03125 0.0296875
6 0.53359375 0.73984375 0.0265625 0.0265625
6 0.6390625 0.6921875 0.03125 0.028125
6 0.6921875 0.59140625 0.03125 0.0296875
6 0.7453125 0.5875 0.03125 0.028125
6 0.825 0.54921875 0.03125 0.0296875
6 0.628125 0.82421875 0.028125 0.0265625
6 0.6421875 0.9046875 0.028125 0.025
6 0.68359375 0.8328125 0.0296875 0.025
6 0.690625 0.8 0.03125 0.028125
6 0.76875 0.72890625 0.03125 0.0296875
6 0.8046875 0.653125 0.0375 0.034375
6 0.90625 0.64921875 0.03125 0.0296875
6 0.9578125 0.5421875 0.040625 0.0375
5 0.85078125 0.45859375 0.0984375 0.0984375
6 0.3546875 0.91796875 0.0375 0.0328125
6 0.90625 0.37265625 0.028125 0.0265625
6 0.80859375 0.7125 0.0484375 0.05
