5 0.48828125 0.39375 0.0578125 0.059375
5 0.059375 0.25078125 0.10625 0.1078125
5 0.29140625 0.26796875 0.1046875 0.1015625
6 0.6234375 0.9546875 0.03125 0.034375
6 0.6125 0.94140625 0.03125 0.0265625
6 0.596875 0.92734375 0.034375 0.0328125
6 0.5828125 0.9203125 0.03125 0.03125
6 0.7265625 0.9796875 0.028125 0.034375
6 0.721875 0.165625 0.034375 0.034375
6 0.4453125 0.06484375 0.028125 0.0265625
6 0.82890625 0.98046875 0.0296875 0.0296875
6 0.90078125 0.94609375 0.0359375 0.0328125
6 0.91875 0.93359375 0.034375 0.0359375
6 0.89296875 0.96328125 0.0328125 0.0328125
6 0.84296875 0.96484375 0.0328125 0.0296875
6 0.8796875 0.97734375 0.0375 0.0328125
6 0.8734375 0.925 0.034375 0.034375
6 0.86171875 0.9375 0.0359375 0.03125
6 0.85234375 0.95 0.0359375 0.03125
6 0.56015625 0.89609375 0.0296875 0.0328125
6 0.57109375 0.90859375 0.0296875 0.0296875
6 0.546875 0.8859375 0.028125 0.03125
6 0.03359375 0.48125 0.0359375 0.034375
6 0.05859375 0.5140625 0.0296875 0.028125
6 0.1015625 0.4484375 0.0375 0.0375
6 0.04140625 0.33046875 0.0359375 0.0359375
6 0.34375 0.1609375 0.034375 0.03125
6 0.17265625 0.19140625 0.0296875 0.0296875
6 0.5375 0.87734375 0.028125 0.0296875
6 0.31875 0.915625 0.034375 0.03125
6 0.45546875 0.95390625 0.0328125 0.0265625
6 0.365625 0.9703125 0.034375 0.03125
6 0.3953125 0.93203125 0.034375 0.0328125
6 0.359375 0.865625 0.034375 0.03125
6 0.3390625 0.8921875 0.034375 0.028125
6 0.303125 0.93046875 0.034375 0.0328125
6 0.29296875 0.94140625 0.0265625 0.0296875
6 0.28203125 0.95625 0.0328125 0.03125
6 0.2703125 0.96640625 0.034375 0.0296875
6 0.24375 0.9484375 0.034375 0.028125
6 0.25546875 0.9359375 0.0359375 0.03125
6 0.2703125 0.92265625 0.03125 0.0265625
6 0.46796875 0.940625 0.0328125 0.028125
6 0.29296875 0.89453125 0.0296875 0.0296875
6 0.5328125 0.7734375 0.0375 0.03125
6 0.5203125 0.78359375 0.03125 0.0265625
6 0.55078125 0.7453125 0.0359375 0.03125
6 0.525 0.66875 0.04375 0.0375
6 0.55 0.58828125 0.0375 0.0234375
6 0.56328125 0.7328125 0.0359375 0.034375
6 0.2828125 0.90703125 0.034375 0.0296875
6 0.31640625 0.8734375 0.0359375 0.03125
6 0.0703125 0.271875 0.034375 0.034375
6 0.49296875 0.70625 0.0328125 0.028125
6 0.44296875 0.778125 0.0328125 0.03125
6 0.41796875 0.7546875 0.0359375 0.03125
6 0.4265625 0.74140625 0.03125 0.0296875
6 0.4390625 0.72734375 0.034375 0.0296875
6 0.45078125 0.7140625 0.0296875 0.025
6 0.459375 0.69921875 0.034375 0.0296875
6 0.5078125 0.69765625 0.03125 0.0296875
6 0.4625 0.75 0.03125 0.03125
6 0.36640625 0.70703125 0.0359375 0.0328125
6 0.3734375 0.69140625 0.028125 0.0234375
6 0.38671875 0.68125 0.0296875 0.028125
6 0.41953125 0.64375 0.0359375 0.03125
6 0.428125 0.62890625 0.028125 0.0265625
6 0.37734375 0.52578125 0.0328125 0.0296875
6 0.4515625 0.7609375 0.028125 0.028125
6 0.471875 0.734375 0.03125 0.028125
6 0.33125 0.84453125 0.03125 0.0265625
6 0.2046875 0.890625 0.03125 0.028125
6 0.32421875 0.8578125 0.0296875 0.028125
6 0.3421875 0.83046875 0.034375 0.0296875
6 0.19609375 0.9046875 0.0359375 0.028125
6 0.21640625 0.88046875 0.0328125 0.0296875
6 0.51015625 0.80078125 0.0328125 0.0296875
6 0.2296875 0.8671875 0.028125 0.025
6 0.2390625 0.8515625 0.034375 0.028125
6 0.25 0.8390625 0.03125 0.028125
6 0.26015625 0.82578125 0.0328125 0.0265625
6 0.27421875 0.8140625 0.0296875 0.025
6 0.2859375 0.8046875 0.03125 0.03125
