6 0.065625 0.32265625 0.034375 0.0328125
6 0.17265625 0.35625 0.0359375 0.034375
6 0.1515625 0.3296875 0.028125 0.028125
6 0.16484375 0.3421875 0.0328125 0.028125
6 0.2 0.33125 0.03125 0.028125
6 0.190625 0.31875 0.034375 0.03125
6 0.13515625 0.31875 0.0359375 0.034375
6 0.11875 0.30703125 0.0375 0.0359375
6 0.15234375 0.27578125 0.0265625 0.0265625
4 0.0765625 0.82578125 0.0875 0.0859375
4 0.19375 0.7140625 0.0875 0.0875
4 0.2453125 0.6390625 0.1125 0.1125
4 0.3234375 0.578125 0.103125 0.103125
4 0.32734375 0.23828125 0.1953125 0.2015625
