6 0.2265625 0.86171875 0.0375 0.0328125
5 0.16875 0.9265625 0.046875 0.1
6 0.2359375 0.878125 0.04375 0.0375
6 0.09453125 0.96328125 0.0390625 0.0359375
6 0.321875 0.97265625 0.028125 0.0328125
6 0.25703125 0.884375 0.0234375 0.021875
6 0.271875 0.9015625 0.03125 0.03125
6 0.28359375 0.9109375 0.0265625 0.028125
6 0.29453125 0.925 0.0265625 0.025
6 0.30703125 0.940625 0.0265625 0.03125
6 0.321875 0.953125 0.028125 0.025
6 0.18828125 0.96796875 0.0359375 0.0390625
6 0.2015625 0.9796875 0.03125 0.03125
