4 0.89921875 0.05703125 0.0609375 0.0640625
4 0.92578125 0.1390625 0.0828125 0.08125
4 0.884375 0.18671875 0.071875 0.0734375
4 0.83515625 0.23671875 0.0796875 0.0828125
4 0.73984375 0.3265625 0.0640625 0.065625
6 0.7265625 0.05 0.034375 0.03125
6 0.73984375 0.05859375 0.0359375 0.0265625
6 0.45625 0.090625 0.0375 0.034375
6 0.23515625 0.2109375 0.0296875 0.028125
6 0.17421875 0.2703125 0.0265625 0.03125
6 0.10703125 0.46171875 0.0265625 0.0234375
6 0.0484375 0.4140625 0.040625 0.0375
6 0.14296875 0.3140625 0.0296875 0.03125
