6 0.89609375 0.2328125 0.0328125 0.03125
6 0.7421875 0.38046875 0.034375 0.0296875
6 0.75546875 0.36875 0.0296875 0.028125
6 0.76640625 0.3515625 0.0296875 0.028125
6 0.803125 0.3203125 0.034375 0.03125
6 0.81640625 0.3078125 0.0328125 0.03125
6 0.85703125 0.2640625 0.0265625 0.025
6 0.909375 0.2171875 0.034375 0.034375
6 0.70703125 0.41796875 0.0328125 0.0328125
6 0.92734375 0.19140625 0.0265625 0.0265625
6 0.975 0.15 0.03125 0.03125
6 0.065625 0.215625 0.034375 0.03125
6 0.73125 0.39140625 0.03125 0.0296875
6 0.5640625 0.56796875 0.028125 0.0265625
6 0.1734375 0.1625 0.034375 0.034375
6 0.234375 0.06953125 0.03125 0.0296875
6 0.253125 0.08984375 0.0375 0.0296875
6 0.31328125 0.1140625 0.0296875 0.028125
6 0.41875 0.0984375 0.03125 0.028125
6 0.23828125 0.91796875 0.0328125 0.0296875
6 0.22421875 0.93203125 0.0296875 0.0296875
6 0.853125 0.49453125 0.03125 0.0265625
6 0.90234375 0.64609375 0.0296875 0.0296875
6 0.940625 0.58984375 0.03125 0.0265625
