6 0.065625 0.82265625 0.034375 0.0328125
6 0.17265625 0.85625 0.0359375 0.034375
6 0.1515625 0.8296875 0.028125 0.028125
6 0.16484375 0.8421875 0.0328125 0.028125
6 0.2 0.83125 0.03125 0.028125
6 0.190625 0.81875 0.034375 0.03125
6 0.13515625 0.81875 0.0359375 0.034375
6 0.11875 0.80703125 0.0375 0.0359375
6 0.15234375 0.77578125 0.0265625 0.0265625
4 0.25234375 0.14765625 0.0734375 0.0734375
4 0.07109375 0.29296875 0.0734375 0.0703125
4 0.29921875 0.19375 0.0765625 0.078125
4 0.19453125 0.24921875 0.0765625 0.0765625
4 0.4765625 0.15 0.075 0.075
4 0.38125 0.059375 0.084375 0.08125
4 0.34453125 0.2 0.0734375 0.078125
4 0.29609375 0.15234375 0.0765625 0.0765625
4 0.25 0.10546875 0.075 0.0765625
4 0.24140625 0.29453125 0.0734375 0.0734375
4 0.15234375 0.1984375 0.0703125 0.06875
4 0.32734375 0.73828125 0.1953125 0.2015625
6 0.16953125 0.05859375 0.0328125 0.0265625
6 0.16171875 0.0703125 0.0296875 0.028125
6 0.14765625 0.08359375 0.0328125 0.0296875
6 0.13828125 0.09609375 0.0328125 0.0296875
