6 0.89609375 0.7328125 0.0328125 0.03125
6 0.7421875 0.88046875 0.034375 0.0296875
6 0.75546875 0.86875 0.0296875 0.028125
6 0.76640625 0.8515625 0.0296875 0.028125
6 0.803125 0.8203125 0.034375 0.03125
6 0.81640625 0.8078125 0.0328125 0.03125
6 0.85703125 0.7640625 0.0265625 0.025
6 0.909375 0.7171875 0.034375 0.034375
6 0.70703125 0.91796875 0.0328125 0.0328125
6 0.92734375 0.69140625 0.0265625 0.0265625
6 0.975 0.65 0.03125 0.03125
6 0.065625 0.715625 0.034375 0.03125
6 0.73125 0.89140625 0.03125 0.0296875
6 0.1734375 0.6625 0.034375 0.034375
6 0.234375 0.56953125 0.03125 0.0296875
6 0.253125 0.58984375 0.0375 0.0296875
6 0.31328125 0.6140625 0.0296875 0.028125
6 0.640625 0.140625 0.05 0.05
6 0.6046875 0.20859375 0.034375 0.0359375
6 0.7609375 0.02734375 0.0375 0.0328125
6 0.6421875 0.20234375 0.034375 0.0328125
6 0.5015625 0.31171875 0.0375 0.0359375
6 0.8234375 0.17890625 0.034375 0.0328125
6 0.41875 0.5984375 0.03125 0.028125
6 0.48515625 0.50859375 0.0359375 0.0359375
6 0.4515625 0.4734375 0.0375 0.0375
6 0.51640625 0.44375 0.0328125 0.028125
6 0.5734375 0.4203125 0.034375 0.03125
6 0.87578125 0.1546875 0.0359375 0.03125
6 0.82890625 0.14296875 0.0359375 0.0328125
6 0.54609375 0.2984375 0.0328125 0.034375
6 0.8390625 0.096875 0.034375 0.03125
6 0.57734375 0.35390625 0.0328125 0.0328125
6 0.6421875 0.32265625 0.0375 0.0328125
6 0.66328125 0.34140625 0.0296875 0.0296875
6 0.74296875 0.28515625 0.0328125 0.0328125
6 0.68203125 0.25234375 0.0328125 0.0265625
