4 0.5171875 0.4671875 0.16875 0.171875
4 0.60625 0.17578125 0.13125 0.1328125
4 0.41640625 0.37734375 0.1984375 0.2046875
4 0.3046875 0.66015625 0.1625 0.1734375
4 0.178125 0.56640625 0.20625 0.2046875
4 0.828125 0.078125 0.08125 0.08125
6 0.04453125 0.225 0.0296875 0.03125
6 0.03125 0.30625 0.03125 0.034375
6 0.0203125 0.29609375 0.025 0.0296875
6 0.10546875 0.28984375 0.0328125 0.0296875
6 0.11640625 0.2765625 0.0328125 0.028125
6 0.0859375 0.26328125 0.028125 0.0296875
6 0.071875 0.2515625 0.03125 0.03125
6 0.034375 0.215625 0.03125 0.0375
6 0.02265625 0.20390625 0.0328125 0.0359375
6 0.02265625 0.03125 0.0328125 0.028125
6 0.0515625 0.1171875 0.03125 0.034375
6 0.0421875 0.13046875 0.028125 0.0265625
6 0.021875 0.15703125 0.034375 0.0296875
6 0.04453125 0.31875 0.0296875 0.03125
6 0.18046875 0.51171875 0.0328125 0.0265625
6 0.1890625 0.34375 0.034375 0.025
6 0.04296875 0.378125 0.0296875 0.028125
6 0.0328125 0.36796875 0.028125 0.0296875
6 0.3453125 0.01796875 0.034375 0.0296875
