6 0.2265625 0.36171875 0.0375 0.0328125
5 0.16875 0.4265625 0.046875 0.1
6 0.2359375 0.378125 0.04375 0.0375
6 0.09453125 0.46328125 0.0390625 0.0359375
6 0.11328125 0.4859375 0.0390625 0.034375
6 0.321875 0.47265625 0.028125 0.0328125
6 0.25703125 0.384375 0.0234375 0.021875
6 0.271875 0.4015625 0.03125 0.03125
6 0.28359375 0.4109375 0.0265625 0.028125
6 0.29453125 0.425 0.0265625 0.025
6 0.30703125 0.440625 0.0265625 0.03125
6 0.321875 0.453125 0.028125 0.025
6 0.18828125 0.46796875 0.0359375 0.0390625
6 0.14375 0.5046875 0.034375 0.034375
6 0.2015625 0.4796875 0.03125 0.03125
6 0.2078125 0.490625 0.028125 0.03125
6 0.246875 0.55546875 0.028125 0.0265625
6 0.23203125 0.54140625 0.0296875 0.0296875
6 0.17109375 0.5359375 0.0328125 0.028125
6 0.16015625 0.52265625 0.0328125 0.0328125
