6 0.95546875 0.08984375 0.0296875 0.0265625
5 0.61640625 0.47734375 0.1078125 0.1046875
6 0.7078125 0.27734375 0.028125 0.0265625
6 0.140625 0.640625 0.05 0.05
6 0.8484375 0.19296875 0.03125 0.0328125
6 0.875 0.1109375 0.03125 0.03125
6 0.83046875 0.11484375 0.0328125 0.0328125
6 0.7453125 0.2046875 0.0375 0.0375
6 0.76015625 0.26328125 0.0328125 0.0296875
6 0.5765625 0.371875 0.03125 0.028125
6 0.1046875 0.70859375 0.034375 0.0359375
6 0.62890625 0.4078125 0.0296875 0.028125
6 0.56953125 0.44140625 0.0390625 0.0390625
6 0.4296875 0.515625 0.0375 0.0375
6 0.33203125 0.5140625 0.0328125 0.03125
6 0.2515625 0.5078125 0.03125 0.03125
6 0.2609375 0.52734375 0.0375 0.0328125
6 0.1421875 0.70234375 0.034375 0.0328125
6 0.32890625 0.4625 0.0296875 0.028125
6 0.3234375 0.67890625 0.034375 0.0328125
6 0.01640625 0.94375 0.0328125 0.028125
6 0.0734375 0.9203125 0.034375 0.03125
6 0.37578125 0.6546875 0.0359375 0.03125
6 0.32890625 0.64296875 0.0359375 0.0328125
6 0.04609375 0.7984375 0.0328125 0.034375
6 0.3390625 0.596875 0.034375 0.03125
6 0.07734375 0.85390625 0.0328125 0.0328125
6 0.1421875 0.82265625 0.0375 0.0328125
6 0.16328125 0.84140625 0.0296875 0.0296875
6 0.24296875 0.78515625 0.0328125 0.0328125
6 0.18203125 0.75234375 0.0328125 0.0265625
6 0.31640625 0.440625 0.0296875 0.028125
6 0.3859375 0.43515625 0.028125 0.0296875
6 0.36875 0.41171875 0.034375 0.0296875
6 0.61953125 0.14765625 0.0421875 0.0359375
6 0.41796875 0.340625 0.0328125 0.034375
6 0.48984375 0.36328125 0.0296875 0.0296875
6 0.5296875 0.2328125 0.025 0.025
6 0.52890625 0.26015625 0.0359375 0.0359375
6 0.5921875 0.2359375 0.034375 0.03125
6 0.59609375 0.20078125 0.0328125 0.0359375
6 0.6875 0.16953125 0.034375 0.0359375
6 0.7015625 0.1265625 0.0375 0.0375
6 0.71640625 0.05 0.0359375 0.034375
6 0.7703125 0.0828125 0.03125 0.03125
6 0.80234375 0.02890625 0.0328125 0.0328125
6 0.81953125 0.946875 0.0265625 0.028125
6 0.93515625 0.97890625 0.0296875 0.0296875
6 0.9609375 0.95546875 0.025 0.0296875
6 0.94453125 0.965625 0.0296875 0.028125
