6 0.5234375 0.2359375 0.028125 0.028125
6 0.51328125 0.225 0.0296875 0.028125
6 0.5 0.21171875 0.028125 0.0296875
6 0.48984375 0.20078125 0.0265625 0.0296875
6 0.47578125 0.18984375 0.0296875 0.0296875
6 0.4609375 0.17734375 0.03125 0.0359375
6 0.45 0.1640625 0.03125 0.03125
6 0.38125 0.065625 0.025 0.021875
6 0.39609375 0.05390625 0.0296875 0.0296875
6 0.40703125 0.040625 0.0359375 0.034375
6 0.39765625 0.16171875 0.0296875 0.0296875
6 0.38359375 0.17265625 0.0359375 0.0359375
6 0.240625 0.15234375 0.028125 0.0265625
6 0.2859375 0.15625 0.0375 0.028125
6 0.31796875 0.13359375 0.0359375 0.0296875
6 0.04453125 0.2484375 0.0328125 0.028125
6 0.12890625 0.2625 0.0296875 0.03125
6 0.115625 0.275 0.03125 0.03125
6 0.09296875 0.35078125 0.0234375 0.0265625
6 0.1640625 0.2828125 0.03125 0.028125
6 0.15234375 0.296875 0.0296875 0.028125
6 0.1203125 0.33046875 0.03125 0.0296875
6 0.10703125 0.3390625 0.0296875 0.028125
6 0.084375 0.3625 0.028125 0.028125
6 0.09140625 0.29765625 0.0328125 0.0296875
6 0.07265625 0.3765625 0.0328125 0.03125
6 0.059375 0.3859375 0.03125 0.028125
6 0.04765625 0.39765625 0.0328125 0.0296875
6 0.06640625 0.3234375 0.0328125 0.03125
6 0.0765625 0.30859375 0.0375 0.0328125
6 0.33125 0.059375 0.04375 0.034375
6 0.3453125 0.0484375 0.0375 0.03125
6 0.36953125 0.02578125 0.0296875 0.0296875
6 0.384375 0.01640625 0.025 0.0265625
6 0.18046875 0.11640625 0.0296875 0.0296875
6 0.22734375 0.0671875 0.0328125 0.03125
6 0.2015625 0.09140625 0.028125 0.0296875
6 0.18984375 0.1046875 0.0296875 0.028125
6 0.15703125 0.13984375 0.0296875 0.0265625
6 0.153125 0.08515625 0.034375 0.0296875
6 0.11640625 0.07421875 0.0296875 0.0328125
6 0.1015625 0.034375 0.028125 0.03125
6 0.17890625 0.2734375 0.0296875 0.028125
5 0.07734375 0.08984375 0.0453125 0.0484375
6 0.38828125 0.25625 0.0265625 0.028125
6 0.3359375 0.27890625 0.03125 0.0296875
6 0.54140625 0.34296875 0.0328125 0.0296875
6 0.52890625 0.3546875 0.0328125 0.034375
6 0.553125 0.33046875 0.03125 0.0296875
6 0.56640625 0.31953125 0.0328125 0.0296875
6 0.58046875 0.3125 0.0296875 0.025
6 0.59140625 0.30078125 0.0359375 0.0359375
6 0.3796875 0.421875 0.028125 0.028125
6 0.365625 0.4140625 0.03125 0.028125
6 0.421875 0.3609375 0.028125 0.028125
6 0.0359375 0.89140625 0.03125 0.0296875
5 0.80859375 0.06875 0.0484375 0.05
5 0.10703125 0.92109375 0.0453125 0.0421875
5 0.14296875 0.9640625 0.0546875 0.05
4 0.78359375 0.25234375 0.1265625 0.1234375
5 0.121875 0.95 0.059375 0.059375
4 0.72109375 0.1921875 0.0890625 0.090625
4 0.8359375 0.16171875 0.09375 0.0890625
4 0.934375 0.0890625 0.10625 0.115625
6 0.03203125 0.35 0.0265625 0.03125
