6 0.46015625 0.40625 0.0296875 0.03125
6 0.83046875 0.86328125 0.0328125 0.0296875
6 0.8421875 0.878125 0.03125 0.03125
6 0.45546875 0.58984375 0.0296875 0.0265625
6 0.80703125 0.57734375 0.0296875 0.0296875
6 0.92734375 0.45625 0.0265625 0.028125
6 0.41640625 0.4140625 0.0265625 0.028125
6 0.48359375 0.2890625 0.0296875 0.03125
6 0.82734375 0.9328125 0.0359375 0.034375
6 0.534375 0.30234375 0.03125 0.0296875
6 0.53359375 0.23984375 0.0265625 0.0265625
6 0.6390625 0.1921875 0.03125 0.028125
6 0.6921875 0.09140625 0.03125 0.0296875
6 0.7453125 0.0875 0.03125 0.028125
6 0.825 0.04921875 0.03125 0.0296875
6 0.80390625 0.90703125 0.0296875 0.0328125
6 0.628125 0.32421875 0.028125 0.0265625
6 0.884375 0.9140625 0.028125 0.028125
6 0.86875 0.9015625 0.03125 0.03125
6 0.8546875 0.88828125 0.03125 0.0296875
6 0.93984375 0.971875 0.0265625 0.028125
6 0.928125 0.9609375 0.028125 0.03125
6 0.915625 0.94921875 0.03125 0.0296875
6 0.89375 0.9296875 0.028125 0.03125
6 0.6421875 0.4046875 0.028125 0.025
6 0.68359375 0.3328125 0.0296875 0.025
6 0.690625 0.3 0.03125 0.028125
6 0.76875 0.22890625 0.03125 0.0296875
6 0.8046875 0.153125 0.0375 0.034375
6 0.90625 0.14921875 0.03125 0.0296875
6 0.9578125 0.0421875 0.040625 0.0375
5 0.29921875 0.5015625 0.0984375 0.1
6 0.2078125 0.77734375 0.028125 0.0265625
6 0.3484375 0.69296875 0.03125 0.0328125
6 0.375 0.6109375 0.03125 0.03125
6 0.33046875 0.61484375 0.0328125 0.0328125
6 0.2453125 0.7046875 0.0375 0.0375
6 0.26015625 0.76328125 0.0328125 0.0296875
6 0.0765625 0.871875 0.03125 0.028125
6 0.12890625 0.9078125 0.0296875 0.028125
6 0.06953125 0.94140625 0.0390625 0.0390625
6 0.11953125 0.64765625 0.0421875 0.0359375
6 0.0296875 0.7328125 0.025 0.025
6 0.02890625 0.76015625 0.0359375 0.0359375
6 0.0921875 0.7359375 0.034375 0.03125
6 0.09609375 0.70078125 0.0328125 0.0359375
6 0.1875 0.66953125 0.034375 0.0359375
6 0.2015625 0.6265625 0.0375 0.0375
6 0.21640625 0.55 0.0359375 0.034375
6 0.2703125 0.5828125 0.03125 0.03125
6 0.30234375 0.52890625 0.0328125 0.0328125
6 0.3546875 0.41796875 0.0375 0.0328125
6 0.80859375 0.2125 0.0484375 0.05
