6 0.375 0.86015625 0.03125 0.0328125
6 0.46328125 0.9515625 0.0296875 0.03125
6 0.5640625 0.06796875 0.028125 0.0265625
6 0.32890625 0.96015625 0.0296875 0.0265625
6 0.21875 0.809375 0.03125 0.03125
6 0.2375 0.8953125 0.028125 0.028125
6 0.2046875 0.93125 0.028125 0.028125
6 0.95625 0.5828125 0.028125 0.025
6 0.97265625 0.57578125 0.0265625 0.0296875
6 0.98046875 0.5609375 0.0265625 0.028125
6 0.96796875 0.90859375 0.0359375 0.0390625
6 0.60546875 0.92734375 0.0328125 0.0296875
6 0.64375 0.890625 0.034375 0.034375
6 0.6 0.94296875 0.028125 0.0265625
6 0.57109375 0.96328125 0.0296875 0.0296875
6 0.23828125 0.41796875 0.0328125 0.0296875
6 0.22421875 0.43203125 0.0296875 0.0296875
6 0.90234375 0.14609375 0.0296875 0.0296875
6 0.940625 0.08984375 0.03125 0.0265625
