6 0.33046875 0.86328125 0.0328125 0.0296875
6 0.3421875 0.878125 0.03125 0.03125
6 0.30703125 0.57734375 0.0296875 0.0296875
6 0.42734375 0.45625 0.0265625 0.028125
6 0.32734375 0.9328125 0.0359375 0.034375
6 0.034375 0.30234375 0.03125 0.0296875
6 0.03359375 0.23984375 0.0265625 0.0265625
6 0.1390625 0.1921875 0.03125 0.028125
6 0.1921875 0.09140625 0.03125 0.0296875
6 0.2453125 0.0875 0.03125 0.028125
6 0.325 0.04921875 0.03125 0.0296875
6 0.30390625 0.90703125 0.0296875 0.0328125
6 0.128125 0.32421875 0.028125 0.0265625
6 0.384375 0.9140625 0.028125 0.028125
6 0.36875 0.9015625 0.03125 0.03125
6 0.3546875 0.88828125 0.03125 0.0296875
6 0.43984375 0.971875 0.0265625 0.028125
6 0.428125 0.9609375 0.028125 0.03125
6 0.415625 0.94921875 0.03125 0.0296875
6 0.39375 0.9296875 0.028125 0.03125
6 0.1421875 0.4046875 0.028125 0.025
6 0.18359375 0.3328125 0.0296875 0.025
6 0.190625 0.3 0.03125 0.028125
6 0.26875 0.22890625 0.03125 0.0296875
6 0.3046875 0.153125 0.0375 0.034375
6 0.40625 0.14921875 0.03125 0.0296875
6 0.4578125 0.0421875 0.040625 0.0375
4 0.9546875 0.83515625 0.06875 0.0671875
4 0.91015625 0.87421875 0.0703125 0.0640625
4 0.85546875 0.7453125 0.0734375 0.05625
4 0.74921875 0.75546875 0.0578125 0.0765625
6 0.30859375 0.2125 0.0484375 0.05
6 0.49453125 0.3890625 0.0328125 0.03125
6 0.92578125 0.72890625 0.0390625 0.0390625
