5 0.559375 0.25078125 0.10625 0.1078125
5 0.79140625 0.26796875 0.1046875 0.1015625
6 0.9453125 0.06484375 0.028125 0.0265625
6 0.09375 0.8796875 0.028125 0.028125
6 0.08359375 0.9421875 0.0328125 0.028125
6 0.14921875 0.6671875 0.0328125 0.03125
6 0.13125 0.7484375 0.0375 0.034375
6 0.18359375 0.6625 0.0359375 0.034375
6 0.43828125 0.56875 0.0328125 0.028125
6 0.53359375 0.48125 0.0359375 0.034375
6 0.55859375 0.5140625 0.0296875 0.028125
6 0.6015625 0.4484375 0.0375 0.0375
6 0.54140625 0.33046875 0.0359375 0.0359375
6 0.48515625 0.3546875 0.0359375 0.0375
6 0.509375 0.32890625 0.034375 0.0359375
6 0.44296875 0.5953125 0.0421875 0.0375
6 0.2875 0.74609375 0.03125 0.0265625
6 0.384375 0.64453125 0.0375 0.0359375
6 0.38671875 0.68203125 0.0359375 0.0328125
6 0.2765625 0.51015625 0.034375 0.0328125
6 0.290625 0.55078125 0.034375 0.0328125
6 0.23125 0.584375 0.0375 0.034375
6 0.24453125 0.62578125 0.0296875 0.0296875
6 0.84375 0.1609375 0.034375 0.03125
6 0.49609375 0.4921875 0.0296875 0.028125
6 0.67265625 0.19140625 0.0296875 0.0296875
6 0.81875 0.915625 0.034375 0.03125
6 0.95546875 0.95390625 0.0328125 0.0265625
6 0.865625 0.9703125 0.034375 0.03125
6 0.8953125 0.93203125 0.034375 0.0328125
6 0.859375 0.865625 0.034375 0.03125
6 0.8390625 0.8921875 0.034375 0.028125
6 0.803125 0.93046875 0.034375 0.0328125
6 0.79296875 0.94140625 0.0265625 0.0296875
6 0.78203125 0.95625 0.0328125 0.03125
6 0.7703125 0.96640625 0.034375 0.0296875
6 0.74375 0.9484375 0.034375 0.028125
6 0.75546875 0.9359375 0.0359375 0.03125
6 0.7703125 0.92265625 0.03125 0.0265625
6 0.96796875 0.940625 0.0328125 0.028125
6 0.79296875 0.89453125 0.0296875 0.0296875
6 0.4578125 0.9328125 0.028125 0.028125
6 0.7828125 0.90703125 0.034375 0.0296875
6 0.81640625 0.8734375 0.0359375 0.03125
6 0.5703125 0.271875 0.034375 0.034375
6 0.94296875 0.778125 0.0328125 0.03125
6 0.91796875 0.7546875 0.0359375 0.03125
6 0.9265625 0.74140625 0.03125 0.0296875
6 0.9390625 0.72734375 0.034375 0.0296875
6 0.95078125 0.7140625 0.0296875 0.025
6 0.959375 0.69921875 0.034375 0.0296875
6 0.9625 0.75 0.03125 0.03125
6 0.86640625 0.70703125 0.0359375 0.0328125
6 0.8734375 0.69140625 0.028125 0.0234375
6 0.88671875 0.68125 0.0296875 0.028125
6 0.91953125 0.64375 0.0359375 0.03125
6 0.928125 0.62890625 0.028125 0.0265625
6 0.87734375 0.52578125 0.0328125 0.0296875
6 0.9515625 0.7609375 0.028125 0.028125
6 0.971875 0.734375 0.03125 0.028125
6 0.83125 0.84453125 0.03125 0.0265625
6 0.7046875 0.890625 0.03125 0.028125
6 0.82421875 0.8578125 0.0296875 0.028125
6 0.8421875 0.83046875 0.034375 0.0296875
6 0.69609375 0.9046875 0.0359375 0.028125
6 0.71640625 0.88046875 0.0328125 0.0296875
6 0.7296875 0.8671875 0.028125 0.025
6 0.7390625 0.8515625 0.034375 0.028125
6 0.75 0.8390625 0.03125 0.028125
6 0.76015625 0.82578125 0.0328125 0.0265625
6 0.77421875 0.8140625 0.0296875 0.025
6 0.7859375 0.8046875 0.03125 0.03125
