6 0.0234375 0.2359375 0.028125 0.028125
6 0.04140625 0.34296875 0.0328125 0.0296875
6 0.02890625 0.3546875 0.0328125 0.034375
6 0.053125 0.33046875 0.03125 0.0296875
6 0.06640625 0.31953125 0.0328125 0.0296875
6 0.08046875 0.3125 0.0296875 0.025
6 0.09140625 0.30078125 0.0359375 0.0359375
5 0.30859375 0.06875 0.0484375 0.05
4 0.28359375 0.25234375 0.1265625 0.1234375
4 0.22109375 0.1921875 0.0890625 0.090625
4 0.3359375 0.16171875 0.09375 0.0890625
4 0.43515625 0.1015625 0.1609375 0.15625
4 0.5765625 0.32578125 0.0875 0.0859375
4 0.69375 0.2140625 0.0875 0.0875
4 0.7453125 0.1390625 0.1125 0.1125
4 0.8234375 0.078125 0.103125 0.103125
