4 0.11953125 0.0625 0.1109375 0.1125
4 0.615625 0.315625 0.115625 0.115625
4 0.39921875 0.55703125 0.0609375 0.0640625
4 0.42578125 0.6390625 0.0828125 0.08125
4 0.384375 0.68671875 0.071875 0.0734375
4 0.33515625 0.73671875 0.0796875 0.0828125
4 0.23984375 0.8265625 0.0640625 0.065625
4 0.56328125 0.88515625 0.0796875 0.0828125
4 0.81796875 0.584375 0.1515625 0.159375
6 0.2265625 0.55 0.034375 0.03125
6 0.240625 0.4421875 0.0375 0.03125
6 0.2359375 0.46875 0.034375 0.034375
6 0.23984375 0.55859375 0.0359375 0.0265625
