4 0.21015625 0.95078125 0.0890625 0.0859375
4 0.0953125 0.82734375 0.078125 0.0765625
4 0.59765625 0.9234375 0.1296875 0.13125
4 0.52734375 0.846875 0.1046875 0.109375
4 0.30390625 0.57421875 0.0671875 0.0671875
4 0.346875 0.35859375 0.128125 0.1234375
4 0.525 0.4828125 0.109375 0.109375
4 0.4703125 0.43515625 0.090625 0.0953125
4 0.41015625 0.3671875 0.1171875 0.11875
4 0.34609375 0.2890625 0.1484375 0.153125
4 0.18046875 0.53046875 0.1859375 0.1796875
4 0.65078125 0.63515625 0.0921875 0.0953125
4 0.75 0.534375 0.075 0.075
4 0.80078125 0.48359375 0.0765625 0.0796875
4 0.32109375 0.71484375 0.1203125 0.1203125
4 0.40703125 0.709375 0.1234375 0.125
4 0.3296875 0.63046875 0.13125 0.1296875
6 0.609375 0.44375 0.034375 0.01875
6 0.5703125 0.39453125 0.03125 0.0171875
6 0.58359375 0.4125 0.0390625 0.015625
6 0.49453125 0.28046875 0.0328125 0.0140625
6 0.51484375 0.26328125 0.0265625 0.0109375
6 0.49453125 0.24609375 0.0359375 0.0140625
6 0.52265625 0.19453125 0.0171875 0.0265625
6 0.50703125 0.17734375 0.0140625 0.0328125
6 0.490625 0.16328125 0.0125 0.0234375
6 0.4734375 0.14453125 0.0125 0.0234375
6 0.42421875 0.09765625 0.0140625 0.0265625
6 0.45703125 0.13046875 0.0203125 0.0359375
6 0.4125 0.084375 0.015625 0.03125
6 0.196875 0.0765625 0.028125 0.028125
6 0.02890625 0.37890625 0.0296875 0.0296875
6 0.0703125 0.41015625 0.028125 0.0296875
6 0.09140625 0.1265625 0.0265625 0.028125
6 0.3390625 0.121875 0.034375 0.0125
6 0.3546875 0.10625 0.028125 0.015625
6 0.3375 0.08984375 0.03125 0.0140625
6 0.32109375 0.1046875 0.0328125 0.0125
6 0.30390625 0.0890625 0.0328125 0.0125
6 0.31875 0.0734375 0.028125 0.015625
