6 0.3515625 0.65078125 0.03125 0.0328125
6 0.3390625 0.64296875 0.03125 0.0328125
6 0.32421875 0.63359375 0.0328125 0.0328125
6 0.1734375 0.8890625 0.03125 0.034375
6 0.16015625 0.8765625 0.0296875 0.03125
6 0.14375 0.86640625 0.03125 0.0296875
6 0.11015625 0.76328125 0.0359375 0.0296875
6 0.140625 0.73203125 0.03125 0.0296875
6 0.153125 0.7203125 0.028125 0.028125
6 0.1625 0.7078125 0.03125 0.028125
6 0.17421875 0.69296875 0.0328125 0.0296875
6 0.17578125 0.6703125 0.0328125 0.028125
6 0.19609375 0.66875 0.0359375 0.028125
6 0.20859375 0.65625 0.0328125 0.028125
6 0.2203125 0.64375 0.03125 0.028125
6 0.365625 0.6625 0.034375 0.0375
6 0.37890625 0.6734375 0.0328125 0.034375
6 0.3921875 0.68359375 0.03125 0.0296875
6 0.54453125 0.725 0.0296875 0.03125
6 0.53125 0.80625 0.03125 0.034375
6 0.5203125 0.79609375 0.025 0.0296875
6 0.60546875 0.78984375 0.0328125 0.0296875
6 0.61640625 0.7765625 0.0328125 0.028125
6 0.5859375 0.76328125 0.028125 0.0296875
6 0.571875 0.7515625 0.03125 0.03125
6 0.534375 0.715625 0.03125 0.0375
6 0.44375 0.7328125 0.028125 0.03125
6 0.52265625 0.70390625 0.0328125 0.0359375
6 0.509375 0.78671875 0.025 0.0265625
6 0.49296875 0.775 0.0328125 0.034375
6 0.478125 0.7640625 0.03125 0.03125
6 0.465625 0.75546875 0.03125 0.0328125
6 0.45390625 0.74453125 0.0296875 0.0328125
6 0.22734375 0.63046875 0.0296875 0.0296875
6 0.140625 0.6328125 0.03125 0.028125
6 0.1515625 0.6234375 0.034375 0.03125
6 0.51328125 0.54296875 0.0359375 0.0328125
6 0.4609375 0.61015625 0.0375 0.0328125
6 0.4484375 0.575 0.03125 0.03125
6 0.47421875 0.59375 0.0328125 0.028125
6 0.46640625 0.54453125 0.0328125 0.0265625
6 0.4921875 0.56953125 0.034375 0.0296875
6 0.4890625 0.51953125 0.03125 0.0265625
6 0.52265625 0.53125 0.0328125 0.028125
6 0.5515625 0.6171875 0.03125 0.034375
6 0.5 0.5078125 0.028125 0.025
6 0.51015625 0.49375 0.0359375 0.028125
6 0.6234375 0.4546875 0.03125 0.034375
6 0.6125 0.44140625 0.03125 0.0265625
6 0.596875 0.42734375 0.034375 0.0328125
6 0.5828125 0.4203125 0.03125 0.03125
6 0.446875 0.61875 0.034375 0.03125
6 0.5421875 0.63046875 0.028125 0.0265625
6 0.16484375 0.60859375 0.0328125 0.0265625
6 0.1109375 0.60859375 0.034375 0.0296875
6 0.171875 0.59296875 0.034375 0.0296875
6 0.18125 0.5796875 0.034375 0.028125
6 0.1921875 0.5671875 0.03125 0.028125
6 0.20234375 0.55390625 0.0296875 0.0296875
6 0.0890625 0.63515625 0.034375 0.0296875
6 0.10078125 0.61953125 0.0328125 0.0265625
6 0.1265625 0.5984375 0.034375 0.028125
6 0.521875 0.65703125 0.034375 0.0296875
6 0.13828125 0.5875 0.0328125 0.028125
6 0.146875 0.571875 0.03125 0.028125
6 0.15546875 0.55546875 0.0328125 0.0296875
6 0.1703125 0.54375 0.028125 0.03125
6 0.18203125 0.5296875 0.0296875 0.028125
6 0.5109375 0.66875 0.03125 0.028125
6 0.54453125 0.81875 0.0296875 0.03125
6 0.45859375 0.803125 0.0328125 0.03125
6 0.48203125 0.82890625 0.0296875 0.0328125
6 0.49609375 0.8359375 0.0296875 0.03125
6 0.7421875 0.49296875 0.028125 0.0328125
6 0.75625 0.50546875 0.025 0.0265625
6 0.7265625 0.4796875 0.028125 0.034375
6 0.815625 0.49375 0.034375 0.034375
6 0.6890625 0.84375 0.034375 0.025
6 0.54296875 0.878125 0.0296875 0.028125
6 0.5328125 0.86796875 0.028125 0.0296875
6 0.8453125 0.51796875 0.034375 0.0296875
6 0.82890625 0.48046875 0.0296875 0.0296875
6 0.90078125 0.44609375 0.0359375 0.0328125
6 0.91875 0.43359375 0.034375 0.0359375
6 0.89296875 0.46328125 0.0328125 0.0328125
6 0.84296875 0.46484375 0.0328125 0.0296875
6 0.8796875 0.47734375 0.0375 0.0328125
6 0.86875 0.49140625 0.0375 0.0328125
6 0.85546875 0.50546875 0.0328125 0.0296875
6 0.8734375 0.425 0.034375 0.034375
6 0.86171875 0.4375 0.0359375 0.03125
6 0.85234375 0.45 0.0359375 0.03125
6 0.56015625 0.39609375 0.0296875 0.0328125
6 0.57109375 0.40859375 0.0296875 0.0296875
6 0.546875 0.3859375 0.028125 0.03125
6 0.05859375 0.0140625 0.0296875 0.028125
6 0.5375 0.37734375 0.028125 0.0296875
6 0.31875 0.415625 0.034375 0.03125
6 0.45546875 0.45390625 0.0328125 0.0265625
6 0.3546875 0.4859375 0.03125 0.028125
6 0.365625 0.4703125 0.034375 0.03125
6 0.3953125 0.43203125 0.034375 0.0328125
6 0.359375 0.365625 0.034375 0.03125
6 0.3390625 0.3921875 0.034375 0.028125
6 0.303125 0.43046875 0.034375 0.0328125
6 0.39140625 0.51953125 0.0234375 0.0234375
6 0.29296875 0.44140625 0.0265625 0.0296875
6 0.28203125 0.45625 0.0328125 0.03125
6 0.2703125 0.46640625 0.034375 0.0296875
6 0.24375 0.4484375 0.034375 0.028125
6 0.25546875 0.4359375 0.0359375 0.03125
6 0.2703125 0.42265625 0.03125 0.0265625
6 0.46796875 0.440625 0.0328125 0.028125
6 0.37890625 0.5359375 0.0296875 0.028125
6 0.29296875 0.39453125 0.0296875 0.0296875
6 0.0578125 0.56328125 0.04375 0.0390625
6 0.5328125 0.2734375 0.0375 0.03125
6 0.5203125 0.28359375 0.03125 0.0265625
6 0.55078125 0.2453125 0.0359375 0.03125
6 0.525 0.16875 0.04375 0.0375
6 0.55 0.08828125 0.0375 0.0234375
6 0.56328125 0.2328125 0.0359375 0.034375
6 0.084375 0.540625 0.0375 0.03125
6 0.36328125 0.56015625 0.0296875 0.0296875
6 0.11015625 0.51171875 0.0390625 0.0359375
6 0.4109375 0.609375 0.034375 0.028125
6 0.4203125 0.59609375 0.03125 0.0296875
6 0.4375 0.584375 0.034375 0.03125
6 0.45625 0.5578125 0.034375 0.03125
6 0.2828125 0.40703125 0.034375 0.0296875
6 0.31640625 0.3734375 0.0359375 0.03125
6 0.49296875 0.20625 0.0328125 0.028125
6 0.44296875 0.278125 0.0328125 0.03125
6 0.41796875 0.2546875 0.0359375 0.03125
6 0.4265625 0.24140625 0.03125 0.0296875
6 0.4390625 0.22734375 0.034375 0.0296875
6 0.45078125 0.2140625 0.0296875 0.025
6 0.459375 0.19921875 0.034375 0.0296875
6 0.5078125 0.19765625 0.03125 0.0296875
6 0.4625 0.25 0.03125 0.03125
6 0.36640625 0.20703125 0.0359375 0.0328125
6 0.3734375 0.19140625 0.028125 0.0234375
6 0.38671875 0.18125 0.0296875 0.028125
6 0.41953125 0.14375 0.0359375 0.03125
6 0.428125 0.12890625 0.028125 0.0265625
6 0.37734375 0.02578125 0.0328125 0.0296875
6 0.4515625 0.2609375 0.028125 0.028125
6 0.471875 0.234375 0.03125 0.028125
6 0.33125 0.34453125 0.03125 0.0265625
6 0.2046875 0.390625 0.03125 0.028125
6 0.32421875 0.3578125 0.0296875 0.028125
6 0.3421875 0.33046875 0.034375 0.0296875
6 0.19609375 0.4046875 0.0359375 0.028125
6 0.21640625 0.38046875 0.0328125 0.0296875
6 0.51015625 0.30078125 0.0328125 0.0296875
6 0.2296875 0.3671875 0.028125 0.025
6 0.2390625 0.3515625 0.034375 0.028125
6 0.25 0.3390625 0.03125 0.028125
6 0.26015625 0.32578125 0.0328125 0.0265625
6 0.27421875 0.3140625 0.0296875 0.025
6 0.2859375 0.3046875 0.03125 0.03125
