6 0.7265625 0.36171875 0.0375 0.0328125
5 0.66875 0.4265625 0.046875 0.1
6 0.7359375 0.378125 0.04375 0.0375
6 0.59453125 0.46328125 0.0390625 0.0359375
6 0.61328125 0.4859375 0.0390625 0.034375
6 0.821875 0.47265625 0.028125 0.0328125
6 0.75703125 0.384375 0.0234375 0.021875
6 0.771875 0.4015625 0.03125 0.03125
6 0.78359375 0.4109375 0.0265625 0.028125
6 0.79453125 0.425 0.0265625 0.025
6 0.80703125 0.440625 0.0265625 0.03125
6 0.821875 0.453125 0.028125 0.025
6 0.68828125 0.46796875 0.0359375 0.0390625
6 0.64375 0.5046875 0.034375 0.034375
6 0.7015625 0.4796875 0.03125 0.03125
6 0.7078125 0.490625 0.028125 0.03125
6 0.746875 0.55546875 0.028125 0.0265625
6 0.73203125 0.54140625 0.0296875 0.0296875
6 0.67109375 0.5359375 0.0328125 0.028125
6 0.66015625 0.52265625 0.0328125 0.0328125
