4 0.71015625 0.95078125 0.0890625 0.0859375
4 0.5953125 0.82734375 0.078125 0.0765625
4 0.5265625 0.775 0.08125 0.078125
4 0.80390625 0.57421875 0.0671875 0.0671875
4 0.846875 0.35859375 0.128125 0.1234375
4 0.91015625 0.3671875 0.1171875 0.11875
4 0.84609375 0.2890625 0.1484375 0.153125
4 0.68046875 0.53046875 0.1859375 0.1796875
4 0.82109375 0.71484375 0.1203125 0.1203125
4 0.90703125 0.709375 0.1234375 0.125
4 0.8296875 0.63046875 0.13125 0.1296875
6 0.1234375 0.9546875 0.03125 0.034375
6 0.1125 0.94140625 0.03125 0.0265625
6 0.096875 0.92734375 0.034375 0.0328125
6 0.0828125 0.9203125 0.03125 0.03125
6 0.990625 0.16328125 0.0125 0.0234375
6 0.9734375 0.14453125 0.0125 0.0234375
6 0.92421875 0.09765625 0.0140625 0.0265625
6 0.95703125 0.13046875 0.0203125 0.0359375
6 0.9125 0.084375 0.015625 0.03125
6 0.696875 0.0765625 0.028125 0.028125
6 0.2265625 0.9796875 0.028125 0.034375
6 0.5015625 0.35703125 0.028125 0.0296875
6 0.52890625 0.37890625 0.0296875 0.0296875
6 0.5703125 0.41015625 0.028125 0.0296875
6 0.59140625 0.1265625 0.0265625 0.028125
6 0.221875 0.165625 0.034375 0.034375
6 0.32890625 0.98046875 0.0296875 0.0296875
6 0.8390625 0.121875 0.034375 0.0125
6 0.40078125 0.94609375 0.0359375 0.0328125
6 0.8546875 0.10625 0.028125 0.015625
6 0.8375 0.08984375 0.03125 0.0140625
6 0.82109375 0.1046875 0.0328125 0.0125
6 0.80390625 0.0890625 0.0328125 0.0125
6 0.81875 0.0734375 0.028125 0.015625
6 0.41875 0.93359375 0.034375 0.0359375
6 0.39296875 0.96328125 0.0328125 0.0328125
6 0.34296875 0.96484375 0.0328125 0.0296875
6 0.3796875 0.97734375 0.0375 0.0328125
6 0.3734375 0.925 0.034375 0.034375
6 0.36171875 0.9375 0.0359375 0.03125
6 0.35234375 0.95 0.0359375 0.03125
6 0.06015625 0.89609375 0.0296875 0.0328125
6 0.07109375 0.90859375 0.0296875 0.0296875
6 0.046875 0.8859375 0.028125 0.03125
6 0.0375 0.87734375 0.028125 0.0296875
6 0.0328125 0.7734375 0.0375 0.03125
6 0.0203125 0.78359375 0.03125 0.0265625
6 0.05078125 0.7453125 0.0359375 0.03125
6 0.025 0.66875 0.04375 0.0375
6 0.05 0.58828125 0.0375 0.0234375
6 0.06328125 0.7328125 0.0359375 0.034375
