4 0.77109375 0.5171875 0.0796875 0.08125
4 0.71015625 0.45078125 0.0890625 0.0859375
4 0.5953125 0.32734375 0.078125 0.0765625
4 0.5265625 0.275 0.08125 0.078125
4 0.60625 0.67578125 0.13125 0.1328125
4 0.41640625 0.87734375 0.1984375 0.2046875
4 0.828125 0.578125 0.08125 0.08125
4 0.80390625 0.07421875 0.0671875 0.0671875
4 0.82109375 0.21484375 0.1203125 0.1203125
4 0.90703125 0.209375 0.1234375 0.125
4 0.8296875 0.13046875 0.13125 0.1296875
6 0.04453125 0.725 0.0296875 0.03125
6 0.03125 0.80625 0.03125 0.034375
6 0.0203125 0.79609375 0.025 0.0296875
6 0.10546875 0.78984375 0.0328125 0.0296875
6 0.11640625 0.7765625 0.0328125 0.028125
6 0.0859375 0.76328125 0.028125 0.0296875
6 0.071875 0.7515625 0.03125 0.03125
6 0.034375 0.715625 0.03125 0.0375
6 0.02265625 0.70390625 0.0328125 0.0359375
6 0.02265625 0.53125 0.0328125 0.028125
6 0.0515625 0.6171875 0.03125 0.034375
6 0.1234375 0.4546875 0.03125 0.034375
6 0.1125 0.44140625 0.03125 0.0265625
6 0.096875 0.42734375 0.034375 0.0328125
6 0.0828125 0.4203125 0.03125 0.03125
6 0.0421875 0.63046875 0.028125 0.0265625
6 0.021875 0.65703125 0.034375 0.0296875
6 0.04453125 0.81875 0.0296875 0.03125
6 0.2421875 0.49296875 0.028125 0.0328125
6 0.25625 0.50546875 0.025 0.0265625
6 0.2265625 0.4796875 0.028125 0.034375
6 0.315625 0.49375 0.034375 0.034375
6 0.1890625 0.84375 0.034375 0.025
6 0.04296875 0.878125 0.0296875 0.028125
6 0.0328125 0.86796875 0.028125 0.0296875
6 0.3453125 0.51796875 0.034375 0.0296875
6 0.32890625 0.48046875 0.0296875 0.0296875
6 0.40078125 0.44609375 0.0359375 0.0328125
6 0.41875 0.43359375 0.034375 0.0359375
6 0.39296875 0.46328125 0.0328125 0.0328125
6 0.34296875 0.46484375 0.0328125 0.0296875
6 0.3796875 0.47734375 0.0375 0.0328125
6 0.36875 0.49140625 0.0375 0.0328125
6 0.35546875 0.50546875 0.0328125 0.0296875
6 0.3734375 0.425 0.034375 0.034375
6 0.36171875 0.4375 0.0359375 0.03125
6 0.35234375 0.45 0.0359375 0.03125
6 0.06015625 0.39609375 0.0296875 0.0328125
6 0.07109375 0.40859375 0.0296875 0.0296875
6 0.046875 0.3859375 0.028125 0.03125
6 0.0375 0.37734375 0.028125 0.0296875
6 0.0328125 0.2734375 0.0375 0.03125
6 0.0203125 0.28359375 0.03125 0.0265625
6 0.05078125 0.2453125 0.0359375 0.03125
6 0.025 0.16875 0.04375 0.0375
6 0.05 0.08828125 0.0375 0.0234375
6 0.06328125 0.2328125 0.0359375 0.034375
