4 0.79140625 0.61484375 0.0890625 0.1046875
4 0.5109375 0.17734375 0.078125 0.0765625
4 0.57421875 0.225 0.0765625 0.075
4 0.12578125 0.07109375 0.0765625 0.0765625
4 0.48515625 0.33984375 0.0796875 0.0796875
4 0.64453125 0.453125 0.0796875 0.078125
4 0.70390625 0.49140625 0.0859375 0.0828125
4 0.6578125 0.11484375 0.078125 0.0796875
4 0.63203125 0.2703125 0.0765625 0.078125
4 0.68359375 0.3171875 0.0765625 0.08125
4 0.8421875 0.22578125 0.053125 0.0609375
4 0.83984375 0.2890625 0.0484375 0.06875
4 0.8765625 0.61640625 0.090625 0.0890625
