4 0.6859375 0.39296875 0.075 0.0609375
4 0.71875 0.3734375 0.10625 0.1
4 0.25 0.3890625 0.053125 0.071875
4 0.2640625 0.61015625 0.046875 0.0671875
4 0.275 0.76484375 0.046875 0.0703125
6 0.1453125 0.27734375 0.03125 0.0234375
6 0.18828125 0.275 0.0328125 0.028125
6 0.228125 0.2734375 0.028125 0.021875
6 0.25859375 0.275 0.0328125 0.028125
6 0.3140625 0.33125 0.028125 0.028125
6 0.28046875 0.33125 0.0296875 0.028125
6 0.2578125 0.33046875 0.028125 0.0296875
6 0.240625 0.3328125 0.028125 0.03125
6 0.21875 0.3359375 0.03125 0.03125
6 0.18984375 0.33359375 0.0328125 0.0296875
6 0.0328125 0.95 0.021875 0.0375
6 0.53515625 0.32421875 0.0296875 0.0328125
6 0.55234375 0.315625 0.0296875 0.03125
6 0.5765625 0.31640625 0.028125 0.0328125
6 0.6421875 0.321875 0.028125 0.025
6 0.665625 0.32109375 0.034375 0.0328125
6 0.70859375 0.315625 0.0328125 0.0375
6 0.86328125 0.56484375 0.0171875 0.0390625
6 0.97578125 0.11875 0.0140625 0.028125
6 0.984375 0.16796875 0.015625 0.0328125
6 0.96171875 0.1640625 0.0140625 0.028125
6 0.9390625 0.16875 0.015625 0.028125
6 0.92109375 0.14609375 0.0140625 0.0296875
6 0.89609375 0.17109375 0.0140625 0.0296875
6 0.878125 0.16328125 0.01875 0.0359375
6 0.07890625 0.27890625 0.0296875 0.0265625
6 0.0625 0.3375 0.034375 0.034375
6 0.090625 0.3390625 0.040625 0.034375
6 0.16484375 0.3328125 0.0296875 0.028125
6 0.49609375 0.42421875 0.0421875 0.0296875
6 0.41640625 0.4671875 0.0359375 0.021875
6 0.03046875 0.27734375 0.0328125 0.0265625
6 0.0484375 0.34453125 0.034375 0.0328125
6 0.11328125 0.3359375 0.0328125 0.025
6 0.84140625 0.15390625 0.0140625 0.0234375
6 0.97734375 0.371875 0.0171875 0.0375
6 0.959375 0.3734375 0.01875 0.03125
6 0.975 0.30078125 0.015625 0.0296875
6 0.94609375 0.2453125 0.0296875 0.01875
6 0.9109375 0.3015625 0.015625 0.028125
6 0.959375 0.303125 0.015625 0.028125
6 0.990625 0.30078125 0.015625 0.0296875
6 0.940625 0.37734375 0.015625 0.0359375
6 0.93671875 0.3359375 0.0265625 0.015625
6 0.88828125 0.375 0.0140625 0.028125
6 0.90546875 0.371875 0.0140625 0.03125
