4 0.22578125 0.81796875 0.0515625 0.0609375
4 0.23984375 0.90234375 0.0515625 0.0734375
6 0.79609375 0.534375 0.0359375 0.015625
6 0.67578125 0.5015625 0.0328125 0.015625
6 0.675 0.48671875 0.0375 0.0140625
6 0.67578125 0.471875 0.0328125 0.015625
6 0.67890625 0.43984375 0.0359375 0.0140625
6 0.6828125 0.42265625 0.034375 0.0171875
6 0.753125 0.45234375 0.025 0.0140625
6 0.75625 0.48515625 0.028125 0.0140625
6 0.790625 0.40546875 0.03125 0.0203125
6 0.78984375 0.4234375 0.0328125 0.01875
6 0.75546875 0.503125 0.0328125 0.015625
6 0.7546875 0.54921875 0.03125 0.0171875
6 0.796875 0.55 0.034375 0.015625
6 0.79375 0.50078125 0.040625 0.0140625
6 0.515625 0.59921875 0.034375 0.0171875
6 0.87265625 0.54765625 0.0328125 0.0171875
6 0.8703125 0.5 0.028125 0.0125
6 0.87109375 0.4859375 0.0328125 0.015625
6 0.8703125 0.45390625 0.0375 0.0171875
6 0.87265625 0.4375 0.0359375 0.01875
6 0.64140625 0.196875 0.0234375 0.04375
6 0.61875 0.19765625 0.021875 0.0390625
6 0.6796875 0.5171875 0.034375 0.015625
6 0.68203125 0.53359375 0.0359375 0.0140625
6 0.58828125 0.5375 0.0328125 0.015625
6 0.58984375 0.5203125 0.0296875 0.015625
6 0.42734375 0.3140625 0.0171875 0.034375
6 0.48125 0.87578125 0.021875 0.0390625
6 0.51640625 0.5625 0.0265625 0.015625
6 0.5171875 0.48515625 0.03125 0.0140625
6 0.5125 0.46875 0.028125 0.01875
6 0.5046875 0.425 0.028125 0.01875
6 0.509375 0.37734375 0.028125 0.0203125
6 0.32265625 0.3125 0.0171875 0.028125
6 0.37109375 0.3171875 0.0171875 0.03125
6 0.53515625 0.33359375 0.0140625 0.0390625
6 0.02421875 0.42109375 0.0171875 0.0296875
6 0.55234375 0.3296875 0.0171875 0.03125
6 0.5671875 0.33125 0.015625 0.028125
6 0.5859375 0.3328125 0.021875 0.040625
6 0.690625 0.3 0.01875 0.034375
6 0.7078125 0.33125 0.01875 0.03125
6 0.79765625 0.32734375 0.0171875 0.0296875
6 0.5828125 0.41328125 0.028125 0.0171875
6 0.58671875 0.44140625 0.0390625 0.0171875
6 0.5890625 0.45703125 0.034375 0.0140625
6 0.5875 0.47265625 0.034375 0.0171875
6 0.5890625 0.4890625 0.03125 0.015625
6 0.58828125 0.50546875 0.0328125 0.0140625
6 0.0546875 0.4890625 0.01875 0.028125
