6 0.78046875 0.8796875 0.0328125 0.025
6 0.78984375 0.86796875 0.0328125 0.0296875
6 0.8015625 0.8515625 0.034375 0.03125
6 0.81015625 0.83984375 0.0296875 0.0296875
6 0.76796875 0.890625 0.0296875 0.025
6 0.8203125 0.828125 0.028125 0.028125
6 0.8296875 0.81640625 0.03125 0.0296875
6 0.840625 0.80234375 0.03125 0.0265625
6 0.8484375 0.790625 0.028125 0.025
6 0.8609375 0.771875 0.028125 0.03125
6 0.875 0.75859375 0.028125 0.0265625
6 0.8890625 0.753125 0.021875 0.028125
6 0.90625 0.7453125 0.021875 0.028125
6 0.921875 0.73984375 0.021875 0.0296875
6 0.93828125 0.734375 0.0234375 0.03125
6 0.96796875 0.73046875 0.0296875 0.0328125
6 0.88515625 0.82109375 0.0171875 0.0328125
6 0.89921875 0.82109375 0.0140625 0.0296875
6 0.93203125 0.8234375 0.0171875 0.028125
6 0.92421875 0.79140625 0.0203125 0.0328125
6 0.9390625 0.7921875 0.015625 0.028125
6 0.94921875 0.8234375 0.0171875 0.03125
6 0.96796875 0.82109375 0.0140625 0.0296875
6 0.95703125 0.7921875 0.0171875 0.028125
6 0.98671875 0.82109375 0.0171875 0.0296875
6 0.975 0.7890625 0.01875 0.03125
6 0.86015625 0.93359375 0.0328125 0.0171875
6 0.82109375 0.9671875 0.0296875 0.01875
6 0.8203125 0.9828125 0.03125 0.01875
6 0.84375 0.8953125 0.015625 0.028125
6 0.85703125 0.89609375 0.0140625 0.0296875
6 0.8703125 0.89765625 0.0125 0.0296875
6 0.88359375 0.8953125 0.0140625 0.03125
6 0.859375 0.91640625 0.028125 0.0171875
4 0.45546875 0.9546875 0.0828125 0.084375
