5 0.39375 0.31640625 0.053125 0.0203125
6 0.62265625 0.33046875 0.0359375 0.0171875
4 0.38046875 0.55234375 0.0515625 0.0671875
4 0.4484375 0.6109375 0.096875 0.078125
4 0.36953125 0.70703125 0.0765625 0.0953125
4 0.4 0.78125 0.05 0.065625
4 0.309375 0.74296875 0.05 0.0640625
4 0.30625 0.921875 0.05 0.071875
4 0.740625 0.434375 0.05 0.075
4 0.75 0.734375 0.040625 0.065625
4 0.75546875 0.8390625 0.0578125 0.06875
4 0.75859375 0.95546875 0.0703125 0.0734375
6 0.60390625 0.2515625 0.0171875 0.028125
6 0.36328125 0.2515625 0.0171875 0.03125
6 0.3953125 0.2609375 0.028125 0.028125
6 0.43359375 0.24921875 0.0171875 0.0296875
6 0.4515625 0.24453125 0.015625 0.0296875
6 0.47734375 0.23828125 0.0140625 0.0265625
6 0.49375 0.24453125 0.015625 0.0359375
6 0.53359375 0.25 0.0171875 0.03125
6 0.5625 0.24921875 0.015625 0.0328125
6 0.58359375 0.2609375 0.0140625 0.028125
6 0.6234375 0.25625 0.01875 0.0375
6 0.646875 0.2546875 0.01875 0.03125
6 0.684375 0.25546875 0.01875 0.0296875
6 0.70703125 0.25546875 0.0171875 0.0328125
6 0.7265625 0.25390625 0.015625 0.0328125
6 0.74375 0.25234375 0.015625 0.0296875
6 0.76171875 0.25859375 0.0140625 0.0296875
6 0.7875 0.2546875 0.01875 0.03125
6 0.60546875 0.20390625 0.0296875 0.0390625
6 0.6296875 0.2046875 0.03125 0.040625
6 0.65234375 0.20625 0.0171875 0.0375
6 0.671875 0.209375 0.021875 0.034375
6 0.37890625 0.3359375 0.0296875 0.015625
6 0.30859375 0.3796875 0.0390625 0.015625
6 0.0265625 0.64921875 0.015625 0.0296875
6 0.11328125 0.7078125 0.0203125 0.028125
6 0.0421875 0.65078125 0.015625 0.0296875
6 0.05234375 0.56640625 0.0171875 0.0359375
6 0.028125 0.56640625 0.01875 0.0328125
6 0.01015625 0.5703125 0.0171875 0.03125
6 0.378125 0.3515625 0.034375 0.015625
6 0.3015625 0.43359375 0.040625 0.0171875
6 0.30234375 0.44921875 0.0265625 0.0109375
6 0.3703125 0.375 0.025 0.015625
6 0.30390625 0.46484375 0.0265625 0.0140625
6 0.3703125 0.4390625 0.03125 0.01875
6 0.340625 0.4796875 0.028125 0.015625
6 0.4046875 0.45703125 0.034375 0.0171875
6 0.40390625 0.4765625 0.0296875 0.015625
6 0.4078125 0.43671875 0.03125 0.0140625
6 0.3703125 0.42109375 0.028125 0.0140625
6 0.40234375 0.42109375 0.0296875 0.0171875
6 0.3703125 0.40625 0.028125 0.015625
6 0.4 0.40546875 0.03125 0.0140625
6 0.40078125 0.38984375 0.0359375 0.0140625
6 0.36875 0.39140625 0.028125 0.0140625
6 0.478125 0.39921875 0.03125 0.0171875
6 0.48125 0.4140625 0.034375 0.015625
6 0.48046875 0.42890625 0.0296875 0.0171875
6 0.48125 0.4453125 0.03125 0.0125
6 0.48125 0.4609375 0.03125 0.015625
6 0.478125 0.47578125 0.028125 0.0171875
6 0.475 0.49375 0.034375 0.015625
6 0.65078125 0.56796875 0.0171875 0.0359375
6 0.65625 0.76015625 0.015625 0.0328125
6 0.7578125 0.665625 0.0375 0.015625
6 0.3859375 0.946875 0.034375 0.015625
6 0.50234375 0.97421875 0.0171875 0.0265625
4 0.6609375 0.940625 0.05625 0.065625
