4 0.38984375 0.64765625 0.0703125 0.0578125
4 0.40625 0.9265625 0.06875 0.046875
4 0.3921875 0.79375 0.075 0.05625
4 0.25625 0.79375 0.05625 0.040625
4 0.11171875 0.7921875 0.0640625 0.04375
4 0.11015625 0.6609375 0.0640625 0.046875
4 0.178125 0.65703125 0.065625 0.0453125
4 0.24765625 0.653125 0.0640625 0.053125
4 0.31953125 0.65078125 0.0671875 0.0453125
4 0.04921875 0.93828125 0.0640625 0.0453125
4 0.1234375 0.93359375 0.065625 0.0453125
4 0.19296875 0.93515625 0.0640625 0.0484375
4 0.26796875 0.93046875 0.0671875 0.0453125
4 0.18515625 0.79375 0.0578125 0.04375
4 0.72578125 0.31796875 0.0515625 0.0609375
4 0.73984375 0.40234375 0.0515625 0.0734375
4 0.753125 0.4703125 0.0625 0.065625
4 0.75390625 0.5515625 0.0734375 0.096875
4 0.75390625 0.6375 0.0609375 0.078125
4 0.75 0.85703125 0.09375 0.0796875
6 0.059375 0.21796875 0.01875 0.0390625
6 0.9703125 0.48828125 0.021875 0.0421875
6 0.98125 0.37578125 0.021875 0.0390625
5 0.94453125 0.64140625 0.0484375 0.0609375
