6 0.12265625 0.33046875 0.0359375 0.0171875
4 0.240625 0.434375 0.05 0.075
4 0.25 0.734375 0.040625 0.065625
4 0.25546875 0.8390625 0.0578125 0.06875
4 0.25859375 0.95546875 0.0703125 0.0734375
6 0.10390625 0.2515625 0.0171875 0.028125
6 0.03359375 0.25 0.0171875 0.03125
6 0.0625 0.24921875 0.015625 0.0328125
6 0.08359375 0.2609375 0.0140625 0.028125
6 0.1234375 0.25625 0.01875 0.0375
6 0.146875 0.2546875 0.01875 0.03125
6 0.184375 0.25546875 0.01875 0.0296875
6 0.20703125 0.25546875 0.0171875 0.0328125
6 0.2265625 0.25390625 0.015625 0.0328125
6 0.24375 0.25234375 0.015625 0.0296875
6 0.26171875 0.25859375 0.0140625 0.0296875
6 0.2875 0.2546875 0.01875 0.03125
6 0.10546875 0.20390625 0.0296875 0.0390625
6 0.1296875 0.2046875 0.03125 0.040625
6 0.15234375 0.20625 0.0171875 0.0375
6 0.171875 0.209375 0.021875 0.034375
6 0.559375 0.71796875 0.01875 0.0390625
6 0.721875 0.2875 0.03125 0.015625
6 0.6171875 0.3125 0.034375 0.015625
6 0.15078125 0.56796875 0.0171875 0.0359375
6 0.15625 0.76015625 0.015625 0.0328125
6 0.2578125 0.665625 0.0375 0.015625
4 0.1609375 0.940625 0.05625 0.065625
