4 0.6078125 0.47578125 0.065625 0.0828125
4 0.2203125 0.65546875 0.05625 0.0640625
4 0.225 0.79140625 0.046875 0.0578125
4 0.440625 0.3015625 0.0625 0.075
4 0.47109375 0.43046875 0.0609375 0.0734375
4 0.47265625 0.53515625 0.0578125 0.0796875
4 0.48125 0.63828125 0.0625 0.0765625
4 0.475 0.7453125 0.06875 0.090625
4 0.609375 0.69140625 0.04375 0.0609375
4 0.60703125 0.796875 0.0671875 0.09375
4 0.31875 0.3453125 0.071875 0.053125
4 0.221875 0.55703125 0.05 0.0671875
4 0.34609375 0.7890625 0.0484375 0.065625
4 0.340625 0.71328125 0.05 0.0640625
4 0.3375 0.63984375 0.046875 0.0640625
4 0.33515625 0.5640625 0.0484375 0.065625
6 0.07265625 0.1640625 0.0140625 0.025
6 0.0921875 0.1609375 0.015625 0.0375
6 0.12265625 0.559375 0.0296875 0.015625
6 0.0140625 0.371875 0.0125 0.028125
6 0.03125 0.3734375 0.015625 0.028125
6 0.046875 0.37109375 0.015625 0.0328125
6 0.06484375 0.3703125 0.0140625 0.034375
6 0.08359375 0.3703125 0.0140625 0.03125
6 0.1015625 0.36796875 0.015625 0.0328125
6 0.11875 0.36484375 0.015625 0.0328125
6 0.11875 0.490625 0.03125 0.015625
6 0.121875 0.50625 0.028125 0.015625
6 0.12265625 0.5234375 0.0265625 0.015625
6 0.1234375 0.54140625 0.028125 0.0171875
6 0.1234375 0.57421875 0.028125 0.0171875
6 0.1265625 0.59296875 0.028125 0.0140625
6 0.128125 0.61015625 0.028125 0.0140625
6 0.12734375 0.63046875 0.0296875 0.0140625
6 0.1296875 0.6609375 0.03125 0.015625
6 0.12734375 0.68125 0.0296875 0.015625
6 0.1265625 0.69765625 0.028125 0.0140625
6 0.1296875 0.84921875 0.03125 0.0234375
6 0.5203125 0.7609375 0.015625 0.0375
6 0.11328125 0.15625 0.0140625 0.028125
6 0.19765625 0.121875 0.0296875 0.015625
6 0.2078125 0.14140625 0.0375 0.0171875
6 0.20625 0.15859375 0.028125 0.0171875
6 0.22265625 0.203125 0.0296875 0.0125
6 0.22265625 0.215625 0.0265625 0.015625
6 0.21796875 0.234375 0.0265625 0.015625
6 0.2015625 0.2609375 0.03125 0.015625
6 0.0546875 0.24453125 0.03125 0.0171875
6 0.09140625 0.2390625 0.0265625 0.015625
6 0.009375 0.29921875 0.015625 0.0296875
6 0.0265625 0.29765625 0.015625 0.0296875
6 0.0453125 0.296875 0.015625 0.03125
6 0.06328125 0.2984375 0.0171875 0.03125
6 0.08125 0.29609375 0.021875 0.0328125
6 0.09765625 0.2953125 0.0140625 0.03125
6 0.11484375 0.2953125 0.0171875 0.03125
6 0.01953125 0.24296875 0.0265625 0.0140625
6 0.115625 0.259375 0.015625 0.0375
