4 0.29140625 0.61484375 0.0890625 0.1046875
4 0.07421875 0.225 0.0765625 0.075
4 0.14453125 0.453125 0.0796875 0.078125
4 0.20390625 0.49140625 0.0859375 0.0828125
4 0.1578125 0.11484375 0.078125 0.0796875
4 0.13203125 0.2703125 0.0765625 0.078125
4 0.18359375 0.3171875 0.0765625 0.08125
4 0.3421875 0.22578125 0.053125 0.0609375
4 0.33984375 0.2890625 0.0484375 0.06875
4 0.63359375 0.22890625 0.0640625 0.0765625
4 0.3765625 0.61640625 0.090625 0.0890625
4 0.47109375 0.6140625 0.0734375 0.065625
4 0.5625 0.61796875 0.078125 0.0640625
