4 0.65 0.8671875 0.046875 0.06875
4 0.7796875 0.6703125 0.053125 0.065625
4 0.85 0.6625 0.05625 0.06875
4 0.8484375 0.734375 0.0625 0.0625
4 0.78203125 0.7375 0.0546875 0.06875
4 0.78828125 0.8109375 0.0453125 0.0625
4 0.78828125 0.88828125 0.0765625 0.0953125
4 0.88046875 0.05234375 0.0515625 0.0671875
4 0.9484375 0.1109375 0.096875 0.078125
4 0.86953125 0.20703125 0.0765625 0.0953125
4 0.9 0.28125 0.05 0.065625
4 0.809375 0.24296875 0.05 0.0640625
4 0.80625 0.421875 0.05 0.071875
4 0.646875 0.79453125 0.046875 0.0609375
4 0.640625 0.71953125 0.0625 0.0609375
4 0.503125 0.91484375 0.05 0.0703125
4 0.1203125 0.7046875 0.065625 0.08125
4 0.24609375 0.26640625 0.0984375 0.0796875
4 0.3703125 0.69453125 0.059375 0.0734375
4 0.36953125 0.76640625 0.0515625 0.0609375
4 0.5 0.69296875 0.05 0.0671875
4 0.5 0.76640625 0.046875 0.0578125
4 0.5015625 0.84609375 0.05 0.0546875
6 0.05625 0.0859375 0.01875 0.040625
6 0.0546875 0.05 0.015625 0.03125
6 0.11484375 0.053125 0.0171875 0.03125
6 0.75234375 0.559375 0.0328125 0.015625
6 0.39765625 0.54140625 0.0203125 0.0359375
5 0.32734375 0.546875 0.0234375 0.053125
5 0.29296875 0.5453125 0.0265625 0.046875
6 0.3265625 0.0796875 0.015625 0.028125
6 0.34921875 0.54453125 0.0171875 0.0328125
6 0.38046875 0.07890625 0.0203125 0.0328125
6 0.3328125 0.153125 0.025 0.034375
6 0.159375 0.05234375 0.015625 0.0359375
6 0.16171875 0.0828125 0.0171875 0.028125
6 0.02109375 0.16171875 0.0171875 0.0359375
6 0.04296875 0.159375 0.0171875 0.034375
6 0.06015625 0.16171875 0.0171875 0.0296875
6 0.11875 0.15703125 0.01875 0.0359375
6 0.14765625 0.15625 0.0171875 0.028125
6 0.178125 0.15390625 0.01875 0.0296875
6 0.31328125 0.15546875 0.0328125 0.0421875
6 0.3578125 0.15078125 0.015625 0.0296875
6 0.41171875 0.0765625 0.0171875 0.034375
6 0.40859375 0.14921875 0.0203125 0.0421875
6 0.38046875 0.246875 0.0171875 0.034375
6 0.46875 0.15 0.015625 0.03125
6 0.5265625 0.14921875 0.015625 0.0296875
6 0.61328125 0.2078125 0.0203125 0.028125
6 0.5421875 0.15078125 0.015625 0.0296875
6 0.55234375 0.06640625 0.0171875 0.0359375
6 0.528125 0.06640625 0.01875 0.0328125
6 0.51015625 0.0703125 0.0171875 0.03125
6 0.47265625 0.07578125 0.0203125 0.0359375
6 0.45390625 0.078125 0.0171875 0.0375
6 0.4265625 0.0765625 0.015625 0.028125
6 0.8859375 0.446875 0.034375 0.015625
