4 0.5 0.4578125 0.078125 0.078125
4 0.934375 0.18046875 0.046875 0.0703125
4 0.79765625 0.18828125 0.1015625 0.0984375
4 0.9375 0.31953125 0.046875 0.0703125
4 0.9328125 0.10703125 0.046875 0.0640625
4 0.93515625 0.24765625 0.0390625 0.0609375
4 0.12265625 0.46875 0.1640625 0.1875
4 0.27109375 0.471875 0.1171875 0.121875
4 0.49609375 0.15859375 0.0578125 0.0734375
4 0.50234375 0.0625 0.0859375 0.1
4 0.81328125 0.10078125 0.0609375 0.0734375
4 0.79921875 0.3078125 0.1078125 0.13125
6 0.0515625 0.05390625 0.040625 0.0359375
