4 0.5 0.9578125 0.078125 0.078125
4 0.934375 0.68046875 0.046875 0.0703125
4 0.79765625 0.68828125 0.1015625 0.0984375
4 0.9375 0.81953125 0.046875 0.0703125
4 0.9328125 0.60703125 0.046875 0.0640625
4 0.93515625 0.74765625 0.0390625 0.0609375
4 0.22578125 0.52578125 0.1484375 0.1421875
4 0.49609375 0.65859375 0.0578125 0.0734375
4 0.50234375 0.5625 0.0859375 0.1
4 0.7640625 0.11015625 0.046875 0.0671875
4 0.775 0.26484375 0.046875 0.0703125
4 0.81328125 0.60078125 0.0609375 0.0734375
4 0.79921875 0.8078125 0.1078125 0.13125
6 0.5328125 0.45 0.021875 0.0375
5 0.44296875 0.48125 0.0234375 0.05
6 0.29609375 0.034375 0.0359375 0.015625
6 0.2546875 0.04921875 0.03125 0.0171875
6 0.296875 0.05 0.034375 0.015625
6 0.9203125 0.50390625 0.028125 0.0140625
6 0.37265625 0.04765625 0.0328125 0.0171875
6 0.1796875 0.0171875 0.034375 0.015625
6 0.18203125 0.03359375 0.0359375 0.0140625
6 0.08828125 0.0375 0.0328125 0.015625
6 0.08984375 0.0203125 0.0296875 0.015625
6 0.0515625 0.55390625 0.040625 0.0359375
6 0.01640625 0.0625 0.0265625 0.015625
