4 0.65 0.3671875 0.046875 0.06875
4 0.7796875 0.1703125 0.053125 0.065625
4 0.85 0.1625 0.05625 0.06875
4 0.8484375 0.234375 0.0625 0.0625
4 0.78203125 0.2375 0.0546875 0.06875
4 0.78828125 0.3109375 0.0453125 0.0625
4 0.78828125 0.38828125 0.0765625 0.0953125
4 0.646875 0.29453125 0.046875 0.0609375
4 0.640625 0.21953125 0.0625 0.0609375
4 0.503125 0.41484375 0.05 0.0703125
4 0.1203125 0.2046875 0.065625 0.08125
4 0.1203125 0.5953125 0.08125 0.0625
4 0.23359375 0.57578125 0.1234375 0.1359375
4 0.3703125 0.19453125 0.059375 0.0734375
4 0.36953125 0.26640625 0.0515625 0.0609375
4 0.5 0.19296875 0.05 0.0671875
4 0.5 0.26640625 0.046875 0.0578125
4 0.5015625 0.34609375 0.05 0.0546875
6 0.75234375 0.059375 0.0328125 0.015625
6 0.39765625 0.04140625 0.0203125 0.0359375
5 0.32734375 0.046875 0.0234375 0.053125
5 0.29296875 0.0453125 0.0265625 0.046875
6 0.34921875 0.04453125 0.0171875 0.0328125
