4 0.75 0.3890625 0.053125 0.071875
4 0.7640625 0.61015625 0.046875 0.0671875
4 0.775 0.76484375 0.046875 0.0703125
6 0.6453125 0.27734375 0.03125 0.0234375
6 0.68828125 0.275 0.0328125 0.028125
6 0.728125 0.2734375 0.028125 0.021875
6 0.75859375 0.275 0.0328125 0.028125
6 0.8140625 0.33125 0.028125 0.028125
6 0.78046875 0.33125 0.0296875 0.028125
6 0.7578125 0.33046875 0.028125 0.0296875
6 0.740625 0.3328125 0.028125 0.03125
6 0.71875 0.3359375 0.03125 0.03125
6 0.68984375 0.33359375 0.0328125 0.0296875
6 0.5328125 0.95 0.021875 0.0375
6 0.57890625 0.27890625 0.0296875 0.0265625
6 0.5625 0.3375 0.034375 0.034375
6 0.590625 0.3390625 0.040625 0.034375
6 0.29609375 0.534375 0.0359375 0.015625
6 0.17578125 0.5015625 0.0328125 0.015625
6 0.175 0.48671875 0.0375 0.0140625
6 0.17578125 0.471875 0.0328125 0.015625
6 0.17890625 0.43984375 0.0359375 0.0140625
6 0.1828125 0.42265625 0.034375 0.0171875
6 0.253125 0.45234375 0.025 0.0140625
6 0.25625 0.48515625 0.028125 0.0140625
6 0.290625 0.40546875 0.03125 0.0203125
6 0.28984375 0.4234375 0.0328125 0.01875
6 0.25546875 0.503125 0.0328125 0.015625
6 0.2546875 0.54921875 0.03125 0.0171875
6 0.296875 0.55 0.034375 0.015625
6 0.29375 0.50078125 0.040625 0.0140625
6 0.66484375 0.3328125 0.0296875 0.028125
6 0.91640625 0.4671875 0.0359375 0.021875
6 0.37265625 0.54765625 0.0328125 0.0171875
6 0.3703125 0.5 0.028125 0.0125
6 0.37109375 0.4859375 0.0328125 0.015625
6 0.3703125 0.45390625 0.0375 0.0171875
6 0.37265625 0.4375 0.0359375 0.01875
6 0.53046875 0.27734375 0.0328125 0.0265625
6 0.5484375 0.34453125 0.034375 0.0328125
6 0.61328125 0.3359375 0.0328125 0.025
6 0.14140625 0.196875 0.0234375 0.04375
6 0.11875 0.19765625 0.021875 0.0390625
6 0.1796875 0.5171875 0.034375 0.015625
6 0.18203125 0.53359375 0.0359375 0.0140625
6 0.08828125 0.5375 0.0328125 0.015625
6 0.08984375 0.5203125 0.0296875 0.015625
6 0.01640625 0.5625 0.0265625 0.015625
6 0.0171875 0.48515625 0.03125 0.0140625
6 0.03515625 0.33359375 0.0140625 0.0390625
6 0.05234375 0.3296875 0.0171875 0.03125
6 0.0671875 0.33125 0.015625 0.028125
6 0.0859375 0.3328125 0.021875 0.040625
6 0.190625 0.3 0.01875 0.034375
6 0.2078125 0.33125 0.01875 0.03125
6 0.29765625 0.32734375 0.0171875 0.0296875
6 0.0828125 0.41328125 0.028125 0.0171875
6 0.08671875 0.44140625 0.0390625 0.0171875
6 0.0890625 0.45703125 0.034375 0.0140625
6 0.0875 0.47265625 0.034375 0.0171875
6 0.0890625 0.4890625 0.03125 0.015625
6 0.08828125 0.50546875 0.0328125 0.0140625
