4 0.88984375 0.64765625 0.0703125 0.0578125
4 0.90625 0.9265625 0.06875 0.046875
4 0.8921875 0.79375 0.075 0.05625
4 0.75625 0.79375 0.05625 0.040625
4 0.61171875 0.7921875 0.0640625 0.04375
4 0.33515625 0.66640625 0.0703125 0.0484375
4 0.13125 0.94765625 0.071875 0.0515625
4 0.25 0.234375 0.040625 0.065625
4 0.25546875 0.3390625 0.0578125 0.06875
4 0.25859375 0.45546875 0.0703125 0.0734375
4 0.19296875 0.6671875 0.0734375 0.053125
4 0.26328125 0.66796875 0.0640625 0.0453125
4 0.4734375 0.6625 0.065625 0.046875
4 0.61015625 0.6609375 0.0640625 0.046875
4 0.678125 0.65703125 0.065625 0.0453125
4 0.74765625 0.653125 0.0640625 0.053125
4 0.81953125 0.65078125 0.0671875 0.0453125
4 0.2640625 0.80703125 0.065625 0.0453125
4 0.27265625 0.9453125 0.0578125 0.04375
4 0.3421875 0.940625 0.059375 0.046875
4 0.40859375 0.803125 0.0640625 0.046875
4 0.41015625 0.946875 0.0671875 0.046875
4 0.484375 0.94140625 0.06875 0.0484375
4 0.475 0.79609375 0.065625 0.0484375
4 0.54921875 0.93828125 0.0640625 0.0453125
4 0.6234375 0.93359375 0.065625 0.0453125
4 0.69296875 0.93515625 0.0640625 0.0484375
4 0.76796875 0.93046875 0.0671875 0.0453125
4 0.68515625 0.79375 0.0578125 0.04375
6 0.559375 0.21796875 0.01875 0.0390625
6 0.15078125 0.06796875 0.0171875 0.0359375
6 0.15625 0.26015625 0.015625 0.0328125
6 0.2578125 0.165625 0.0375 0.015625
4 0.1609375 0.440625 0.05625 0.065625
