4 0.321875 0.08046875 0.04375 0.0578125
4 0.47421875 0.2859375 0.0546875 0.071875
4 0.32265625 0.21640625 0.0484375 0.0671875
4 0.32578125 0.29140625 0.0421875 0.0609375
4 0.3296875 0.3625 0.046875 0.0625
4 0.3046875 0.4671875 0.06875 0.075
4 0.2515625 0.3390625 0.0625 0.04375
4 0.18671875 0.3640625 0.0546875 0.065625
4 0.46796875 0.071875 0.0453125 0.059375
4 0.6265625 0.44765625 0.04375 0.0609375
4 0.61875 0.28125 0.059375 0.071875
4 0.5390625 0.2515625 0.059375 0.04375
4 0.6109375 0.06953125 0.04375 0.0640625
4 0.321875 0.14609375 0.040625 0.0609375
4 0.028125 0.15859375 0.05 0.0703125
4 0.03359375 0.22890625 0.0390625 0.0609375
4 0.03203125 0.2984375 0.0390625 0.0625
4 0.03203125 0.37109375 0.0453125 0.0609375
4 0.10078125 0.3609375 0.0640625 0.046875
4 0.178125 0.22421875 0.040625 0.0640625
4 0.17265625 0.08203125 0.0453125 0.0640625
