6 0.021875 0.34375 0.034375 0.034375
6 0.34375 0.4921875 0.015625 0.0375
6 0.29140625 0.790625 0.0234375 0.0375
6 0.22109375 0.9359375 0.0171875 0.03125
6 0.2390625 0.9359375 0.015625 0.03125
6 0.25546875 0.9375 0.0171875 0.034375
6 0.27109375 0.93828125 0.0140625 0.0296875
6 0.31640625 0.93828125 0.0171875 0.0359375
6 0.309375 0.79453125 0.028125 0.0390625
6 0.44765625 0.66796875 0.0171875 0.0328125
6 0.30390625 0.54375 0.0328125 0.021875
6 0.30390625 0.571875 0.0359375 0.015625
6 0.3828125 0.5578125 0.015625 0.034375
6 0.3265625 0.4890625 0.015625 0.028125
6 0.359375 0.48984375 0.015625 0.0296875
6 0.26171875 0.78125 0.0234375 0.0375
6 0.37421875 0.48984375 0.0171875 0.0328125
6 0.4046875 0.4859375 0.01875 0.03125
6 0.43515625 0.484375 0.0203125 0.03125
6 0.4609375 0.4828125 0.01875 0.03125
6 0.5203125 0.48203125 0.01875 0.0296875
6 0.72578125 0.47734375 0.0203125 0.0390625
6 0.42890625 0.5546875 0.0171875 0.03125
6 0.3984375 0.59375 0.01875 0.03125
6 0.38125 0.58828125 0.015625 0.0265625
6 0.4125 0.590625 0.01875 0.0375
6 0.428125 0.59140625 0.015625 0.0390625
6 0.45703125 0.58984375 0.0171875 0.0328125
6 0.275 0.78671875 0.021875 0.0328125
6 0.24765625 0.778125 0.0203125 0.034375
6 0.02421875 0.815625 0.0140625 0.03125
6 0.05625 0.8078125 0.01875 0.03125
6 0.07421875 0.8109375 0.0140625 0.034375
6 0.07109375 0.77265625 0.0171875 0.0359375
6 0.05703125 0.77734375 0.0140625 0.0296875
6 0.04296875 0.77734375 0.0171875 0.0359375
6 0.025 0.784375 0.015625 0.028125
6 0.009375 0.78671875 0.01875 0.0296875
6 0.2359375 0.77421875 0.021875 0.0328125
6 0.14375 0.62890625 0.03125 0.0140625
6 0.1890625 0.75625 0.021875 0.03125
6 0.20390625 0.76484375 0.0234375 0.0328125
6 0.22109375 0.76796875 0.0203125 0.0328125
4 0.74609375 0.76640625 0.0984375 0.0796875
6 0.4734375 0.59140625 0.01875 0.0328125
6 0.55625 0.5859375 0.01875 0.040625
6 0.5546875 0.55 0.015625 0.03125
6 0.61484375 0.553125 0.0171875 0.03125
6 0.8265625 0.5796875 0.015625 0.028125
6 0.88046875 0.57890625 0.0203125 0.0328125
6 0.8328125 0.653125 0.025 0.034375
6 0.659375 0.55234375 0.015625 0.0359375
6 0.66171875 0.5828125 0.0171875 0.028125
6 0.43125 0.6625 0.01875 0.0375
6 0.4625 0.6640625 0.015625 0.028125
6 0.47578125 0.659375 0.0140625 0.028125
6 0.52109375 0.66171875 0.0171875 0.0359375
6 0.54296875 0.659375 0.0171875 0.034375
6 0.56015625 0.66171875 0.0171875 0.0296875
6 0.61875 0.65703125 0.01875 0.0359375
6 0.64765625 0.65625 0.0171875 0.028125
6 0.678125 0.65390625 0.01875 0.0296875
6 0.81328125 0.65546875 0.0328125 0.0421875
6 0.8578125 0.65078125 0.015625 0.0296875
6 0.91171875 0.5765625 0.0171875 0.034375
6 0.90859375 0.64921875 0.0203125 0.0421875
6 0.88046875 0.746875 0.0171875 0.034375
6 0.96875 0.65 0.015625 0.03125
6 0.97265625 0.57578125 0.0203125 0.0359375
6 0.95390625 0.578125 0.0171875 0.0375
6 0.9265625 0.5765625 0.015625 0.028125
