4 0.321875 0.58046875 0.04375 0.0578125
4 0.2203125 0.15546875 0.05625 0.0640625
4 0.225 0.29140625 0.046875 0.0578125
4 0.47421875 0.7859375 0.0546875 0.071875
4 0.32265625 0.71640625 0.0484375 0.0671875
4 0.32578125 0.79140625 0.0421875 0.0609375
4 0.3296875 0.8625 0.046875 0.0625
4 0.2515625 0.8390625 0.0625 0.04375
4 0.18671875 0.8640625 0.0546875 0.065625
4 0.48125 0.13828125 0.0625 0.0765625
4 0.475 0.2453125 0.06875 0.090625
4 0.46796875 0.571875 0.0453125 0.059375
4 0.6265625 0.94765625 0.04375 0.0609375
4 0.61875 0.78125 0.059375 0.071875
4 0.5390625 0.7515625 0.059375 0.04375
4 0.6109375 0.56953125 0.04375 0.0640625
4 0.61015625 0.496875 0.0453125 0.065625
4 0.609375 0.19140625 0.04375 0.0609375
4 0.60703125 0.296875 0.0671875 0.09375
4 0.321875 0.64609375 0.040625 0.0609375
4 0.31875 0.5078125 0.040625 0.0625
4 0.028125 0.65859375 0.05 0.0703125
4 0.03359375 0.72890625 0.0390625 0.0609375
4 0.03203125 0.7984375 0.0390625 0.0625
4 0.03203125 0.87109375 0.0453125 0.0609375
4 0.10078125 0.8609375 0.0640625 0.046875
4 0.178125 0.72421875 0.040625 0.0640625
4 0.17265625 0.58203125 0.0453125 0.0640625
4 0.221875 0.05703125 0.05 0.0671875
4 0.34609375 0.2890625 0.0484375 0.065625
4 0.340625 0.21328125 0.05 0.0640625
4 0.3375 0.13984375 0.046875 0.0640625
4 0.33515625 0.0640625 0.0484375 0.065625
6 0.12265625 0.059375 0.0296875 0.015625
6 0.12265625 0.0234375 0.0265625 0.015625
6 0.1234375 0.04140625 0.028125 0.0171875
6 0.1234375 0.07421875 0.028125 0.0171875
6 0.1265625 0.09296875 0.028125 0.0140625
6 0.128125 0.11015625 0.028125 0.0140625
6 0.12734375 0.13046875 0.0296875 0.0140625
6 0.1296875 0.1609375 0.03125 0.015625
6 0.12734375 0.18125 0.0296875 0.015625
6 0.1265625 0.19765625 0.028125 0.0140625
6 0.1296875 0.34921875 0.03125 0.0234375
6 0.5203125 0.2609375 0.015625 0.0375
