6 0.29140625 0.290625 0.0234375 0.0375
6 0.22109375 0.4359375 0.0171875 0.03125
6 0.2390625 0.4359375 0.015625 0.03125
6 0.25546875 0.4375 0.0171875 0.034375
6 0.27109375 0.43828125 0.0140625 0.0296875
6 0.31640625 0.43828125 0.0171875 0.0359375
6 0.309375 0.29453125 0.028125 0.0390625
6 0.44765625 0.16796875 0.0171875 0.0328125
6 0.30390625 0.04375 0.0328125 0.021875
6 0.30390625 0.071875 0.0359375 0.015625
6 0.3828125 0.0578125 0.015625 0.034375
6 0.26171875 0.28125 0.0234375 0.0375
6 0.42890625 0.0546875 0.0171875 0.03125
6 0.3984375 0.09375 0.01875 0.03125
6 0.38125 0.08828125 0.015625 0.0265625
6 0.4125 0.090625 0.01875 0.0375
6 0.428125 0.09140625 0.015625 0.0390625
6 0.45703125 0.08984375 0.0171875 0.0328125
6 0.275 0.28671875 0.021875 0.0328125
6 0.24765625 0.278125 0.0203125 0.034375
6 0.02421875 0.315625 0.0140625 0.03125
6 0.05625 0.3078125 0.01875 0.03125
6 0.07421875 0.3109375 0.0140625 0.034375
6 0.07109375 0.27265625 0.0171875 0.0359375
6 0.05703125 0.27734375 0.0140625 0.0296875
6 0.04296875 0.27734375 0.0171875 0.0359375
6 0.025 0.284375 0.015625 0.028125
6 0.009375 0.28671875 0.01875 0.0296875
6 0.2359375 0.27421875 0.021875 0.0328125
6 0.14375 0.12890625 0.03125 0.0140625
6 0.1890625 0.25625 0.021875 0.03125
6 0.20390625 0.26484375 0.0234375 0.0328125
6 0.22109375 0.26796875 0.0203125 0.0328125
4 0.13359375 0.72890625 0.0640625 0.0765625
4 0.6203125 0.7046875 0.065625 0.08125
4 0.74609375 0.26640625 0.0984375 0.0796875
4 0.8703125 0.69453125 0.059375 0.0734375
4 0.86953125 0.76640625 0.0515625 0.0609375
6 0.4734375 0.09140625 0.01875 0.0328125
6 0.55625 0.0859375 0.01875 0.040625
6 0.5546875 0.05 0.015625 0.03125
6 0.61484375 0.053125 0.0171875 0.03125
6 0.89765625 0.54140625 0.0203125 0.0359375
5 0.82734375 0.546875 0.0234375 0.053125
5 0.79296875 0.5453125 0.0265625 0.046875
6 0.8265625 0.0796875 0.015625 0.028125
6 0.84921875 0.54453125 0.0171875 0.0328125
6 0.88046875 0.07890625 0.0203125 0.0328125
6 0.8328125 0.153125 0.025 0.034375
6 0.659375 0.05234375 0.015625 0.0359375
6 0.66171875 0.0828125 0.0171875 0.028125
6 0.43125 0.1625 0.01875 0.0375
6 0.4625 0.1640625 0.015625 0.028125
6 0.47578125 0.159375 0.0140625 0.028125
6 0.52109375 0.16171875 0.0171875 0.0359375
6 0.54296875 0.159375 0.0171875 0.034375
6 0.56015625 0.16171875 0.0171875 0.0296875
6 0.61875 0.15703125 0.01875 0.0359375
6 0.64765625 0.15625 0.0171875 0.028125
6 0.678125 0.15390625 0.01875 0.0296875
6 0.81328125 0.15546875 0.0328125 0.0421875
6 0.8578125 0.15078125 0.015625 0.0296875
6 0.91171875 0.0765625 0.0171875 0.034375
6 0.90859375 0.14921875 0.0203125 0.0421875
6 0.88046875 0.246875 0.0171875 0.034375
6 0.96875 0.15 0.015625 0.03125
6 0.97265625 0.07578125 0.0203125 0.0359375
6 0.95390625 0.078125 0.0171875 0.0375
6 0.9265625 0.0765625 0.015625 0.028125
