4 0.1265625 0.94765625 0.04375 0.0609375
4 0.11875 0.78125 0.059375 0.071875
4 0.0390625 0.7515625 0.059375 0.04375
4 0.1109375 0.56953125 0.04375 0.0640625
4 0.11015625 0.496875 0.0453125 0.065625
4 0.109375 0.19140625 0.04375 0.0609375
4 0.10703125 0.296875 0.0671875 0.09375
4 0.59375 0.69921875 0.10625 0.0859375
4 0.64375 0.6390625 0.0875 0.084375
4 0.58828125 0.43515625 0.0984375 0.1109375
4 0.584375 0.146875 0.10625 0.090625
6 0.0203125 0.2609375 0.015625 0.0375
6 0.64375 0.584375 0.0375 0.015625
