4 0.38984375 0.14765625 0.0703125 0.0578125
4 0.40625 0.4265625 0.06875 0.046875
4 0.3921875 0.29375 0.075 0.05625
4 0.25625 0.29375 0.05625 0.040625
4 0.11171875 0.2921875 0.0640625 0.04375
4 0.11015625 0.1609375 0.0640625 0.046875
4 0.178125 0.15703125 0.065625 0.0453125
4 0.24765625 0.153125 0.0640625 0.053125
4 0.31953125 0.15078125 0.0671875 0.0453125
4 0.04921875 0.43828125 0.0640625 0.0453125
4 0.1234375 0.43359375 0.065625 0.0453125
4 0.19296875 0.43515625 0.0640625 0.0484375
4 0.26796875 0.43046875 0.0671875 0.0453125
4 0.18515625 0.29375 0.0578125 0.04375
4 0.75390625 0.0515625 0.0734375 0.096875
4 0.75390625 0.1375 0.0609375 0.078125
4 0.75 0.35703125 0.09375 0.0796875
5 0.94453125 0.14140625 0.0484375 0.0609375
