4 0.434375 0.68046875 0.046875 0.0703125
4 0.29765625 0.68828125 0.1015625 0.0984375
4 0.4375 0.81953125 0.046875 0.0703125
4 0.58671875 0.74296875 0.0421875 0.0671875
4 0.58828125 0.81171875 0.0484375 0.0671875
4 0.73515625 0.875 0.0546875 0.065625
4 0.903125 0.90859375 0.06875 0.0734375
4 0.8890625 0.80234375 0.046875 0.0671875
4 0.884375 0.73203125 0.05 0.0671875
4 0.88125 0.66328125 0.05 0.0671875
4 0.878125 0.590625 0.040625 0.0625
4 0.87734375 0.521875 0.0390625 0.0625
4 0.4328125 0.60703125 0.046875 0.0640625
4 0.43515625 0.74765625 0.0390625 0.0609375
4 0.2640625 0.11015625 0.046875 0.0671875
4 0.275 0.26484375 0.046875 0.0703125
4 0.31328125 0.60078125 0.0609375 0.0734375
4 0.29921875 0.8078125 0.1078125 0.13125
6 0.0328125 0.45 0.021875 0.0375
6 0.86328125 0.06484375 0.0171875 0.0390625
6 0.4203125 0.50390625 0.028125 0.0140625
