4 0.24453125 0.74375 0.0453125 0.0625
4 0.6109375 0.46953125 0.078125 0.0609375
4 0.753125 0.46171875 0.20625 0.1765625
4 0.653125 0.3265625 0.221875 0.209375
4 0.49765625 0.4375 0.2203125 0.2125
6 0.628125 0.58515625 0.015625 0.0296875
6 0.60859375 0.590625 0.0171875 0.028125
6 0.45703125 0.61328125 0.0171875 0.0296875
6 0.42734375 0.6203125 0.0140625 0.028125
6 0.41015625 0.61875 0.0140625 0.025
6 0.3890625 0.61875 0.015625 0.028125
6 0.346875 0.64140625 0.01875 0.0296875
6 0.35625 0.5765625 0.01875 0.03125
4 0.48359375 0.2625 0.1484375 0.1875
