6 0.81640625 0.68046875 0.0171875 0.0359375
6 0.63359375 0.6796875 0.0203125 0.034375
6 0.81796875 0.4578125 0.0296875 0.015625
6 0.96484375 0.4625 0.0296875 0.015625
6 0.96328125 0.44609375 0.0328125 0.0140625
6 0.44453125 0.9546875 0.0171875 0.028125
6 0.83671875 0.6796875 0.0171875 0.028125
6 0.84921875 0.96796875 0.0203125 0.0359375
6 0.790625 0.9609375 0.015625 0.028125
6 0.746875 0.96015625 0.01875 0.0296875
6 0.69296875 0.96171875 0.0140625 0.0359375
6 0.67890625 0.9609375 0.0140625 0.03125
6 0.56015625 0.95546875 0.0140625 0.0328125
6 0.5453125 0.95546875 0.015625 0.0296875
6 0.53125 0.95703125 0.015625 0.0265625
6 0.51640625 0.95703125 0.0140625 0.0296875
6 0.48671875 0.9546875 0.0140625 0.025
6 0.47109375 0.95625 0.0171875 0.025
6 0.45859375 0.95390625 0.0171875 0.0265625
4 0.63515625 0.46953125 0.1859375 0.1859375
4 0.5734375 0.48046875 0.078125 0.0921875
4 0.56875 0.39609375 0.1125 0.1203125
4 0.509375 0.3875 0.0875 0.096875
4 0.565625 0.31875 0.1 0.1
4 0.56484375 0.175 0.0921875 0.08125
4 0.675 0.5546875 0.14375 0.153125
