6 0.84921875 0.05625 0.0171875 0.03125
6 0.615625 0.25390625 0.01875 0.0328125
6 0.31796875 0.9578125 0.0296875 0.015625
6 0.46484375 0.9625 0.0296875 0.015625
6 0.46328125 0.94609375 0.0328125 0.0140625
6 0.28671875 0.4234375 0.0203125 0.0375
6 0.58984375 0.509375 0.0328125 0.025
6 0.59375 0.25703125 0.015625 0.0265625
6 0.428125 0.246875 0.015625 0.028125
6 0.3828125 0.246875 0.01875 0.03125
6 0.3640625 0.1765625 0.03125 0.0375
6 0.8625 0.05390625 0.0125 0.0265625
4 0.06875 0.89609375 0.1125 0.1203125
4 0.065625 0.81875 0.1 0.1
4 0.06484375 0.675 0.0921875 0.08125
4 0.06015625 0.36796875 0.0484375 0.0609375
4 0.0671875 0.165625 0.04375 0.0625
4 0.66953125 0.50859375 0.1328125 0.1359375
4 0.7203125 0.0609375 0.071875 0.09375
6 0.51328125 0.47578125 0.0328125 0.0203125
5 0.49296875 0.10078125 0.0546875 0.0234375
6 0.3546875 0.25625 0.01875 0.0375
4 0.57734375 0.90390625 0.0890625 0.1078125
4 0.06328125 0.303125 0.0421875 0.0625
4 0.065625 0.23203125 0.046875 0.0609375
4 0.93515625 0.91015625 0.0578125 0.0765625
6 0.74296875 0.25703125 0.0140625 0.0328125
6 0.71171875 0.2546875 0.0140625 0.03125
6 0.653125 0.253125 0.01875 0.0375
6 0.68125 0.18125 0.015625 0.028125
6 0.728125 0.25703125 0.015625 0.0296875
6 0.75859375 0.2578125 0.0140625 0.03125
6 0.77421875 0.2609375 0.0171875 0.028125
6 0.64609375 0.9703125 0.0296875 0.0125
6 0.84921875 0.440625 0.0359375 0.01875
6 0.72109375 0.496875 0.0203125 0.0375
6 0.82109375 0.25703125 0.0171875 0.0265625
6 0.80546875 0.25703125 0.0140625 0.0234375
