6 0.34921875 0.55625 0.0171875 0.03125
6 0.115625 0.75390625 0.01875 0.0328125
6 0.09375 0.75703125 0.015625 0.0265625
6 0.3625 0.55390625 0.0125 0.0265625
4 0.109375 0.32734375 0.125 0.1203125
4 0.2203125 0.5609375 0.071875 0.09375
6 0.61328125 0.57578125 0.0421875 0.0171875
6 0.56796875 0.55546875 0.0171875 0.0296875
6 0.82890625 0.57109375 0.0328125 0.0140625
6 0.884375 0.06640625 0.034375 0.0171875
6 0.61328125 0.59296875 0.0390625 0.0171875
6 0.24296875 0.75703125 0.0140625 0.0328125
6 0.21171875 0.7546875 0.0140625 0.03125
6 0.153125 0.753125 0.01875 0.0375
6 0.18125 0.68125 0.015625 0.028125
6 0.83984375 0.01953125 0.0296875 0.0140625
6 0.828125 0.43671875 0.03125 0.0140625
6 0.75078125 0.37578125 0.0296875 0.0140625
6 0.746875 0.34609375 0.034375 0.0171875
6 0.75078125 0.3 0.0234375 0.015625
6 0.75625 0.1390625 0.040625 0.015625
6 0.75859375 0.0921875 0.0234375 0.0125
6 0.228125 0.75703125 0.015625 0.0296875
6 0.25859375 0.7578125 0.0140625 0.03125
6 0.27421875 0.7609375 0.0171875 0.028125
6 0.34921875 0.940625 0.0359375 0.01875
6 0.32109375 0.75703125 0.0171875 0.0265625
6 0.30546875 0.75703125 0.0140625 0.0234375
