6 0.78671875 0.9234375 0.0203125 0.0375
6 0.928125 0.746875 0.015625 0.028125
6 0.8828125 0.746875 0.01875 0.03125
6 0.8640625 0.6765625 0.03125 0.0375
6 0.1078125 0.41796875 0.034375 0.0140625
6 0.10859375 0.403125 0.0390625 0.015625
4 0.49765625 0.52265625 0.2015625 0.2140625
4 0.56015625 0.86796875 0.0484375 0.0609375
4 0.5671875 0.665625 0.04375 0.0625
4 0.3921875 0.54140625 0.11875 0.1265625
4 0.3484375 0.29765625 0.096875 0.0796875
4 0.6203125 0.06484375 0.084375 0.1015625
4 0.5546875 0.0828125 0.090625 0.084375
4 0.48671875 0.0625 0.1078125 0.1125
4 0.425 0.07734375 0.071875 0.0953125
4 0.34609375 0.0546875 0.0984375 0.084375
6 0.8546875 0.75625 0.01875 0.0375
5 0.32578125 0.50078125 0.0203125 0.0453125
4 0.45859375 0.30703125 0.1109375 0.1078125
4 0.56328125 0.31015625 0.0703125 0.0859375
4 0.56328125 0.803125 0.0421875 0.0625
4 0.565625 0.73203125 0.046875 0.0609375
6 0.05703125 0.03671875 0.0296875 0.0140625
6 0.05859375 0.04921875 0.0265625 0.0140625
