6 0.0328125 0.18515625 0.015625 0.0265625
6 0.07578125 0.18984375 0.0203125 0.0359375
6 0.09140625 0.1921875 0.0203125 0.0375
6 0.125 0.19453125 0.01875 0.0265625
6 0.1296875 0.46796875 0.015625 0.0328125
6 0.08359375 0.47578125 0.0171875 0.0328125
6 0.06171875 0.47734375 0.0171875 0.0296875
6 0.40234375 0.18125 0.0296875 0.01875
6 0.4015625 0.16640625 0.03125 0.0140625
6 0.85078125 0.50859375 0.0296875 0.0140625
6 0.68203125 0.09296875 0.0171875 0.0328125
6 0.81796875 0.16015625 0.0203125 0.0296875
6 0.778125 0.15859375 0.021875 0.0296875
6 0.74921875 0.1609375 0.0171875 0.028125
6 0.69375 0.15625 0.015625 0.028125
6 0.678125 0.15859375 0.015625 0.0265625
6 0.6484375 0.4828125 0.0125 0.03125
6 0.63671875 0.48359375 0.0171875 0.0328125
6 0.82734375 0.48828125 0.0234375 0.0328125
6 0.77890625 0.484375 0.0171875 0.03125
6 0.690625 0.48359375 0.01875 0.0328125
6 0.609375 0.48359375 0.0125 0.0296875
6 0.5953125 0.48515625 0.015625 0.0296875
6 0.55078125 0.4828125 0.0171875 0.0375
6 0.53515625 0.48046875 0.0109375 0.0265625
6 0.52265625 0.48046875 0.0140625 0.0328125
6 0.5078125 0.4796875 0.015625 0.028125
6 0.73828125 0.09609375 0.0171875 0.0328125
6 0.78203125 0.09453125 0.0171875 0.0328125
6 0.4921875 0.4796875 0.015625 0.03125
6 0.47734375 0.4796875 0.0140625 0.03125
6 0.4625 0.47734375 0.015625 0.0296875
6 0.2328125 0.4703125 0.01875 0.03125
6 0.40078125 0.13203125 0.0265625 0.0265625
6 0.40390625 0.25 0.0328125 0.015625
6 0.40078125 0.23125 0.0328125 0.015625
6 0.40390625 0.19375 0.0328125 0.01875
6 0.4 0.2125 0.034375 0.015625
6 0.33671875 0.19609375 0.0359375 0.0140625
6 0.3359375 0.1765625 0.034375 0.015625
6 0.37109375 0.14140625 0.0296875 0.0328125
6 0.33828125 0.0890625 0.0359375 0.015625
6 0.3359375 0.06640625 0.034375 0.0171875
6 0.3359375 0.05234375 0.03125 0.0140625
6 0.33515625 0.0359375 0.0359375 0.015625
