6 0.34921875 0.05625 0.0171875 0.03125
6 0.115625 0.25390625 0.01875 0.0328125
6 0.08984375 0.509375 0.0328125 0.025
6 0.09375 0.25703125 0.015625 0.0265625
6 0.3625 0.05390625 0.0125 0.0265625
4 0.16953125 0.50859375 0.1328125 0.1359375
4 0.2203125 0.0609375 0.071875 0.09375
4 0.61875 0.51640625 0.0875 0.0953125
4 0.07734375 0.90390625 0.0890625 0.1078125
4 0.48203125 0.9125 0.1203125 0.125
4 0.43515625 0.91015625 0.0578125 0.0765625
4 0.5015625 0.6078125 0.096875 0.103125
4 0.54765625 0.5046875 0.0953125 0.096875
4 0.47109375 0.490625 0.0703125 0.0875
6 0.87890625 0.90625 0.0140625 0.028125
6 0.61328125 0.07578125 0.0421875 0.0171875
6 0.56796875 0.05546875 0.0171875 0.0296875
6 0.82890625 0.07109375 0.0328125 0.0140625
6 0.61328125 0.09296875 0.0390625 0.0171875
6 0.24296875 0.25703125 0.0140625 0.0328125
6 0.21171875 0.2546875 0.0140625 0.03125
6 0.153125 0.253125 0.01875 0.0375
6 0.18125 0.18125 0.015625 0.028125
6 0.228125 0.25703125 0.015625 0.0296875
6 0.25859375 0.2578125 0.0140625 0.03125
6 0.27421875 0.2609375 0.0171875 0.028125
6 0.14609375 0.9703125 0.0296875 0.0125
6 0.34921875 0.440625 0.0359375 0.01875
6 0.22109375 0.496875 0.0203125 0.0375
6 0.32109375 0.25703125 0.0171875 0.0265625
6 0.30546875 0.25703125 0.0140625 0.0234375
