6 0.0546875 0.79609375 0.028125 0.0140625
4 0.1828125 0.534375 0.075 0.075
4 0.1765625 0.3296875 0.046875 0.0625
4 0.04296875 0.65859375 0.0515625 0.0640625
5 0.265625 0.2875 0.071875 0.021875
4 0.23125 0.4328125 0.19375 0.2
4 0.353125 0.609375 0.046875 0.0625
4 0.0375 0.7734375 0.046875 0.065625
4 0.1828125 0.7125 0.053125 0.06875
4 0.04921875 0.5953125 0.0453125 0.059375
4 0.0375 0.71484375 0.040625 0.0484375
4 0.0359375 0.8984375 0.04375 0.0625
4 0.1875 0.78671875 0.04375 0.0609375
4 0.18515625 0.85078125 0.0515625 0.0609375
4 0.1859375 0.92734375 0.05 0.0640625
4 0.35078125 0.928125 0.0453125 0.059375
4 0.34765625 0.79453125 0.0484375 0.0640625
4 0.34765625 0.73515625 0.0453125 0.0515625
