6 0.81796875 0.9578125 0.0296875 0.015625
6 0.96484375 0.9625 0.0296875 0.015625
6 0.96328125 0.94609375 0.0328125 0.0140625
6 0.78671875 0.4234375 0.0203125 0.0375
6 0.928125 0.246875 0.015625 0.028125
6 0.8828125 0.246875 0.01875 0.03125
6 0.8640625 0.1765625 0.03125 0.0375
4 0.56875 0.89609375 0.1125 0.1203125
4 0.509375 0.8875 0.0875 0.096875
4 0.565625 0.81875 0.1 0.1
4 0.56484375 0.675 0.0921875 0.08125
4 0.56015625 0.36796875 0.0484375 0.0609375
4 0.5671875 0.165625 0.04375 0.0625
6 0.8546875 0.25625 0.01875 0.0375
4 0.56328125 0.303125 0.0421875 0.0625
4 0.565625 0.23203125 0.046875 0.0609375
