6 0.5546875 0.29609375 0.028125 0.0140625
4 0.1109375 0.46953125 0.078125 0.0609375
4 0.54296875 0.15859375 0.0515625 0.0640625
4 0.253125 0.46171875 0.20625 0.1765625
4 0.153125 0.3265625 0.221875 0.209375
4 0.853125 0.109375 0.046875 0.0625
4 0.5375 0.2734375 0.046875 0.065625
6 0.128125 0.58515625 0.015625 0.0296875
4 0.6828125 0.2125 0.053125 0.06875
6 0.10859375 0.590625 0.0171875 0.028125
4 0.54921875 0.0953125 0.0453125 0.059375
4 0.5375 0.21484375 0.040625 0.0484375
4 0.5359375 0.3984375 0.04375 0.0625
4 0.6875 0.28671875 0.04375 0.0609375
4 0.53046875 0.46875 0.0453125 0.0625
4 0.68515625 0.35078125 0.0515625 0.0609375
4 0.6859375 0.42734375 0.05 0.0640625
4 0.68828125 0.49921875 0.0484375 0.0671875
4 0.71640625 0.78828125 0.0828125 0.0890625
4 0.58828125 0.91328125 0.0984375 0.1015625
4 0.85078125 0.428125 0.0453125 0.059375
4 0.84765625 0.29453125 0.0484375 0.0640625
4 0.84765625 0.23515625 0.0453125 0.0515625
4 0.84296875 0.50078125 0.0453125 0.0671875
