6 0.84921875 0.55625 0.0171875 0.03125
6 0.615625 0.75390625 0.01875 0.0328125
6 0.28671875 0.9234375 0.0203125 0.0375
6 0.59375 0.75703125 0.015625 0.0265625
6 0.428125 0.746875 0.015625 0.028125
6 0.3828125 0.746875 0.01875 0.03125
6 0.3640625 0.6765625 0.03125 0.0375
6 0.8625 0.55390625 0.0125 0.0265625
4 0.06015625 0.86796875 0.0484375 0.0609375
4 0.0671875 0.665625 0.04375 0.0625
4 0.1203125 0.06484375 0.084375 0.1015625
4 0.0546875 0.0828125 0.090625 0.084375
4 0.48671875 0.51171875 0.2734375 0.2421875
4 0.609375 0.32734375 0.125 0.1203125
4 0.7203125 0.5609375 0.071875 0.09375
6 0.51328125 0.97578125 0.0328125 0.0203125
5 0.49296875 0.60078125 0.0546875 0.0234375
6 0.3546875 0.75625 0.01875 0.0375
4 0.06328125 0.31015625 0.0703125 0.0859375
4 0.06328125 0.803125 0.0421875 0.0625
4 0.065625 0.73203125 0.046875 0.0609375
6 0.74296875 0.75703125 0.0140625 0.0328125
6 0.71171875 0.7546875 0.0140625 0.03125
6 0.653125 0.753125 0.01875 0.0375
6 0.68125 0.68125 0.015625 0.028125
6 0.728125 0.75703125 0.015625 0.0296875
6 0.75859375 0.7578125 0.0140625 0.03125
6 0.77421875 0.7609375 0.0171875 0.028125
6 0.84921875 0.940625 0.0359375 0.01875
6 0.82109375 0.75703125 0.0171875 0.0265625
6 0.80546875 0.75703125 0.0140625 0.0234375
4 0.60625 0.45 0.375 0.390625
