6 0.5546875 0.79609375 0.028125 0.0140625
4 0.6828125 0.534375 0.075 0.075
4 0.6765625 0.3296875 0.046875 0.0625
4 0.54296875 0.65859375 0.0515625 0.0640625
5 0.765625 0.2875 0.071875 0.021875
4 0.73125 0.4328125 0.19375 0.2
4 0.153125 0.8265625 0.221875 0.209375
4 0.853125 0.609375 0.046875 0.0625
4 0.5375 0.7734375 0.046875 0.065625
4 0.6828125 0.7125 0.053125 0.06875
4 0.54921875 0.5953125 0.0453125 0.059375
4 0.5375 0.71484375 0.040625 0.0484375
4 0.5359375 0.8984375 0.04375 0.0625
4 0.6875 0.78671875 0.04375 0.0609375
4 0.68515625 0.85078125 0.0515625 0.0609375
4 0.6859375 0.92734375 0.05 0.0640625
4 0.85078125 0.928125 0.0453125 0.059375
4 0.84765625 0.79453125 0.0484375 0.0640625
4 0.84765625 0.73515625 0.0453125 0.0515625
