6 0.31015625 0.15859375 0.0296875 0.0296875
6 0.1078125 0.91796875 0.034375 0.0140625
6 0.10859375 0.903125 0.0390625 0.015625
6 0.5609375 0.36640625 0.034375 0.0328125
6 0.33203125 0.35 0.0328125 0.021875
6 0.3640625 0.31953125 0.0375 0.0140625
6 0.32109375 0.09609375 0.0171875 0.0328125
4 0.3484375 0.79765625 0.096875 0.0796875
4 0.6203125 0.56484375 0.084375 0.1015625
4 0.5546875 0.5828125 0.090625 0.084375
4 0.48671875 0.5625 0.1078125 0.1125
4 0.425 0.57734375 0.071875 0.0953125
4 0.34609375 0.5546875 0.0984375 0.084375
5 0.36640625 0.2796875 0.0609375 0.021875
4 0.45859375 0.80703125 0.1109375 0.1078125
4 0.56328125 0.81015625 0.0703125 0.0859375
6 0.071875 0.40390625 0.0375 0.0171875
6 0.0671875 0.4203125 0.0375 0.015625
6 0.06796875 0.43515625 0.0359375 0.0140625
6 0.06484375 0.45 0.0390625 0.015625
6 0.065625 0.465625 0.0375 0.015625
6 0.0640625 0.50390625 0.0375 0.0203125
6 0.05703125 0.53671875 0.0296875 0.0140625
6 0.05859375 0.54921875 0.0265625 0.0140625
6 0.15234375 0.08203125 0.0140625 0.0234375
