6 0.4984375 0.20546875 0.03125 0.0265625
4 0.109375 0.82734375 0.125 0.1203125
6 0.50859375 0.19296875 0.0296875 0.0296875
6 0.53203125 0.17890625 0.0265625 0.0296875
6 0.54296875 0.1640625 0.0234375 0.021875
6 0.5515625 0.15 0.028125 0.028125
6 0.9046875 0.13515625 0.01875 0.0296875
6 0.90390625 0.0625 0.0171875 0.028125
6 0.52734375 0.25234375 0.0296875 0.0265625
6 0.65703125 0.040625 0.0296875 0.028125
6 0.884375 0.56640625 0.034375 0.0171875
6 0.85859375 0.06328125 0.0171875 0.0265625
6 0.83984375 0.51953125 0.0296875 0.0140625
6 0.828125 0.93671875 0.03125 0.0140625
6 0.75078125 0.87578125 0.0296875 0.0140625
6 0.746875 0.84609375 0.034375 0.0171875
6 0.75078125 0.8 0.0234375 0.015625
6 0.75625 0.6390625 0.040625 0.015625
6 0.75859375 0.5921875 0.0234375 0.0125
6 0.75625 0.5015625 0.03125 0.0125
6 0.6140625 0.0796875 0.040625 0.034375
6 0.59375 0.11015625 0.040625 0.0390625
6 0.58203125 0.121875 0.0265625 0.028125
6 0.571875 0.13125 0.025 0.028125
6 0.56328125 0.13984375 0.0296875 0.0265625
