4 0.14140625 0.24765625 0.0734375 0.0828125
4 0.153125 0.1484375 0.090625 0.0875
4 0.08359375 0.325 0.0703125 0.078125
4 0.27734375 0.50625 0.1265625 0.128125
4 0.4109375 0.5046875 0.125 0.10625
4 0.53125 0.48984375 0.109375 0.1171875
6 0.43203125 0.88515625 0.0328125 0.0265625
6 0.46640625 0.84921875 0.0359375 0.0296875
6 0.528125 0.88359375 0.034375 0.0296875
6 0.5578125 0.93046875 0.03125 0.0265625
6 0.53828125 0.95625 0.0296875 0.028125
6 0.52890625 0.96640625 0.0328125 0.0296875
6 0.56953125 0.91953125 0.0359375 0.0359375
6 0.7703125 0.8546875 0.0375 0.034375
6 0.44296875 0.871875 0.0296875 0.03125
6 0.42265625 0.89609375 0.0296875 0.0265625
6 0.38828125 0.9421875 0.0359375 0.03125
6 0.3765625 0.953125 0.03125 0.03125
