4 0.81015625 0.2203125 0.0765625 0.075
4 0.7921875 0.290625 0.06875 0.075
4 0.08984375 0.04453125 0.0640625 0.0390625
4 0.51328125 0.1859375 0.1015625 0.08125
4 0.13046875 0.5125 0.0671875 0.05
6 0.89921875 0.7296875 0.0171875 0.034375
6 0.86875 0.728125 0.021875 0.0375
6 0.87421875 0.52109375 0.0234375 0.0328125
6 0.921875 0.72890625 0.01875 0.0296875
6 0.95 0.73046875 0.015625 0.0328125
6 0.93515625 0.73125 0.0171875 0.03125
6 0.96640625 0.73203125 0.0171875 0.0328125
6 0.90625 0.51484375 0.015625 0.0265625
6 0.9203125 0.5125 0.01875 0.03125
6 0.89296875 0.51953125 0.0171875 0.0328125
6 0.9296875 0.65703125 0.015625 0.0328125
6 0.3265625 0.73984375 0.015625 0.0296875
6 0.1421875 0.74375 0.015625 0.025
6 0.19609375 0.740625 0.0203125 0.03125
6 0.2140625 0.740625 0.01875 0.028125
6 0.16640625 0.66640625 0.0171875 0.0265625
6 0.215625 0.6671875 0.015625 0.025
6 0.24375 0.66796875 0.015625 0.0296875
6 0.1609375 0.73984375 0.015625 0.0296875
6 0.29375 0.73984375 0.0125 0.0296875
6 0.31015625 0.73984375 0.0171875 0.0296875
6 0.34140625 0.74296875 0.0140625 0.0296875
6 0.91328125 0.6578125 0.0171875 0.034375
6 0.3578125 0.73984375 0.015625 0.0328125
6 0.41953125 0.74296875 0.0140625 0.0265625
6 0.43671875 0.74140625 0.0140625 0.0296875
6 0.45234375 0.7421875 0.0140625 0.03125
6 0.4671875 0.74140625 0.015625 0.0296875
6 0.4828125 0.7421875 0.015625 0.03125
6 0.49765625 0.7421875 0.0171875 0.03125
6 0.596875 0.66875 0.01875 0.03125
6 0.671875 0.77265625 0.028125 0.0171875
6 0.128125 0.74375 0.0125 0.025
6 0.11953125 0.66953125 0.0140625 0.0296875
6 0.28203125 0.53359375 0.0328125 0.0140625
6 0.2875 0.51640625 0.028125 0.0140625
6 0.009375 0.671875 0.015625 0.03125
6 0.0234375 0.67109375 0.015625 0.0328125
6 0.03828125 0.6703125 0.0171875 0.03125
6 0.20859375 0.13515625 0.0359375 0.0171875
6 0.11953125 0.275 0.0265625 0.015625
6 0.196875 0.38359375 0.0375 0.0171875
6 0.28359375 0.50078125 0.0328125 0.0171875
6 0.31796875 0.6671875 0.0171875 0.03125
6 0.2578125 0.66796875 0.0125 0.0296875
6 0.334375 0.6671875 0.015625 0.034375
6 0.5859375 0.5359375 0.028125 0.015625
6 0.65078125 0.55390625 0.0171875 0.0265625
6 0.66796875 0.546875 0.0171875 0.034375
6 0.684375 0.5515625 0.015625 0.03125
6 0.715625 0.5546875 0.015625 0.034375
6 0.73828125 0.5328125 0.0359375 0.034375
6 0.36015625 0.38671875 0.0328125 0.0140625
6 0.36015625 0.40625 0.0359375 0.021875
6 0.434375 0.35 0.015625 0.03125
6 0.5703125 0.309375 0.01875 0.03125
6 0.571875 0.3421875 0.01875 0.034375
6 0.58671875 0.34453125 0.0109375 0.0328125
6 0.640625 0.3359375 0.01875 0.0375
6 0.66015625 0.66015625 0.0171875 0.0328125
6 0.67734375 0.65859375 0.0171875 0.0328125
6 0.69375 0.65859375 0.015625 0.0328125
6 0.70859375 0.65625 0.0140625 0.028125
6 0.86875 0.65625 0.015625 0.03125
6 0.88359375 0.6546875 0.0140625 0.028125
6 0.89921875 0.65390625 0.0140625 0.0328125
6 0.5875 0.51875 0.040625 0.01875
6 0.58828125 0.55078125 0.0296875 0.0140625
6 0.3515625 0.66875 0.015625 0.03125
6 0.55546875 0.55546875 0.0296875 0.0171875
6 0.36484375 0.66875 0.0140625 0.03125
6 0.38046875 0.6671875 0.0140625 0.03125
6 0.3953125 0.6671875 0.015625 0.03125
6 0.4125 0.66640625 0.015625 0.0296875
6 0.403125 0.69453125 0.034375 0.0171875
6 0.44375 0.6640625 0.015625 0.028125
6 0.47578125 0.6671875 0.0140625 0.028125
6 0.48984375 0.6625 0.0171875 0.025
6 0.534375 0.6671875 0.015625 0.03125
6 0.5515625 0.66328125 0.015625 0.0296875
6 0.3578125 0.51484375 0.034375 0.0171875
6 0.36171875 0.53359375 0.0328125 0.0171875
6 0.440625 0.5546875 0.03125 0.0125
6 0.44140625 0.5359375 0.0328125 0.015625
6 0.47734375 0.53515625 0.0328125 0.0171875
6 0.47734375 0.5515625 0.0390625 0.015625
6 0.5546875 0.50390625 0.03125 0.0171875
6 0.58984375 0.50390625 0.0359375 0.0140625
6 0.55703125 0.5359375 0.0296875 0.015625
