6 0.0515625 0.665625 0.01875 0.03125
6 0.06796875 0.6671875 0.0140625 0.03125
6 0.084375 0.6671875 0.01875 0.03125
6 0.01484375 0.74609375 0.0140625 0.0265625
6 0.03515625 0.74609375 0.0140625 0.0296875
6 0.05078125 0.7453125 0.0171875 0.028125
6 0.06640625 0.7421875 0.0140625 0.028125
6 0.08046875 0.74375 0.0140625 0.028125
6 0.096875 0.74375 0.015625 0.03125
6 0.11171875 0.74453125 0.0140625 0.0296875
6 0.13046875 0.74296875 0.0171875 0.0296875
6 0.0625 0.5921875 0.040625 0.01875
6 0.3296875 0.740625 0.015625 0.034375
4 0.58984375 0.04453125 0.0640625 0.0390625
4 0.2234375 0.4046875 0.06875 0.046875
4 0.30546875 0.51640625 0.0703125 0.0546875
4 0.3828125 0.51015625 0.0625 0.0453125
4 0.3671875 0.0484375 0.05625 0.0375
4 0.63046875 0.5125 0.0671875 0.05
4 0.17421875 0.26171875 0.0609375 0.0421875
4 0.15703125 0.4609375 0.0515625 0.0625
4 0.23125 0.51953125 0.0625 0.0421875
4 0.51953125 0.51875 0.0640625 0.046875
6 0.2984375 0.7453125 0.015625 0.03125
6 0.36171875 0.7421875 0.0171875 0.03125
6 0.40859375 0.74140625 0.0203125 0.0359375
6 0.8265625 0.73984375 0.015625 0.0296875
6 0.6421875 0.74375 0.015625 0.025
6 0.69609375 0.740625 0.0203125 0.03125
6 0.7140625 0.740625 0.01875 0.028125
6 0.66640625 0.66640625 0.0171875 0.0265625
6 0.715625 0.6671875 0.015625 0.025
6 0.74375 0.66796875 0.015625 0.0296875
6 0.6609375 0.73984375 0.015625 0.0296875
6 0.79375 0.73984375 0.0125 0.0296875
6 0.81015625 0.73984375 0.0171875 0.0296875
6 0.84140625 0.74296875 0.0140625 0.0296875
6 0.8578125 0.73984375 0.015625 0.0328125
6 0.91953125 0.74296875 0.0140625 0.0265625
6 0.93671875 0.74140625 0.0140625 0.0296875
6 0.95234375 0.7421875 0.0140625 0.03125
6 0.9671875 0.74140625 0.015625 0.0296875
6 0.9828125 0.7421875 0.015625 0.03125
6 0.628125 0.74375 0.0125 0.025
6 0.61953125 0.66953125 0.0140625 0.0296875
6 0.78203125 0.53359375 0.0328125 0.0140625
6 0.7875 0.51640625 0.028125 0.0140625
6 0.509375 0.671875 0.015625 0.03125
6 0.4765625 0.67109375 0.01875 0.0328125
6 0.45859375 0.671875 0.0171875 0.034375
6 0.5234375 0.67109375 0.015625 0.0328125
6 0.53828125 0.6703125 0.0171875 0.03125
6 0.103125 0.25234375 0.015625 0.0328125
6 0.12265625 0.25546875 0.0234375 0.0328125
6 0.31640625 0.05390625 0.0328125 0.0171875
6 0.42109375 0.05234375 0.0359375 0.0140625
6 0.70859375 0.13515625 0.0359375 0.0171875
6 0.61953125 0.275 0.0265625 0.015625
6 0.696875 0.38359375 0.0375 0.0171875
6 0.78359375 0.50078125 0.0328125 0.0171875
6 0.81796875 0.6671875 0.0171875 0.03125
6 0.7578125 0.66796875 0.0125 0.0296875
6 0.834375 0.6671875 0.015625 0.034375
6 0.86015625 0.38671875 0.0328125 0.0140625
6 0.86015625 0.40625 0.0359375 0.021875
6 0.934375 0.35 0.015625 0.03125
6 0.8515625 0.66875 0.015625 0.03125
6 0.86484375 0.66875 0.0140625 0.03125
6 0.88046875 0.6671875 0.0140625 0.03125
6 0.8953125 0.6671875 0.015625 0.03125
6 0.9125 0.66640625 0.015625 0.0296875
6 0.903125 0.69453125 0.034375 0.0171875
6 0.94375 0.6640625 0.015625 0.028125
6 0.97578125 0.6671875 0.0140625 0.028125
6 0.98984375 0.6625 0.0171875 0.025
6 0.8578125 0.51484375 0.034375 0.0171875
6 0.86171875 0.53359375 0.0328125 0.0171875
6 0.940625 0.5546875 0.03125 0.0125
6 0.94140625 0.5359375 0.0328125 0.015625
6 0.97734375 0.53515625 0.0328125 0.0171875
6 0.97734375 0.5515625 0.0390625 0.015625
