4 0.7640625 0.6203125 0.109375 0.109375
6 0.4984375 0.5046875 0.040625 0.034375
6 0.43203125 0.38515625 0.0328125 0.0265625
6 0.46640625 0.34921875 0.0359375 0.0296875
6 0.528125 0.38359375 0.034375 0.0296875
6 0.5578125 0.43046875 0.03125 0.0265625
6 0.53828125 0.45625 0.0296875 0.028125
6 0.52890625 0.46640625 0.0328125 0.0296875
6 0.46875 0.540625 0.028125 0.028125
6 0.51640625 0.58828125 0.0390625 0.0328125
6 0.540625 0.56875 0.03125 0.028125
6 0.56953125 0.41953125 0.0359375 0.0359375
6 0.5875 0.5046875 0.040625 0.0375
6 0.56875 0.53203125 0.040625 0.0359375
6 0.7703125 0.3546875 0.0375 0.034375
6 0.44296875 0.371875 0.0296875 0.03125
6 0.42265625 0.39609375 0.0296875 0.0265625
6 0.38828125 0.4421875 0.0359375 0.03125
6 0.3515625 0.7890625 0.025 0.040625
6 0.39296875 0.7921875 0.0296875 0.0125
6 0.43046875 0.6890625 0.0296875 0.028125
6 0.453125 0.6640625 0.028125 0.028125
6 0.43046875 0.590625 0.0328125 0.028125
6 0.446875 0.56328125 0.03125 0.0265625
6 0.3234375 0.515625 0.034375 0.03125
6 0.3765625 0.453125 0.03125 0.03125
