6 0.51328125 0.06171875 0.0359375 0.0390625
4 0.64140625 0.24765625 0.0734375 0.0828125
4 0.653125 0.1484375 0.090625 0.0875
4 0.58359375 0.325 0.0703125 0.078125
4 0.48984375 0.4578125 0.0828125 0.078125
4 0.36640625 0.53359375 0.0796875 0.0765625
4 0.77734375 0.50625 0.1265625 0.128125
4 0.9109375 0.5046875 0.125 0.10625
4 0.36875 0.68984375 0.090625 0.0859375
6 0.29453125 0.265625 0.0234375 0.03125
6 0.23359375 0.28125 0.0234375 0.034375
6 0.2484375 0.275 0.01875 0.028125
6 0.26171875 0.2703125 0.0203125 0.028125
6 0.278125 0.26953125 0.021875 0.0328125
6 0.30859375 0.26015625 0.0234375 0.0296875
6 0.246875 0.19609375 0.028125 0.0171875
6 0.24375 0.17890625 0.034375 0.0203125
6 0.25 0.14921875 0.028125 0.0171875
6 0.25234375 0.13359375 0.0328125 0.0203125
6 0.26015625 0.11875 0.0359375 0.021875
6 0.26171875 0.1 0.0359375 0.021875
6 0.26328125 0.06875 0.0296875 0.01875
6 0.265625 0.05 0.03125 0.021875
6 0.271875 0.03671875 0.034375 0.0234375
6 0.0359375 0.81953125 0.040625 0.0171875
6 0.1609375 0.896875 0.034375 0.01875
6 0.1609375 0.85859375 0.04375 0.0171875
6 0.159375 0.8390625 0.0375 0.0125
6 0.15625 0.8234375 0.034375 0.01875
6 0.159375 0.7796875 0.0375 0.01875
6 0.15 0.65859375 0.034375 0.0171875
6 0.153125 0.6390625 0.040625 0.01875
6 0.1546875 0.60390625 0.04375 0.0171875
6 0.15859375 0.58671875 0.0390625 0.0171875
6 0.1640625 0.56328125 0.0375 0.0171875
4 0.35234375 0.61328125 0.0546875 0.0671875
6 0.93203125 0.88515625 0.0328125 0.0265625
6 0.96640625 0.84921875 0.0359375 0.0296875
6 0.94296875 0.871875 0.0296875 0.03125
6 0.92265625 0.89609375 0.0296875 0.0265625
6 0.88828125 0.9421875 0.0359375 0.03125
6 0.8765625 0.953125 0.03125 0.03125
