4 0.528125 0.884375 0.05625 0.059375
4 0.0609375 0.50390625 0.065625 0.0453125
4 0.1484375 0.5015625 0.06875 0.05
4 0.23828125 0.50078125 0.0671875 0.0484375
4 0.50703125 0.6046875 0.0515625 0.065625
4 0.51015625 0.67421875 0.0421875 0.0578125
4 0.51875 0.7375 0.053125 0.0625
4 0.14921875 0.359375 0.0609375 0.04375
4 0.059375 0.359375 0.065625 0.046875
4 0.2375 0.35859375 0.053125 0.0453125
6 0.6421875 0.73984375 0.03125 0.0234375
6 0.62578125 0.6921875 0.0453125 0.03125
6 0.61171875 0.64140625 0.0328125 0.0171875
6 0.6109375 0.60390625 0.040625 0.0203125
6 0.60546875 0.57890625 0.0359375 0.0171875
6 0.6125 0.5125 0.028125 0.01875
6 0.62265625 0.4796875 0.0390625 0.025
6 0.63515625 0.44609375 0.0328125 0.0265625
6 0.65234375 0.42421875 0.0359375 0.0296875
6 0.6578125 0.40546875 0.0375 0.0328125
6 0.71875 0.33125 0.0375 0.034375
6 0.75625 0.31953125 0.03125 0.0359375
6 0.884375 0.73046875 0.03125 0.0296875
6 0.8796875 0.70390625 0.034375 0.0296875
6 0.13828125 0.63984375 0.0421875 0.0265625
6 0.240625 0.6421875 0.0375 0.01875
6 0.29140625 0.6484375 0.0390625 0.01875
