4 0.20703125 0.3671875 0.0640625 0.065625
4 0.12109375 0.50234375 0.0671875 0.0453125
4 0.2984375 0.5078125 0.059375 0.05
4 0.475 0.50234375 0.06875 0.0484375
4 0.5609375 0.50390625 0.065625 0.0453125
4 0.6484375 0.5015625 0.06875 0.05
4 0.73828125 0.50078125 0.0671875 0.0484375
4 0.64921875 0.359375 0.0609375 0.04375
4 0.559375 0.359375 0.065625 0.046875
4 0.7375 0.35859375 0.053125 0.0453125
6 0.20390625 0.796875 0.0359375 0.01875
6 0.19453125 0.73671875 0.0390625 0.0171875
6 0.63828125 0.63984375 0.0421875 0.0265625
6 0.740625 0.6421875 0.0375 0.01875
6 0.79140625 0.6484375 0.0390625 0.01875
