6 0.08671875 0.6234375 0.0359375 0.0125
6 0.14765625 0.6203125 0.0328125 0.015625
4 0.234375 0.08125 0.06875 0.053125
4 0.34375 0.0671875 0.071875 0.059375
4 0.7234375 0.9046875 0.06875 0.046875
4 0.8671875 0.5484375 0.05625 0.0375
4 0.09296875 0.8484375 0.0765625 0.06875
4 0.14375 0.84453125 0.065625 0.0546875
4 0.240625 0.846875 0.0625 0.046875
4 0.31484375 0.825 0.0765625 0.06875
4 0.3625 0.8421875 0.084375 0.08125
4 0.42421875 0.83203125 0.1390625 0.1234375
4 0.67421875 0.76171875 0.0609375 0.0421875
4 0.65703125 0.9609375 0.0515625 0.0625
6 0.603125 0.75234375 0.015625 0.0328125
6 0.62265625 0.75546875 0.0234375 0.0328125
6 0.81640625 0.55390625 0.0328125 0.0171875
6 0.92109375 0.55234375 0.0359375 0.0140625
6 0.70390625 0.296875 0.0359375 0.01875
6 0.69453125 0.23671875 0.0390625 0.0171875
