6 0.34375 0.92734375 0.01875 0.0296875
6 0.23671875 0.71015625 0.0296875 0.0171875
6 0.19765625 0.69296875 0.0390625 0.0171875
6 0.58671875 0.6234375 0.0359375 0.0125
6 0.64765625 0.6203125 0.0328125 0.015625
4 0.28984375 0.0953125 0.0578125 0.046875
4 0.46484375 0.0890625 0.0640625 0.0625
4 0.734375 0.08125 0.06875 0.053125
4 0.84375 0.0671875 0.071875 0.059375
4 0.20234375 0.09296875 0.0609375 0.0515625
4 0.378125 0.09140625 0.059375 0.0390625
4 0.0328125 0.74609375 0.065625 0.0578125
4 0.04296875 0.8078125 0.0859375 0.071875
4 0.3328125 0.87265625 0.053125 0.0515625
4 0.40625 0.83828125 0.05625 0.0640625
4 0.46953125 0.84140625 0.1046875 0.0984375
4 0.51640625 0.83671875 0.0921875 0.0828125
4 0.59296875 0.8484375 0.0765625 0.06875
4 0.64375 0.84453125 0.065625 0.0546875
4 0.740625 0.846875 0.0625 0.046875
4 0.81484375 0.825 0.0765625 0.06875
4 0.8625 0.8421875 0.084375 0.08125
4 0.92421875 0.83203125 0.1390625 0.1234375
