4 0.028125 0.884375 0.05625 0.059375
6 0.79453125 0.765625 0.0234375 0.03125
6 0.73359375 0.78125 0.0234375 0.034375
6 0.7484375 0.775 0.01875 0.028125
6 0.76171875 0.7703125 0.0203125 0.028125
6 0.778125 0.76953125 0.021875 0.0328125
6 0.80859375 0.76015625 0.0234375 0.0296875
6 0.746875 0.69609375 0.028125 0.0171875
6 0.74375 0.67890625 0.034375 0.0203125
6 0.75 0.64921875 0.028125 0.0171875
6 0.75234375 0.63359375 0.0328125 0.0203125
6 0.76015625 0.61875 0.0359375 0.021875
6 0.76171875 0.6 0.0359375 0.021875
6 0.76328125 0.56875 0.0296875 0.01875
6 0.765625 0.55 0.03125 0.021875
6 0.771875 0.53671875 0.034375 0.0234375
6 0.7953125 0.490625 0.034375 0.03125
6 0.1421875 0.73984375 0.03125 0.0234375
6 0.12578125 0.6921875 0.0453125 0.03125
6 0.11171875 0.64140625 0.0328125 0.0171875
6 0.1109375 0.60390625 0.040625 0.0203125
6 0.10546875 0.57890625 0.0359375 0.0171875
6 0.1125 0.5125 0.028125 0.01875
6 0.12265625 0.4796875 0.0390625 0.025
6 0.13515625 0.44609375 0.0328125 0.0265625
6 0.15234375 0.42421875 0.0359375 0.0296875
6 0.1578125 0.40546875 0.0375 0.0328125
6 0.21875 0.33125 0.0375 0.034375
6 0.25625 0.31953125 0.03125 0.0359375
6 0.384375 0.73046875 0.03125 0.0296875
6 0.3796875 0.70390625 0.034375 0.0296875
