4 0.58984375 0.54453125 0.0640625 0.0390625
4 0.2234375 0.9046875 0.06875 0.046875
4 0.3671875 0.5484375 0.05625 0.0375
4 0.17421875 0.76171875 0.0609375 0.0421875
4 0.15703125 0.9609375 0.0515625 0.0625
6 0.103125 0.75234375 0.015625 0.0328125
6 0.12265625 0.75546875 0.0234375 0.0328125
6 0.31640625 0.55390625 0.0328125 0.0171875
6 0.42109375 0.55234375 0.0359375 0.0140625
6 0.20390625 0.296875 0.0359375 0.01875
6 0.19453125 0.23671875 0.0390625 0.0171875
6 0.63828125 0.13984375 0.0421875 0.0265625
6 0.740625 0.1421875 0.0375 0.01875
6 0.79140625 0.1484375 0.0390625 0.01875
6 0.70859375 0.63515625 0.0359375 0.0171875
6 0.61953125 0.775 0.0265625 0.015625
6 0.696875 0.88359375 0.0375 0.0171875
6 0.86015625 0.88671875 0.0328125 0.0140625
6 0.86015625 0.90625 0.0359375 0.021875
6 0.934375 0.85 0.015625 0.03125
