4 0.6171875 0.52421875 0.0875 0.0859375
4 0.70390625 0.5515625 0.0859375 0.08125
4 0.77890625 0.4859375 0.0859375 0.08125
4 0.85703125 0.41796875 0.0984375 0.0921875
4 0.93359375 0.35078125 0.0765625 0.0828125
4 0.92578125 0.25078125 0.0953125 0.0953125
4 0.84609375 0.3203125 0.0828125 0.084375
4 0.76953125 0.38671875 0.0828125 0.0828125
4 0.696875 0.45234375 0.0875 0.0921875
4 0.540625 0.5859375 0.06875 0.084375
4 0.628125 0.62265625 0.090625 0.0796875
4 0.35546875 0.63984375 0.1359375 0.1484375
4 0.4796875 0.5265625 0.084375 0.090625
4 0.5734375 0.43828125 0.0875 0.0921875
4 0.6703125 0.35859375 0.0875 0.0953125
4 0.765625 0.27421875 0.075 0.0921875
4 0.83515625 0.22109375 0.0828125 0.0953125
4 0.2 0.225 0.10625 0.109375
