6 0.03125 0.21484375 0.03125 0.0515625
6 0.05859375 0.22421875 0.0359375 0.0546875
6 0.08828125 0.23203125 0.0390625 0.0578125
6 0.11875 0.2421875 0.040625 0.0625
6 0.14375 0.253125 0.0375 0.05625
6 0.125 0.18125 0.05 0.034375
6 0.3375 0.1359375 0.053125 0.025
6 0.3921875 0.13671875 0.05 0.0265625
5 0.59765625 0.2171875 0.0640625 0.03125
6 0.54296875 0.1171875 0.0515625 0.028125
6 0.60078125 0.12265625 0.0546875 0.0296875
6 0.5953125 0.15234375 0.04375 0.0234375
6 0.5375 0.146875 0.05 0.025
6 0.53828125 0.18046875 0.0453125 0.0265625
6 0.53515625 0.20859375 0.0609375 0.0328125
6 0.3953125 0.16953125 0.053125 0.0265625
6 0.5296875 0.3765625 0.0375 0.053125
6 0.34140625 0.11171875 0.0515625 0.0265625
6 0.15625 0.0765625 0.046875 0.021875
6 0.17578125 0.26015625 0.0390625 0.0578125
5 0.29921875 0.27109375 0.0671875 0.0453125
6 0.415625 0.34140625 0.040625 0.0546875
6 0.446875 0.346875 0.0375 0.05625
6 0.60234375 0.09375 0.0609375 0.034375
6 0.40625 0.11484375 0.059375 0.0359375
6 0.35 0.07734375 0.05 0.0265625
6 0.20625 0.103125 0.05625 0.025
6 0.2140625 0.075 0.053125 0.025
6 0.15703125 0.04765625 0.0453125 0.0203125
6 0.5390625 0.05859375 0.05 0.0265625
6 0.60234375 0.03125 0.0484375 0.021875
6 0.47265625 0.35625 0.0359375 0.05625
6 0.559375 0.38125 0.034375 0.05625
6 0.590625 0.38671875 0.0375 0.0578125
5 0.8828125 0.75859375 0.05625 0.0515625
6 0.8796875 0.72421875 0.040625 0.0390625
6 0.884375 0.690625 0.053125 0.046875
6 0.8859375 0.6578125 0.046875 0.046875
6 0.8953125 0.590625 0.053125 0.05
6 0.7265625 0.40390625 0.028125 0.0546875
6 0.65703125 0.40234375 0.0265625 0.0546875
6 0.6265625 0.39921875 0.028125 0.0453125
