6 0.0765625 0.1296875 0.05 0.025
6 0.06875 0.2484375 0.05 0.025
6 0.8546875 0.01875 0.046875 0.028125
6 0.846875 0.084375 0.053125 0.025
6 0.85 0.04921875 0.053125 0.0203125
6 0.778125 0.2890625 0.046875 0.028125
6 0.77421875 0.32109375 0.0546875 0.0265625
6 0.77734375 0.35 0.0546875 0.025
6 0.77578125 0.40703125 0.0515625 0.0296875
6 0.77265625 0.4359375 0.0578125 0.028125
6 0.77265625 0.4671875 0.0546875 0.028125
6 0.89921875 0.60390625 0.0421875 0.0296875
6 0.7609375 0.6484375 0.053125 0.03125
6 0.76484375 0.5875 0.0578125 0.034375
6 0.7609375 0.67578125 0.05625 0.0328125
5 0.09765625 0.7171875 0.0640625 0.03125
6 0.04296875 0.6171875 0.0515625 0.028125
6 0.10078125 0.62265625 0.0546875 0.0296875
6 0.0953125 0.65234375 0.04375 0.0234375
6 0.0375 0.646875 0.05 0.025
6 0.03828125 0.68046875 0.0453125 0.0265625
6 0.03515625 0.70859375 0.0609375 0.0328125
6 0.0296875 0.8765625 0.0375 0.053125
6 0.10234375 0.59375 0.0609375 0.034375
6 0.0390625 0.55859375 0.05 0.0265625
6 0.10234375 0.53125 0.0484375 0.021875
6 0.05859375 0.434375 0.0453125 0.021875
6 0.17578125 0.3890625 0.0296875 0.065625
6 0.059375 0.88125 0.034375 0.05625
6 0.090625 0.88671875 0.0375 0.0578125
6 0.2265625 0.90390625 0.028125 0.0546875
5 0.690625 0.3984375 0.04375 0.075
6 0.125 0.22109375 0.053125 0.0296875
6 0.15703125 0.90234375 0.0265625 0.0546875
6 0.1265625 0.89921875 0.028125 0.0453125
