6 0.92734375 0.190625 0.0390625 0.053125
6 0.871875 0.17890625 0.040625 0.0578125
6 0.70234375 0.13046875 0.0421875 0.0578125
6 0.11015625 0.5828125 0.0578125 0.04375
6 0.4875 0.0578125 0.034375 0.046875
6 0.128125 0.50859375 0.053125 0.0390625
6 0.12109375 0.540625 0.0578125 0.040625
6 0.11484375 0.77578125 0.0265625 0.0484375
6 0.43671875 0.953125 0.0546875 0.05
6 0.19296875 0.875 0.0578125 0.053125
6 0.22890625 0.88828125 0.0546875 0.0609375
6 0.2578125 0.89609375 0.053125 0.0546875
6 0.3828125 0.8640625 0.059375 0.0375
6 0.31328125 0.91328125 0.0546875 0.0515625
6 0.34140625 0.925 0.0515625 0.046875
6 0.40546875 0.94609375 0.0578125 0.0578125
