6 0.83125 0.309375 0.046875 0.028125
6 0.8421875 0.24609375 0.05 0.0265625
6 0.66796875 0.0703125 0.0390625 0.059375
6 0.83828125 0.37890625 0.0484375 0.0234375
6 0.83515625 0.3390625 0.0515625 0.025
5 0.90546875 0.484375 0.0359375 0.05625
6 0.90546875 0.56875 0.0578125 0.040625
6 0.65390625 0.9484375 0.0578125 0.040625
6 0.66796875 0.89140625 0.0515625 0.0390625
6 0.6734375 0.86328125 0.059375 0.0421875
6 0.69765625 0.809375 0.0484375 0.034375
6 0.5171875 0.95 0.05625 0.04375
6 0.578125 0.76953125 0.05 0.0359375
6 0.36484375 0.4421875 0.0390625 0.0625
6 0.37265625 0.36953125 0.0390625 0.0609375
6 0.5234375 0.1671875 0.03125 0.046875
6 0.44921875 0.2203125 0.0578125 0.065625
6 0.86640625 0.653125 0.0609375 0.046875
6 0.6875 0.83515625 0.059375 0.0390625
6 0.503125 0.2375 0.040625 0.071875
