6 0.859375 0.65390625 0.053125 0.0265625
6 0.78515625 0.84453125 0.0359375 0.0515625
6 0.6859375 0.66171875 0.04375 0.0671875
6 0.890625 0.75703125 0.053125 0.0296875
6 0.8296875 0.71328125 0.034375 0.0453125
6 0.95546875 0.71328125 0.0484375 0.0515625
6 0.828125 0.5421875 0.0375 0.059375
6 0.8953125 0.50234375 0.0375 0.0640625
6 0.91640625 0.44453125 0.0390625 0.0578125
6 0.7890625 0.48203125 0.04375 0.0671875
6 0.78046875 0.36796875 0.0421875 0.0609375
6 0.9640625 0.28984375 0.040625 0.0609375
6 0.9375 0.21796875 0.0375 0.0515625
5 0.871875 0.0734375 0.040625 0.0625
6 0.21015625 0.77890625 0.0484375 0.0640625
6 0.93515625 0.60078125 0.0515625 0.0296875
6 0.2484375 0.78828125 0.0375 0.0453125
6 0.146875 0.82734375 0.0375 0.0640625
6 0.7203125 0.54375 0.040625 0.059375
6 0.74296875 0.48203125 0.0421875 0.0546875
6 0.75859375 0.42734375 0.0390625 0.0578125
