6 0.72578125 0.58984375 0.0546875 0.0390625
6 0.7734375 0.9625 0.04375 0.059375
6 0.4125 0.87734375 0.034375 0.0546875
6 0.19453125 0.83515625 0.0328125 0.0453125
6 0.2125 0.0765625 0.053125 0.025
6 0.20546875 0.159375 0.0515625 0.028125
6 0.2296875 0.84609375 0.034375 0.0578125
6 0.2609375 0.84609375 0.0375 0.0578125
6 0.30390625 0.85546875 0.0328125 0.0609375
6 0.440625 0.8875 0.0375 0.05625
6 0.52578125 0.90859375 0.0390625 0.0609375
6 0.578125 0.9265625 0.0375 0.05
5 0.5125 0.6953125 0.065625 0.040625
6 0.64765625 0.56171875 0.0203125 0.0421875
6 0.1578125 0.83046875 0.040625 0.0578125
6 0.04765625 0.79140625 0.0484375 0.0546875
