6 0.028125 0.2296875 0.028125 0.05
6 0.246875 0.45625 0.0625 0.03125
6 0.5765625 0.6296875 0.05 0.025
6 0.56875 0.7484375 0.05 0.025
6 0.19375 0.8 0.046875 0.025
6 0.16171875 0.85625 0.0578125 0.028125
6 0.16171875 0.97890625 0.0578125 0.0265625
6 0.225 0.9546875 0.0375 0.021875
6 0.22421875 0.92109375 0.0546875 0.0265625
6 0.35234375 0.95625 0.0484375 0.028125
6 0.35625 0.89453125 0.053125 0.0265625
6 0.55859375 0.934375 0.0453125 0.021875
6 0.67578125 0.8890625 0.0296875 0.065625
6 0.625 0.72109375 0.053125 0.0296875
