6 0.859375 0.15390625 0.053125 0.0265625
6 0.83125 0.809375 0.046875 0.028125
6 0.8421875 0.74609375 0.05 0.0265625
6 0.66796875 0.5703125 0.0390625 0.059375
6 0.78515625 0.34453125 0.0359375 0.0515625
6 0.6859375 0.16171875 0.04375 0.0671875
6 0.890625 0.25703125 0.053125 0.0296875
6 0.83828125 0.87890625 0.0484375 0.0234375
6 0.8296875 0.21328125 0.034375 0.0453125
6 0.95546875 0.21328125 0.0484375 0.0515625
6 0.828125 0.0421875 0.0375 0.059375
6 0.83515625 0.8390625 0.0515625 0.025
6 0.36484375 0.9421875 0.0390625 0.0625
6 0.37265625 0.86953125 0.0390625 0.0609375
6 0.5234375 0.6671875 0.03125 0.046875
5 0.56875 0.51328125 0.0375 0.0578125
6 0.21015625 0.27890625 0.0484375 0.0640625
6 0.44921875 0.7203125 0.0578125 0.065625
6 0.93515625 0.10078125 0.0515625 0.0296875
6 0.503125 0.7375 0.040625 0.071875
6 0.2484375 0.28828125 0.0375 0.0453125
6 0.146875 0.32734375 0.0375 0.0640625
6 0.7203125 0.04375 0.040625 0.059375
