6 0.2453125 0.83359375 0.053125 0.0640625
6 0.51875 0.50625 0.05 0.05
5 0.3625 0.4109375 0.059375 0.046875
5 0.39921875 0.0703125 0.0484375 0.0625
5 0.55234375 0.528125 0.0546875 0.059375
5 0.609375 0.575 0.05 0.053125
6 0.8125 0.70703125 0.046875 0.0546875
6 0.33984375 0.96015625 0.0515625 0.0640625
6 0.4015625 0.87265625 0.046875 0.0515625
6 0.73984375 0.80390625 0.0578125 0.0515625
6 0.48671875 0.740625 0.0484375 0.053125
6 0.75390625 0.67265625 0.0484375 0.0578125
6 0.72890625 0.6515625 0.0515625 0.0625
6 0.70625 0.63359375 0.04375 0.0515625
6 0.29453125 0.51171875 0.0578125 0.0515625
5 0.62421875 0.6046875 0.0609375 0.0625
