6 0.90546875 0.06875 0.0578125 0.040625
6 0.65390625 0.4484375 0.0578125 0.040625
6 0.66796875 0.39140625 0.0515625 0.0390625
6 0.6734375 0.36328125 0.059375 0.0421875
6 0.69765625 0.309375 0.0484375 0.034375
5 0.1859375 0.72109375 0.053125 0.0796875
6 0.33671875 0.75234375 0.0359375 0.0578125
6 0.35625 0.68515625 0.0375 0.0578125
6 0.42734375 0.73125 0.0546875 0.0375
6 0.5515625 0.74609375 0.053125 0.0328125
6 0.53828125 0.80546875 0.0609375 0.0421875
6 0.53359375 0.83359375 0.0578125 0.0390625
6 0.4078125 0.78515625 0.053125 0.0390625
6 0.153125 0.5421875 0.053125 0.040625
6 0.37421875 0.8984375 0.0484375 0.034375
6 0.3671875 0.93046875 0.0625 0.0453125
6 0.275 0.94140625 0.0375 0.0578125
6 0.471875 0.5875 0.053125 0.0375
6 0.4796875 0.5625 0.05 0.03125
6 0.5171875 0.45 0.05625 0.04375
6 0.578125 0.26953125 0.05 0.0359375
6 0.86640625 0.153125 0.0609375 0.046875
6 0.6875 0.33515625 0.059375 0.0390625
6 0.49609375 0.50390625 0.0515625 0.0390625
6 0.51171875 0.8875 0.0515625 0.0375
