6 0.40546875 0.06875 0.0578125 0.040625
6 0.15390625 0.4484375 0.0578125 0.040625
6 0.16796875 0.39140625 0.0515625 0.0390625
6 0.1734375 0.36328125 0.059375 0.0421875
6 0.19765625 0.309375 0.0484375 0.034375
6 0.50546875 0.21015625 0.0359375 0.0484375
6 0.53125 0.21484375 0.03125 0.0515625
6 0.55859375 0.22421875 0.0359375 0.0546875
6 0.58828125 0.23203125 0.0390625 0.0578125
6 0.61875 0.2421875 0.040625 0.0625
6 0.64375 0.253125 0.0375 0.05625
6 0.625 0.18125 0.05 0.034375
6 0.0515625 0.74609375 0.053125 0.0328125
6 0.03828125 0.80546875 0.0609375 0.0421875
6 0.03359375 0.83359375 0.0578125 0.0390625
6 0.078125 0.26953125 0.05 0.0359375
6 0.36640625 0.153125 0.0609375 0.046875
6 0.8375 0.1359375 0.053125 0.025
6 0.8921875 0.13671875 0.05 0.0265625
6 0.1875 0.33515625 0.059375 0.0390625
6 0.8953125 0.16953125 0.053125 0.0265625
6 0.84140625 0.11171875 0.0515625 0.0265625
6 0.65625 0.0765625 0.046875 0.021875
6 0.67578125 0.26015625 0.0390625 0.0578125
5 0.79921875 0.27109375 0.0671875 0.0453125
6 0.915625 0.34140625 0.040625 0.0546875
6 0.946875 0.346875 0.0375 0.05625
6 0.90625 0.11484375 0.059375 0.0359375
6 0.85 0.07734375 0.05 0.0265625
6 0.70625 0.103125 0.05625 0.025
6 0.7140625 0.075 0.053125 0.025
6 0.65703125 0.04765625 0.0453125 0.0203125
6 0.97265625 0.35625 0.0359375 0.05625
