6 0.25546875 0.07578125 0.0546875 0.0484375
6 0.253125 0.1078125 0.053125 0.04375
6 0.24453125 0.14296875 0.0578125 0.0515625
6 0.24765625 0.18046875 0.0546875 0.0453125
6 0.3625 0.3078125 0.05625 0.028125
6 0.3609375 0.3734375 0.05 0.025
6 0.34921875 0.4890625 0.0546875 0.028125
6 0.3546875 0.51875 0.046875 0.028125
6 0.346875 0.584375 0.053125 0.025
6 0.35 0.54921875 0.053125 0.0203125
6 0.278125 0.7890625 0.046875 0.028125
6 0.27421875 0.82109375 0.0546875 0.0265625
6 0.27734375 0.85 0.0546875 0.025
6 0.27578125 0.90703125 0.0515625 0.0296875
6 0.27265625 0.9359375 0.0578125 0.028125
6 0.27265625 0.9671875 0.0546875 0.028125
5 0.190625 0.8984375 0.04375 0.075
