6 0.03125 0.71484375 0.03125 0.0515625
6 0.05859375 0.72421875 0.0359375 0.0546875
6 0.08828125 0.73203125 0.0390625 0.0578125
6 0.11875 0.7421875 0.040625 0.0625
6 0.14375 0.753125 0.0375 0.05625
6 0.125 0.68125 0.05 0.034375
6 0.5765625 0.1296875 0.05 0.025
6 0.56875 0.2484375 0.05 0.025
6 0.19375 0.3 0.046875 0.025
6 0.3375 0.6359375 0.053125 0.025
6 0.3921875 0.63671875 0.05 0.0265625
6 0.16171875 0.35625 0.0578125 0.028125
5 0.59765625 0.7171875 0.0640625 0.03125
6 0.54296875 0.6171875 0.0515625 0.028125
6 0.60078125 0.62265625 0.0546875 0.0296875
6 0.5953125 0.65234375 0.04375 0.0234375
6 0.5375 0.646875 0.05 0.025
6 0.53828125 0.68046875 0.0453125 0.0265625
6 0.53515625 0.70859375 0.0609375 0.0328125
6 0.3953125 0.66953125 0.053125 0.0265625
6 0.5296875 0.8765625 0.0375 0.053125
6 0.34140625 0.61171875 0.0515625 0.0265625
6 0.15625 0.5765625 0.046875 0.021875
6 0.17578125 0.76015625 0.0390625 0.0578125
5 0.29921875 0.77109375 0.0671875 0.0453125
6 0.415625 0.84140625 0.040625 0.0546875
6 0.446875 0.846875 0.0375 0.05625
6 0.60234375 0.59375 0.0609375 0.034375
6 0.40625 0.61484375 0.059375 0.0359375
6 0.35 0.57734375 0.05 0.0265625
6 0.20625 0.603125 0.05625 0.025
6 0.2140625 0.575 0.053125 0.025
6 0.15703125 0.54765625 0.0453125 0.0203125
6 0.1609375 0.5109375 0.05625 0.025
6 0.41015625 0.49375 0.0515625 0.028125
6 0.5390625 0.55859375 0.05 0.0265625
6 0.60234375 0.53125 0.0484375 0.021875
6 0.16171875 0.47890625 0.0578125 0.0265625
6 0.225 0.4546875 0.0375 0.021875
6 0.22421875 0.42109375 0.0546875 0.0265625
6 0.35234375 0.45625 0.0484375 0.028125
6 0.35625 0.39453125 0.053125 0.0265625
6 0.55859375 0.434375 0.0453125 0.021875
6 0.67578125 0.3890625 0.0296875 0.065625
6 0.47265625 0.85625 0.0359375 0.05625
6 0.559375 0.88125 0.034375 0.05625
6 0.590625 0.88671875 0.0375 0.0578125
6 0.7265625 0.90390625 0.028125 0.0546875
6 0.625 0.22109375 0.053125 0.0296875
6 0.65703125 0.90234375 0.0265625 0.0546875
6 0.6265625 0.89921875 0.028125 0.0453125
