6 0.1234375 0.91640625 0.0375 0.0515625
5 0.1859375 0.71328125 0.0375 0.0609375
6 0.4421875 0.60703125 0.05 0.0390625
5 0.1859375 0.22109375 0.053125 0.0796875
6 0.4546875 0.5765625 0.05625 0.0375
6 0.33671875 0.25234375 0.0359375 0.0578125
6 0.35625 0.18515625 0.0375 0.0578125
6 0.42734375 0.23125 0.0546875 0.0375
6 0.5515625 0.24609375 0.053125 0.0328125
6 0.53828125 0.30546875 0.0609375 0.0421875
6 0.53359375 0.33359375 0.0578125 0.0390625
6 0.4078125 0.28515625 0.053125 0.0390625
6 0.153125 0.0421875 0.053125 0.040625
6 0.37421875 0.3984375 0.0484375 0.034375
6 0.3671875 0.43046875 0.0625 0.0453125
6 0.275 0.44140625 0.0375 0.0578125
6 0.2546875 0.5 0.0375 0.053125
6 0.34296875 0.5171875 0.0578125 0.04375
6 0.33125 0.54375 0.05625 0.040625
6 0.471875 0.0875 0.053125 0.0375
6 0.4796875 0.0625 0.05 0.03125
6 0.51171875 0.3875 0.0515625 0.0375
