4 0.51328125 0.44609375 0.0359375 0.0359375
4 0.55078125 0.38359375 0.0421875 0.0421875
4 0.52109375 0.353125 0.0421875 0.04375
4 0.684375 0.384375 0.0375 0.04375
4 0.57109375 0.3015625 0.0421875 0.040625
4 0.5390625 0.26953125 0.0375 0.0359375
4 0.65 0.265625 0.040625 0.040625
4 0.89765625 0.19765625 0.0296875 0.0390625
4 0.58203125 0.21484375 0.0453125 0.0421875
4 0.63984375 0.15390625 0.0421875 0.0421875
4 0.475 0.4140625 0.040625 0.040625
4 0.44765625 0.38984375 0.0328125 0.0328125
4 0.4109375 0.34375 0.05 0.05
4 0.4546875 0.290625 0.04375 0.04375
4 0.4890625 0.13828125 0.071875 0.0734375
4 0.4171875 0.0515625 0.034375 0.034375
