5 0.95859375 0.8796875 0.0328125 0.025
5 0.51640625 0.45390625 0.0234375 0.0328125
5 0.5359375 0.48828125 0.025 0.0328125
5 0.25390625 0.06484375 0.0234375 0.0265625
5 0.35703125 0.20546875 0.0171875 0.0296875
5 0.30859375 0.1625 0.0171875 0.034375
5 0.32265625 0.2046875 0.0203125 0.03125
5 0.465625 0.57890625 0.028125 0.0421875
5 0.48359375 0.64765625 0.0421875 0.0328125
5 0.51171875 0.72265625 0.0390625 0.0265625
5 0.5140625 0.7328125 0.0375 0.025
5 0.5203125 0.75078125 0.0375 0.0296875
5 0.53046875 0.76953125 0.0390625 0.0296875
5 0.53515625 0.7875 0.0359375 0.03125
5 0.53984375 0.796875 0.0359375 0.028125
5 0.5421875 0.80703125 0.034375 0.0296875
5 0.5515625 0.81328125 0.034375 0.0328125
