6 0.38515625 0.1671875 0.0359375 0.025
6 0.4484375 0.18125 0.028125 0.0375
6 0.45390625 0.13359375 0.0265625 0.0359375
6 0.37734375 0.13984375 0.0390625 0.0234375
6 0.37421875 0.11640625 0.0328125 0.0234375
6 0.3640625 0.09140625 0.04375 0.0296875
6 0.253125 0.228125 0.028125 0.034375
6 0.2484375 0.19296875 0.025 0.0359375
6 0.3640625 0.071875 0.03125 0.01875
6 0.359375 0.05390625 0.034375 0.0203125
6 0.19453125 0.0109375 0.0328125 0.021875
6 0.4890625 0.88828125 0.03125 0.0203125
6 0.42421875 0.91484375 0.0359375 0.0234375
6 0.4984375 0.90703125 0.03125 0.0203125
6 0.03125 0.91171875 0.028125 0.0328125
6 0.01640625 0.9203125 0.0265625 0.034375
6 0.01953125 0.9578125 0.0265625 0.034375
6 0.02421875 0.84375 0.0234375 0.028125
6 0.3625 0.76875 0.028125 0.021875
6 0.34296875 0.72265625 0.0328125 0.0234375
6 0.3359375 0.70859375 0.034375 0.0265625
6 0.39375 0.66484375 0.03125 0.0203125
6 0.325 0.6921875 0.03125 0.021875
6 0.2859375 0.68828125 0.028125 0.0203125
6 0.28515625 0.6640625 0.0265625 0.01875
6 0.271875 0.64140625 0.03125 0.0203125
6 0.26875 0.62734375 0.028125 0.0171875
6 0.371875 0.7984375 0.03125 0.021875
6 0.3671875 0.7828125 0.03125 0.025
6 0.38203125 0.81171875 0.0328125 0.0234375
6 0.5359375 0.98203125 0.03125 0.0234375
6 0.48515625 0.875 0.0328125 0.021875
6 0.41171875 0.71015625 0.0328125 0.0203125
6 0.53046875 0.96953125 0.0359375 0.0203125
6 0.45390625 0.9765625 0.0359375 0.021875
6 0.4421875 0.94765625 0.034375 0.0296875
6 0.43203125 0.93203125 0.0296875 0.0203125
6 0.421875 0.8984375 0.03125 0.021875
6 0.41640625 0.8859375 0.0265625 0.021875
6 0.40546875 0.8703125 0.0296875 0.021875
6 0.40234375 0.85625 0.0328125 0.01875
6 0.390625 0.82734375 0.03125 0.0265625
6 0.42890625 0.740625 0.0328125 0.025
6 0.41953125 0.7234375 0.0328125 0.021875
