6 0.109375 0.146875 0.03125 0.021875
6 0.109375 0.3171875 0.03125 0.025
6 0.0890625 0.27109375 0.03125 0.0296875
6 0.125 0.34453125 0.03125 0.0296875
6 0.13203125 0.19140625 0.0359375 0.0296875
6 0.15390625 0.2484375 0.0359375 0.025
6 0.1625 0.265625 0.028125 0.01875
6 0.1609375 0.28359375 0.03125 0.0203125
6 0.09765625 0.28671875 0.0328125 0.0203125
6 0.084375 0.259375 0.025 0.028125
6 0.07734375 0.24375 0.0296875 0.025
6 0.259375 0.221875 0.021875 0.028125
6 0.0921875 0.103125 0.028125 0.021875
6 0.1890625 0.3265625 0.025 0.021875
6 0.05078125 0.18359375 0.0296875 0.0296875
6 0.04140625 0.16953125 0.0296875 0.0234375
6 0.03515625 0.153125 0.0328125 0.025
6 0.02734375 0.14140625 0.0265625 0.0203125
6 0.17890625 0.31015625 0.0359375 0.0265625
6 0.134375 0.37734375 0.03125 0.0296875
6 0.38515625 0.6671875 0.0359375 0.025
6 0.159375 0.4328125 0.03125 0.021875
6 0.4484375 0.68125 0.028125 0.0375
6 0.45390625 0.63359375 0.0265625 0.0359375
6 0.37734375 0.63984375 0.0390625 0.0234375
6 0.37421875 0.61640625 0.0328125 0.0234375
6 0.3640625 0.59140625 0.04375 0.0296875
6 0.253125 0.728125 0.028125 0.034375
6 0.2484375 0.69296875 0.025 0.0359375
6 0.178125 0.47890625 0.028125 0.0265625
6 0.18359375 0.4953125 0.0296875 0.025
6 0.17421875 0.4625 0.0296875 0.025
6 0.16875 0.44609375 0.03125 0.0234375
6 0.14140625 0.2046875 0.0328125 0.025
6 0.02421875 0.128125 0.0265625 0.01875
6 0.109375 0.13359375 0.03125 0.0234375
6 0.10078125 0.11796875 0.0296875 0.0203125
6 0.0859375 0.090625 0.03125 0.021875
6 0.0703125 0.0578125 0.034375 0.025
6 0.0609375 0.04375 0.034375 0.028125
6 0.059375 0.19765625 0.03125 0.0234375
6 0.1453125 0.22421875 0.028125 0.0140625
6 0.0609375 0.21484375 0.028125 0.0171875
6 0.35 0.428125 0.025 0.034375
6 0.18203125 0.06328125 0.0296875 0.0359375
6 0.17109375 0.028125 0.0265625 0.0375
6 0.24609375 0.190625 0.0234375 0.03125
6 0.3640625 0.571875 0.03125 0.01875
6 0.359375 0.55390625 0.034375 0.0203125
6 0.19453125 0.5109375 0.0328125 0.021875
6 0.35625 0.35625 0.025 0.0375
6 0.071875 0.228125 0.034375 0.028125
6 0.30390625 0.3265625 0.0296875 0.034375
6 0.2921875 0.29140625 0.028125 0.0359375
6 0.15 0.4046875 0.03125 0.025
6 0.1546875 0.42109375 0.025 0.0203125
6 0.1453125 0.3890625 0.03125 0.021875
6 0.2078125 0.35625 0.034375 0.021875
6 0.19609375 0.34140625 0.0359375 0.0203125
6 0.13203125 0.36015625 0.0328125 0.0234375
6 0.10390625 0.3015625 0.0296875 0.025
6 0.121875 0.33125 0.034375 0.028125
6 0.1734375 0.2984375 0.0375 0.028125
6 0.12109375 0.17421875 0.0359375 0.0265625
6 0.215625 0.1265625 0.021875 0.0375
6 0.2 0.09453125 0.028125 0.0328125
