6 0.15390625 0.23125 0.0234375 0.028125
6 0.4859375 0.15546875 0.025 0.0359375
6 0.50078125 0.14609375 0.0296875 0.0359375
6 0.528125 0.13515625 0.01875 0.0328125
6 0.54140625 0.1328125 0.0234375 0.034375
6 0.3828125 0.12578125 0.021875 0.0328125
6 0.33828125 0.14375 0.0234375 0.03125
6 0.2828125 0.17109375 0.021875 0.0328125
6 0.26640625 0.1765625 0.0234375 0.034375
6 0.25625 0.18671875 0.01875 0.0296875
6 0.09375 0.253125 0.01875 0.028125
6 0.1265625 0.24375 0.021875 0.028125
6 0.1375 0.2390625 0.025 0.03125
6 0.45625 0.1671875 0.025 0.034375
6 0.13515625 0.19609375 0.0234375 0.0296875
6 0.1046875 0.20546875 0.021875 0.0328125
6 0.16328125 0.18203125 0.0265625 0.0296875
6 0.14921875 0.18671875 0.0265625 0.0296875
6 0.18203125 0.17890625 0.0265625 0.0296875
6 0.31953125 0.1046875 0.0296875 0.0375
6 0.3390625 0.10546875 0.025 0.0328125
6 0.35 0.0953125 0.025 0.03125
6 0.39140625 0.07109375 0.0265625 0.0296875
6 0.3671875 0.0875 0.028125 0.0375
6 0.440625 0.0984375 0.03125 0.034375
6 0.47265625 0.165625 0.0265625 0.034375
6 0.44140625 0.175 0.0265625 0.03125
6 0.47109375 0.08203125 0.0234375 0.0328125
6 0.3328125 0.0234375 0.03125 0.03125
6 0.3171875 0.02734375 0.021875 0.0296875
6 0.2453125 0.01953125 0.021875 0.0296875
6 0.21640625 0.03515625 0.0203125 0.0296875
6 0.2 0.0375 0.025 0.034375
6 0.128125 0.07109375 0.025 0.0328125
6 0.38515625 0.19921875 0.0265625 0.0359375
6 0.146875 0.11015625 0.028125 0.0390625
6 0.11015625 0.0734375 0.0234375 0.03125
6 0.30703125 0.22890625 0.0296875 0.0328125
6 0.32109375 0.22265625 0.0203125 0.0296875
6 0.33671875 0.2203125 0.0171875 0.03125
6 0.3546875 0.21640625 0.025 0.0328125
6 0.36875 0.20859375 0.028125 0.0296875
6 0.4 0.19375 0.025 0.03125
6 0.4546875 0.090625 0.025 0.03125
6 0.5125 0.06953125 0.028125 0.0328125
6 0.24453125 0.059375 0.0203125 0.03125
4 0.73046875 0.71875 0.3234375 0.328125
4 0.70625 0.41875 0.2875 0.28125
6 0.54453125 0.0546875 0.0265625 0.034375
6 0.29453125 0.04140625 0.0203125 0.0296875
6 0.2640625 0.05859375 0.025 0.0328125
6 0.234375 0.07265625 0.021875 0.0328125
6 0.09375 0.13515625 0.025 0.0296875
6 0.10625 0.1265625 0.021875 0.034375
6 0.1453125 0.0671875 0.028125 0.034375
6 0.1890625 0.046875 0.025 0.03125
6 0.2328125 0.0296875 0.021875 0.034375
6 0.16328125 0.0625 0.0203125 0.03125
6 0.6171875 0.02578125 0.025 0.0359375
6 0.35078125 0.01796875 0.0203125 0.0359375
6 0.215625 0.06875 0.021875 0.03125
6 0.19140625 0.08828125 0.0265625 0.0359375
6 0.21328125 0.79375 0.0234375 0.025
6 0.2046875 0.7796875 0.034375 0.025
6 0.190625 0.76640625 0.040625 0.0328125
6 0.18984375 0.74609375 0.0296875 0.0203125
6 0.17421875 0.09375 0.0234375 0.03125
6 0.20703125 0.20078125 0.0234375 0.0296875
6 0.40625 0.05859375 0.03125 0.0359375
6 0.38046875 0.078125 0.0296875 0.03125
6 0.36875 0.12734375 0.028125 0.0296875
6 0.35078125 0.134375 0.0265625 0.034375
6 0.3078125 0.15546875 0.021875 0.0296875
6 0.29296875 0.159375 0.0234375 0.03125
6 0.1625 0.22109375 0.021875 0.0296875
6 0.17578125 0.21328125 0.0296875 0.0328125
6 0.18984375 0.20703125 0.0265625 0.0328125
6 0.23671875 0.18828125 0.0234375 0.0234375
6 0.221875 0.19296875 0.021875 0.0265625
6 0.1921875 0.1671875 0.025 0.03125
6 0.4328125 0.0484375 0.021875 0.025
6 0.20546875 0.15859375 0.0265625 0.0359375
6 0.21953125 0.153125 0.0234375 0.03125
6 0.23515625 0.1484375 0.0265625 0.034375
6 0.24765625 0.13671875 0.0296875 0.0328125
6 0.2609375 0.13046875 0.028125 0.0328125
6 0.275 0.125 0.028125 0.0375
6 0.28984375 0.11640625 0.0265625 0.0296875
6 0.30625 0.11328125 0.025 0.0359375
6 0.27421875 0.0453125 0.0296875 0.034375
6 0.1328125 0.11484375 0.021875 0.0359375
6 0.1609375 0.09921875 0.025 0.0328125
6 0.42265625 0.0578125 0.0296875 0.03125
6 0.44921875 0.04453125 0.0234375 0.0328125
6 0.2203125 0.82265625 0.03125 0.0265625
6 0.0890625 0.98515625 0.03125 0.0265625
6 0.25703125 0.90390625 0.0359375 0.0234375
6 0.24296875 0.8703125 0.0328125 0.025
6 0.478125 0.02890625 0.0375 0.0390625
6 0.1046875 0.2453125 0.028125 0.034375
6 0.096875 0.0796875 0.025 0.03125
6 0.303125 0.03203125 0.025 0.0328125
6 0.41171875 0.18515625 0.0234375 0.0328125
6 0.42890625 0.1828125 0.0234375 0.025
6 0.39609375 0.115625 0.0234375 0.03125
6 0.4109375 0.10859375 0.025 0.0359375
6 0.42421875 0.10078125 0.0234375 0.0328125
6 0.50703125 0.0203125 0.0359375 0.0375
