6 0.6328125 0.21328125 0.034375 0.0234375
6 0.52109375 0.93046875 0.0421875 0.0265625
6 0.38203125 0.88046875 0.0296875 0.0203125
6 0.22734375 0.8171875 0.0703125 0.04375
6 0.1296875 0.75078125 0.03125 0.0265625
6 0.93125 0.51953125 0.028125 0.0296875
6 0.9265625 0.50078125 0.025 0.0265625
6 0.9203125 0.4859375 0.028125 0.025
6 0.90390625 0.45546875 0.0296875 0.0265625
6 0.8984375 0.4375 0.03125 0.025
6 0.86796875 0.36875 0.0390625 0.028125
6 0.87421875 0.38515625 0.0328125 0.0265625
6 0.8625 0.353125 0.034375 0.025
6 0.59921875 0.3015625 0.0328125 0.025
6 0.915625 0.475 0.028125 0.021875
6 0.83671875 0.29375 0.0328125 0.021875
6 0.83046875 0.278125 0.0359375 0.028125
6 0.77890625 0.17109375 0.0359375 0.0234375
6 0.73203125 0.0671875 0.0328125 0.025
6 0.69921875 0.5265625 0.0328125 0.025
6 0.68203125 0.47109375 0.0328125 0.0234375
6 0.675 0.46015625 0.0375 0.0265625
6 0.65390625 0.41953125 0.0296875 0.0234375
6 0.64765625 0.40078125 0.0359375 0.0296875
6 0.703125 0.35390625 0.03125 0.0203125
6 0.69609375 0.33671875 0.0265625 0.0203125
6 0.6875 0.3203125 0.028125 0.021875
6 0.68359375 0.30703125 0.0296875 0.0234375
6 0.675 0.2921875 0.03125 0.021875
6 0.6625 0.26484375 0.028125 0.0203125
6 0.65625 0.2484375 0.028125 0.021875
6 0.64765625 0.2328125 0.0296875 0.021875
6 0.58203125 0.2546875 0.0265625 0.01875
6 0.57421875 0.23828125 0.0296875 0.0203125
6 0.5625 0.2109375 0.03125 0.01875
6 0.55546875 0.196875 0.0296875 0.01875
6 0.690625 0.50234375 0.0375 0.0328125
6 0.73359375 0.42578125 0.0296875 0.0265625
6 0.68359375 0.48515625 0.0265625 0.0234375
6 0.74765625 0.47578125 0.0296875 0.0234375
6 0.73203125 0.43828125 0.0328125 0.0203125
6 0.7390625 0.4546875 0.034375 0.025
6 0.65703125 0.4390625 0.0359375 0.025
6 0.63515625 0.38203125 0.0390625 0.0265625
6 0.6265625 0.37109375 0.034375 0.0203125
6 0.6234375 0.35625 0.03125 0.025
6 0.61796875 0.34296875 0.0296875 0.0234375
6 0.61015625 0.32890625 0.0296875 0.0203125
6 0.60078125 0.31484375 0.0296875 0.0234375
6 0.725 0.41484375 0.028125 0.0265625
6 0.4828125 0.04609375 0.03125 0.0234375
6 0.7171875 0.39765625 0.034375 0.0265625
6 0.7109375 0.38203125 0.034375 0.0265625
6 0.703125 0.3671875 0.028125 0.021875
6 0.590625 0.28203125 0.0375 0.0265625
6 0.53828125 0.16328125 0.0296875 0.0265625
6 0.5234375 0.13828125 0.03125 0.0234375
6 0.51640625 0.1203125 0.0359375 0.028125
6 0.51171875 0.10625 0.0296875 0.025
6 0.50625 0.0921875 0.03125 0.025
6 0.49765625 0.0765625 0.0296875 0.025
6 0.490625 0.06015625 0.028125 0.0234375
6 0.5328125 0.15078125 0.03125 0.0171875
6 0.62734375 0.20078125 0.0359375 0.0265625
6 0.6234375 0.184375 0.034375 0.025
6 0.61875 0.175 0.028125 0.021875
6 0.0140625 0.3078125 0.028125 0.034375
6 0.5453125 0.18046875 0.03125 0.0234375
6 0.615625 0.159375 0.028125 0.025
6 0.0234375 0.0703125 0.028125 0.034375
6 0.07265625 0.1125 0.0296875 0.034375
6 0.10625 0.134375 0.025 0.03125
6 0.0984375 0.09375 0.028125 0.03125
6 0.08125 0.0390625 0.025 0.028125
6 0.13515625 0.23203125 0.0265625 0.0328125
6 0.171875 0.20546875 0.025 0.0296875
6 0.10625 0.0171875 0.028125 0.034375
6 0.021875 0.2625 0.03125 0.03125
6 0.60234375 0.13203125 0.0328125 0.0234375
6 0.59375 0.1171875 0.03125 0.025
6 0.5875 0.10078125 0.028125 0.0234375
6 0.58359375 0.084375 0.0328125 0.021875
6 0.56484375 0.0578125 0.0296875 0.025
6 0.5625 0.04453125 0.03125 0.0234375
6 0.55390625 0.0296875 0.0296875 0.01875
6 0.54765625 0.01171875 0.0328125 0.0234375
6 0.47890625 0.03359375 0.0328125 0.0265625
6 0.02890625 0.3640625 0.0265625 0.03125
