6 0.05234375 0.2078125 0.0390625 0.021875
6 0.44296875 0.0953125 0.0328125 0.028125
6 0.4296875 0.06640625 0.028125 0.0234375
6 0.4171875 0.03828125 0.03125 0.0234375
6 0.4125 0.02421875 0.03125 0.0203125
6 0.3859375 0.140625 0.028125 0.021875
6 0.3703125 0.1109375 0.034375 0.025
6 0.35546875 0.07109375 0.0328125 0.0234375
6 0.31796875 0.11484375 0.0328125 0.0234375
6 0.3109375 0.1015625 0.03125 0.021875
6 0.30546875 0.08671875 0.0296875 0.0203125
6 0.10625 0.22421875 0.040625 0.0234375
6 0.46015625 0.14140625 0.0296875 0.0234375
6 0.459375 0.121875 0.03125 0.01875
6 0.46328125 0.0140625 0.0328125 0.025
6 0.5859375 0.10234375 0.028125 0.0234375
6 0.6640625 0.15625 0.028125 0.021875
6 0.64765625 0.11171875 0.0296875 0.0203125
6 0.6296875 0.08515625 0.028125 0.0234375
6 0.6234375 0.06953125 0.028125 0.0234375
6 0.6171875 0.0546875 0.03125 0.025
6 0.61171875 0.040625 0.0296875 0.025
6 0.6078125 0.02421875 0.028125 0.0203125
6 0.5984375 0.13046875 0.028125 0.0265625
6 0.59140625 0.11640625 0.0328125 0.0234375
6 0.578125 0.08671875 0.028125 0.0234375
6 0.47265625 0.0328125 0.0296875 0.025
6 0.55859375 0.04609375 0.0328125 0.0203125
6 0.5484375 0.0296875 0.034375 0.025
6 0.615625 0.178125 0.028125 0.021875
6 0.54765625 0.19296875 0.0359375 0.0234375
6 0.53671875 0.17734375 0.0328125 0.0234375
6 0.52890625 0.16171875 0.0359375 0.0234375
6 0.52421875 0.14609375 0.0265625 0.0203125
6 0.50390625 0.103125 0.0328125 0.021875
6 0.4859375 0.05625 0.025 0.015625
6 0.48203125 0.04453125 0.0328125 0.0234375
6 0.67734375 0.18515625 0.0265625 0.0203125
6 0.66796875 0.17265625 0.0265625 0.0234375
6 0.69140625 0.21484375 0.0203125 0.0171875
6 0.63828125 0.096875 0.0265625 0.01875
6 0.77734375 0.10625 0.0328125 0.025
6 0.771875 0.090625 0.03125 0.025
6 0.76640625 0.0734375 0.0359375 0.021875
6 0.85234375 0.084375 0.0359375 0.025
6 0.93515625 0.14375 0.0328125 0.025
6 0.921875 0.11484375 0.028125 0.0203125
6 0.89609375 0.0609375 0.0296875 0.021875
6 0.890625 0.04375 0.034375 0.028125
6 0.83203125 0.0453125 0.0296875 0.021875
6 0.56640625 0.0703125 0.0234375 0.021875
6 0.8 0.15078125 0.034375 0.0265625
6 0.56484375 0.05703125 0.0265625 0.0203125
6 0.49140625 0.08828125 0.0296875 0.0203125
6 0.49375 0.07109375 0.028125 0.0203125
6 0.65625 0.14296875 0.028125 0.0234375
6 0.9609375 0.0203125 0.034375 0.025
6 0.7921875 0.1328125 0.03125 0.025
6 0.8140625 0.178125 0.034375 0.025
6 0.87734375 0.14609375 0.0359375 0.0328125
6 0.73671875 0.13828125 0.0296875 0.0296875
6 0.73125 0.12421875 0.0375 0.0265625
6 0.70390625 0.07578125 0.0296875 0.0234375
6 0.7140625 0.09609375 0.034375 0.0234375
6 0.740625 0.0171875 0.03125 0.028125
6 0.7453125 0.03203125 0.028125 0.0234375
6 0.77265625 0.2171875 0.0296875 0.01875
6 0.8359375 0.22421875 0.028125 0.0265625
6 0.90625 0.07578125 0.03125 0.0203125
6 0.9453125 0.16171875 0.028125 0.0234375
6 0.91171875 0.22421875 0.0296875 0.0203125
6 0.8453125 0.0609375 0.025 0.021875
6 0.97421875 0.0515625 0.0328125 0.021875
6 0.7625 0.0609375 0.028125 0.01875
6 0.75625 0.04375 0.025 0.021875
6 0.6984375 0.0546875 0.03125 0.021875
6 0.69375 0.0390625 0.028125 0.025
6 0.7421875 0.15546875 0.034375 0.0234375
6 0.75703125 0.1875 0.0296875 0.025
6 0.7640625 0.20078125 0.025 0.0203125
6 0.91640625 0.1 0.0359375 0.021875
