6 0.44609375 0.9484375 0.0328125 0.01875
6 0.43671875 0.9328125 0.0265625 0.01875
6 0.421875 0.8890625 0.03125 0.025
6 0.5265625 0.96328125 0.03125 0.0203125
6 0.53515625 0.98046875 0.0328125 0.0203125
6 0.52265625 0.94765625 0.0328125 0.0203125
6 0.46171875 0.97890625 0.0359375 0.0265625
6 0.453125 0.9625 0.034375 0.025
6 0.4328125 0.91953125 0.028125 0.0234375
6 0.4265625 0.903125 0.034375 0.021875
6 0.41328125 0.871875 0.0328125 0.025
6 0.4078125 0.85703125 0.028125 0.0234375
6 0.5140625 0.9359375 0.0375 0.025
6 0.50390625 0.90546875 0.0328125 0.0203125
6 0.490625 0.87578125 0.028125 0.0234375
6 0.4828125 0.8609375 0.03125 0.021875
6 0.47109375 0.82890625 0.0328125 0.0234375
6 0.46640625 0.815625 0.0296875 0.021875
6 0.4953125 0.890625 0.03125 0.025
6 0.47109375 0.84375 0.0359375 0.021875
6 0.4015625 0.84375 0.03125 0.025
6 0.38203125 0.81640625 0.0296875 0.0203125
6 0.34609375 0.72421875 0.0296875 0.0203125
6 0.33828125 0.71171875 0.0265625 0.0234375
6 0.44921875 0.7875 0.0296875 0.025
6 0.45625 0.80390625 0.028125 0.0265625
6 0.4390625 0.7734375 0.034375 0.025
6 0.3671875 0.77265625 0.03125 0.0234375
6 0.3359375 0.5375 0.034375 0.021875
6 0.13203125 0.0734375 0.0359375 0.028125
6 0.5171875 0.45546875 0.025 0.0359375
6 0.3578125 0.30625 0.03125 0.025
6 0.253125 0.07578125 0.040625 0.0265625
6 0.33125 0.0796875 0.0375 0.046875
6 0.34921875 0.2859375 0.0328125 0.025
6 0.32578125 0.51015625 0.0328125 0.0265625
6 0.34375 0.55078125 0.034375 0.0171875
6 0.15234375 0.12265625 0.0328125 0.0234375
6 0.26640625 0.54296875 0.0328125 0.0265625
6 0.24921875 0.5125 0.0296875 0.01875
6 0.21875 0.44140625 0.025 0.0203125
6 0.18671875 0.36796875 0.0296875 0.0203125
6 0.23671875 0.4859375 0.0296875 0.03125
6 0.20859375 0.2453125 0.0328125 0.021875
6 0.19765625 0.22890625 0.0265625 0.0203125
6 0.19375 0.2125 0.03125 0.028125
6 0.18828125 0.19453125 0.0296875 0.0234375
6 0.178125 0.18046875 0.034375 0.0234375
6 0.16328125 0.14921875 0.0359375 0.0265625
6 0.13828125 0.08984375 0.0296875 0.0234375
6 0.1578125 0.1375 0.034375 0.025
6 0.10390625 0.1921875 0.0390625 0.025
6 0.18125 0.353125 0.0375 0.025
6 0.35546875 0.74296875 0.0296875 0.0234375
6 0.2796875 0.575 0.028125 0.025
6 0.2640625 0.5265625 0.03125 0.025
6 0.2359375 0.46875 0.03125 0.025
6 0.2265625 0.45703125 0.034375 0.0265625
6 0.2125 0.42421875 0.034375 0.0234375
6 0.20703125 0.41328125 0.0328125 0.0265625
6 0.1984375 0.396875 0.03125 0.021875
6 0.2796875 0.40546875 0.028125 0.0234375
6 0.2546875 0.3609375 0.03125 0.025
6 0.19375 0.38125 0.034375 0.028125
6 0.1703125 0.3421875 0.028125 0.01875
6 0.11328125 0.20703125 0.0359375 0.0234375
6 0.165625 0.3265625 0.03125 0.01875
6 0.15703125 0.31484375 0.0296875 0.0265625
6 0.1515625 0.29765625 0.028125 0.0203125
6 0.14609375 0.2828125 0.0296875 0.025
6 0.1421875 0.26796875 0.028125 0.0296875
6 0.13125 0.25390625 0.034375 0.0265625
6 0.1296875 0.23828125 0.03125 0.0265625
6 0.2390625 0.31796875 0.03125 0.0234375
6 0.2296875 0.2875 0.034375 0.025
6 0.221875 0.27421875 0.0375 0.0234375
6 0.2140625 0.25703125 0.034375 0.0203125
6 0.11796875 0.2203125 0.0328125 0.021875
6 0.0984375 0.17578125 0.03125 0.0296875
6 0.09140625 0.1625 0.0328125 0.025
6 0.0859375 0.14921875 0.03125 0.0203125
6 0.08125 0.134375 0.03125 0.025
6 0.14296875 0.10078125 0.0265625 0.0203125
6 0.125 0.05859375 0.034375 0.0265625
6 0.11796875 0.0421875 0.0296875 0.021875
6 0.109375 0.02890625 0.034375 0.0234375
6 0.1015625 0.0171875 0.034375 0.025
