6 0.70703125 0.934375 0.0390625 0.03125
6 0.1328125 0.71328125 0.034375 0.0234375
6 0.4203125 0.9859375 0.028125 0.025
6 0.40390625 0.95546875 0.0296875 0.0265625
6 0.3984375 0.9375 0.03125 0.025
6 0.36796875 0.86875 0.0390625 0.028125
6 0.37421875 0.88515625 0.0328125 0.0265625
6 0.3625 0.853125 0.034375 0.025
6 0.09921875 0.8015625 0.0328125 0.025
6 0.6375 0.9703125 0.025 0.01875
6 0.415625 0.975 0.028125 0.021875
6 0.33671875 0.79375 0.0328125 0.021875
6 0.33046875 0.778125 0.0359375 0.028125
6 0.27890625 0.67109375 0.0359375 0.0234375
6 0.23203125 0.5671875 0.0328125 0.025
6 0.18203125 0.97109375 0.0328125 0.0234375
6 0.175 0.96015625 0.0375 0.0265625
6 0.15390625 0.91953125 0.0296875 0.0234375
6 0.14765625 0.90078125 0.0359375 0.0296875
6 0.203125 0.85390625 0.03125 0.0203125
6 0.19609375 0.83671875 0.0265625 0.0203125
6 0.1875 0.8203125 0.028125 0.021875
6 0.18359375 0.80703125 0.0296875 0.0234375
6 0.175 0.7921875 0.03125 0.021875
6 0.1625 0.76484375 0.028125 0.0203125
6 0.15625 0.7484375 0.028125 0.021875
6 0.14765625 0.7328125 0.0296875 0.021875
6 0.08203125 0.7546875 0.0265625 0.01875
6 0.07421875 0.73828125 0.0296875 0.0203125
6 0.0625 0.7109375 0.03125 0.01875
6 0.05546875 0.696875 0.0296875 0.01875
6 0.23359375 0.92578125 0.0296875 0.0265625
6 0.18359375 0.98515625 0.0265625 0.0234375
6 0.24765625 0.97578125 0.0296875 0.0234375
6 0.23203125 0.93828125 0.0328125 0.0203125
6 0.2390625 0.9546875 0.034375 0.025
6 0.15703125 0.9390625 0.0359375 0.025
6 0.13515625 0.88203125 0.0390625 0.0265625
6 0.1265625 0.87109375 0.034375 0.0203125
6 0.1234375 0.85625 0.03125 0.025
6 0.11796875 0.84296875 0.0296875 0.0234375
6 0.11015625 0.82890625 0.0296875 0.0203125
6 0.10078125 0.81484375 0.0296875 0.0234375
6 0.225 0.91484375 0.028125 0.0265625
6 0.2171875 0.89765625 0.034375 0.0265625
6 0.2109375 0.88203125 0.034375 0.0265625
6 0.203125 0.8671875 0.028125 0.021875
6 0.090625 0.78203125 0.0375 0.0265625
6 0.03828125 0.66328125 0.0296875 0.0265625
6 0.0234375 0.63828125 0.03125 0.0234375
6 0.0328125 0.65078125 0.03125 0.0171875
6 0.12734375 0.70078125 0.0359375 0.0265625
6 0.1234375 0.684375 0.034375 0.025
6 0.11875 0.675 0.028125 0.021875
6 0.0453125 0.68046875 0.03125 0.0234375
6 0.115625 0.659375 0.028125 0.025
6 0.10234375 0.63203125 0.0328125 0.0234375
6 0.09375 0.6171875 0.03125 0.025
6 0.0875 0.60078125 0.028125 0.0234375
6 0.08359375 0.584375 0.0328125 0.021875
6 0.06484375 0.5578125 0.0296875 0.025
6 0.0625 0.54453125 0.03125 0.0234375
6 0.05390625 0.5296875 0.0296875 0.01875
6 0.04765625 0.51171875 0.0328125 0.0234375
6 0.04609375 0.49609375 0.0296875 0.0234375
6 0.0359375 0.48203125 0.03125 0.0234375
6 0.03046875 0.46953125 0.0359375 0.0203125
