6 0.70703125 0.434375 0.0390625 0.03125
6 0.1328125 0.21328125 0.034375 0.0234375
6 0.55234375 0.7078125 0.0390625 0.021875
6 0.94296875 0.5953125 0.0328125 0.028125
6 0.9296875 0.56640625 0.028125 0.0234375
6 0.9171875 0.53828125 0.03125 0.0234375
6 0.9125 0.52421875 0.03125 0.0203125
6 0.8859375 0.640625 0.028125 0.021875
6 0.8703125 0.6109375 0.034375 0.025
6 0.85546875 0.57109375 0.0328125 0.0234375
6 0.81796875 0.61484375 0.0328125 0.0234375
6 0.8109375 0.6015625 0.03125 0.021875
6 0.80546875 0.58671875 0.0296875 0.0203125
6 0.60625 0.72421875 0.040625 0.0234375
6 0.02109375 0.93046875 0.0421875 0.0265625
6 0.96015625 0.64140625 0.0296875 0.0234375
6 0.43125 0.51953125 0.028125 0.0296875
6 0.4265625 0.50078125 0.025 0.0265625
6 0.4203125 0.4859375 0.028125 0.025
6 0.40390625 0.45546875 0.0296875 0.0265625
6 0.3984375 0.4375 0.03125 0.025
6 0.959375 0.621875 0.03125 0.01875
6 0.96328125 0.5140625 0.0328125 0.025
6 0.36796875 0.36875 0.0390625 0.028125
6 0.97265625 0.5328125 0.0296875 0.025
6 0.9859375 0.55625 0.025 0.015625
6 0.98203125 0.54453125 0.0328125 0.0234375
6 0.37421875 0.38515625 0.0328125 0.0265625
6 0.3625 0.353125 0.034375 0.025
6 0.09921875 0.3015625 0.0328125 0.025
6 0.6375 0.4703125 0.025 0.01875
6 0.415625 0.475 0.028125 0.021875
6 0.33671875 0.29375 0.0328125 0.021875
6 0.33046875 0.278125 0.0359375 0.028125
6 0.27890625 0.17109375 0.0359375 0.0234375
6 0.23203125 0.0671875 0.0328125 0.025
6 0.19921875 0.5265625 0.0328125 0.025
6 0.18203125 0.47109375 0.0328125 0.0234375
6 0.175 0.46015625 0.0375 0.0265625
6 0.15390625 0.41953125 0.0296875 0.0234375
6 0.14765625 0.40078125 0.0359375 0.0296875
6 0.203125 0.35390625 0.03125 0.0203125
6 0.19609375 0.33671875 0.0265625 0.0203125
6 0.1875 0.3203125 0.028125 0.021875
6 0.18359375 0.30703125 0.0296875 0.0234375
6 0.175 0.2921875 0.03125 0.021875
6 0.1625 0.26484375 0.028125 0.0203125
6 0.15625 0.2484375 0.028125 0.021875
6 0.14765625 0.2328125 0.0296875 0.021875
6 0.08203125 0.2546875 0.0265625 0.01875
6 0.07421875 0.23828125 0.0296875 0.0203125
6 0.0625 0.2109375 0.03125 0.01875
6 0.05546875 0.196875 0.0296875 0.01875
6 0.190625 0.50234375 0.0375 0.0328125
6 0.23359375 0.42578125 0.0296875 0.0265625
6 0.18359375 0.48515625 0.0265625 0.0234375
6 0.24765625 0.47578125 0.0296875 0.0234375
6 0.23203125 0.43828125 0.0328125 0.0203125
6 0.2390625 0.4546875 0.034375 0.025
6 0.15703125 0.4390625 0.0359375 0.025
6 0.13515625 0.38203125 0.0390625 0.0265625
6 0.1265625 0.37109375 0.034375 0.0203125
6 0.1234375 0.35625 0.03125 0.025
6 0.11796875 0.34296875 0.0296875 0.0234375
6 0.11015625 0.32890625 0.0296875 0.0203125
6 0.10078125 0.31484375 0.0296875 0.0234375
6 0.225 0.41484375 0.028125 0.0265625
6 0.2171875 0.39765625 0.034375 0.0265625
6 0.2109375 0.38203125 0.034375 0.0265625
6 0.203125 0.3671875 0.028125 0.021875
6 0.090625 0.28203125 0.0375 0.0265625
6 0.03828125 0.16328125 0.0296875 0.0265625
6 0.0234375 0.13828125 0.03125 0.0234375
6 0.0328125 0.15078125 0.03125 0.0171875
6 0.12734375 0.20078125 0.0359375 0.0265625
6 0.1234375 0.184375 0.034375 0.025
6 0.11875 0.175 0.028125 0.021875
6 0.0453125 0.18046875 0.03125 0.0234375
6 0.115625 0.159375 0.028125 0.025
6 0.10234375 0.13203125 0.0328125 0.0234375
6 0.09375 0.1171875 0.03125 0.025
6 0.0875 0.10078125 0.028125 0.0234375
6 0.08359375 0.084375 0.0328125 0.021875
6 0.06484375 0.0578125 0.0296875 0.025
6 0.0625 0.04453125 0.03125 0.0234375
6 0.05390625 0.0296875 0.0296875 0.01875
6 0.04765625 0.01171875 0.0328125 0.0234375
