6 0.0359375 0.42265625 0.034375 0.0453125
6 0.265625 0.2734375 0.025 0.028125
6 0.2515625 0.284375 0.025 0.028125
6 0.23828125 0.2921875 0.0234375 0.028125
6 0.22421875 0.30078125 0.0296875 0.0328125
6 0.21171875 0.3078125 0.0265625 0.03125
6 0.19921875 0.32109375 0.0296875 0.0296875
6 0.184375 0.328125 0.025 0.028125
6 0.1703125 0.334375 0.025 0.03125
6 0.1578125 0.34609375 0.028125 0.0359375
6 0.140625 0.35 0.025 0.03125
6 0.08671875 0.38359375 0.0296875 0.0328125
6 0.29375 0.25703125 0.028125 0.0328125
6 0.278125 0.26484375 0.028125 0.0328125
6 0.30625 0.2421875 0.028125 0.03125
6 0.103125 0.5734375 0.025 0.03125
6 0.24609375 0.4734375 0.0234375 0.028125
6 0.234375 0.484375 0.025 0.03125
6 0.2203125 0.49375 0.028125 0.034375
6 0.20625 0.49765625 0.025 0.0328125
6 0.19296875 0.5109375 0.0265625 0.028125
6 0.18125 0.5203125 0.028125 0.028125
6 0.1671875 0.53046875 0.025 0.0296875
6 0.15390625 0.53671875 0.0234375 0.0296875
6 0.14140625 0.54453125 0.0265625 0.0296875
6 0.12890625 0.55703125 0.0234375 0.0328125
6 0.11640625 0.56171875 0.0234375 0.0265625
6 0.084375 0.575 0.025 0.028125
6 0.07421875 0.625 0.0296875 0.034375
6 0.07265625 0.584375 0.0265625 0.03125
6 0.05546875 0.59609375 0.0265625 0.0296875
6 0.05390625 0.64140625 0.0265625 0.0359375
6 0.040625 0.64765625 0.025 0.0328125
6 0.07265625 0.51484375 0.0265625 0.0328125
6 0.05625 0.5203125 0.028125 0.03125
6 0.0421875 0.5296875 0.028125 0.028125
6 0.0421875 0.49453125 0.028125 0.0359375
6 0.05859375 0.490625 0.0328125 0.034375
6 0.08671875 0.5046875 0.0265625 0.03125
6 0.06875 0.48203125 0.025 0.0296875
6 0.259375 0.46640625 0.025 0.0296875
6 0.0890625 0.61484375 0.03125 0.0296875
6 0.09609375 0.49609375 0.0234375 0.0296875
6 0.27890625 0.49765625 0.0265625 0.0296875
6 0.409375 0.37578125 0.025 0.0328125
6 0.3953125 0.3828125 0.025 0.03125
6 0.38203125 0.39453125 0.0296875 0.0328125
6 0.36875 0.4015625 0.028125 0.028125
6 0.35859375 0.4109375 0.0234375 0.03125
6 0.34375 0.41640625 0.03125 0.0328125
6 0.33125 0.4296875 0.025 0.028125
6 0.315625 0.4359375 0.025 0.03125
6 0.3046875 0.446875 0.03125 0.03125
6 0.2921875 0.4546875 0.028125 0.03125
6 0.27734375 0.46171875 0.0296875 0.0328125
6 0.26484375 0.50234375 0.0265625 0.0265625
6 0.1015625 0.6046875 0.028125 0.03125
6 0.2515625 0.509375 0.025 0.028125
6 0.23984375 0.52109375 0.0265625 0.0296875
6 0.22421875 0.528125 0.0296875 0.03125
6 0.2109375 0.5359375 0.028125 0.03125
6 0.1984375 0.546875 0.028125 0.028125
6 0.1890625 0.55625 0.03125 0.034375
6 0.17265625 0.56640625 0.0265625 0.0328125
6 0.159375 0.571875 0.028125 0.034375
6 0.14296875 0.5796875 0.0265625 0.03125
6 0.13203125 0.59296875 0.0296875 0.0359375
6 0.11796875 0.59453125 0.0203125 0.0265625
6 0.0796875 0.47109375 0.025 0.0328125
6 0.1109375 0.4859375 0.021875 0.03125
6 0.4625 0.22734375 0.025 0.0296875
6 0.384375 0.315625 0.028125 0.03125
6 0.2984375 0.3328125 0.025 0.034375
6 0.31875 0.359375 0.025 0.0375
6 0.32890625 0.3484375 0.0265625 0.034375
6 0.34375 0.33984375 0.025 0.0296875
6 0.31171875 0.3234375 0.0265625 0.034375
6 0.32578125 0.3125 0.0265625 0.03125
6 0.35390625 0.32890625 0.0203125 0.0296875
6 0.36953125 0.32421875 0.0265625 0.0265625
6 0.33984375 0.3046875 0.0265625 0.03125
6 0.35625 0.29765625 0.028125 0.0328125
6 0.36796875 0.28671875 0.0265625 0.0390625
6 0.3984375 0.30703125 0.025 0.0328125
6 0.3 0.365625 0.021875 0.028125
6 0.3828125 0.27890625 0.028125 0.0328125
6 0.41171875 0.29921875 0.0265625 0.0328125
6 0.39453125 0.2703125 0.0265625 0.028125
6 0.4234375 0.2859375 0.021875 0.028125
6 0.43671875 0.27890625 0.0265625 0.0265625
6 0.4515625 0.27109375 0.025 0.0359375
6 0.4484375 0.23515625 0.028125 0.0359375
6 0.434375 0.24140625 0.025 0.0296875
6 0.421875 0.253125 0.025 0.03125
6 0.40859375 0.2609375 0.0296875 0.03125
6 0.46640625 0.2640625 0.0265625 0.03125
6 0.2859375 0.34140625 0.025 0.0296875
6 0.271875 0.34765625 0.028125 0.0328125
6 0.12421875 0.47890625 0.0265625 0.0328125
6 0.171875 0.4046875 0.028125 0.03125
6 0.0953125 0.4625 0.03125 0.034375
6 0.11015625 0.45078125 0.0265625 0.0328125
6 0.1375 0.46953125 0.025 0.0328125
6 0.11796875 0.4421875 0.0328125 0.040625
6 0.134375 0.434375 0.025 0.0375
6 0.15234375 0.46171875 0.0203125 0.0296875
6 0.1640625 0.45078125 0.028125 0.0328125
6 0.14609375 0.421875 0.0265625 0.03125
6 0.1609375 0.4125 0.028125 0.0375
6 0.178125 0.44453125 0.025 0.0328125
6 0.1921875 0.43359375 0.028125 0.0328125
6 0.20546875 0.42734375 0.0296875 0.0359375
6 0.28984375 0.375 0.0296875 0.034375
6 0.1859375 0.396875 0.03125 0.0375
6 0.20078125 0.3875 0.0296875 0.034375
6 0.21875 0.41640625 0.028125 0.0296875
6 0.23203125 0.409375 0.0265625 0.034375
6 0.21640625 0.38046875 0.0296875 0.0328125
6 0.24765625 0.40078125 0.0296875 0.0328125
6 0.2265625 0.3703125 0.028125 0.034375
6 0.24375 0.36484375 0.021875 0.0296875
6 0.259375 0.3921875 0.021875 0.03125
6 0.2734375 0.3828125 0.028125 0.034375
6 0.25625 0.35390625 0.028125 0.0328125
6 0.43671875 0.353125 0.0265625 0.03125
6 0.42109375 0.36328125 0.0296875 0.0296875
6 0.44765625 0.3484375 0.0234375 0.028125
6 0.92421875 0.41484375 0.0359375 0.0234375
6 0.9828125 0.54609375 0.03125 0.0234375
6 0.46171875 0.9046875 0.0328125 0.03125
6 0.47578125 0.89609375 0.0328125 0.0359375
6 0.5140625 0.8078125 0.028125 0.034375
6 0.46171875 0.3421875 0.0234375 0.03125
6 0.3796875 0.50546875 0.025 0.0265625
6 0.53125 0.41171875 0.028125 0.0328125
6 0.51640625 0.4203125 0.0265625 0.034375
6 0.50546875 0.428125 0.0265625 0.03125
6 0.49140625 0.43671875 0.0265625 0.0328125
6 0.4765625 0.44453125 0.03125 0.0421875
6 0.46171875 0.4546875 0.0296875 0.034375
6 0.4515625 0.46640625 0.021875 0.0265625
6 0.4359375 0.47265625 0.025 0.0296875
6 0.41875 0.478125 0.025 0.03125
6 0.40390625 0.48515625 0.0265625 0.0296875
6 0.39296875 0.49765625 0.0265625 0.0265625
6 0.36796875 0.51484375 0.0296875 0.0296875
6 0.49296875 0.47421875 0.0296875 0.0359375
6 0.3578125 0.52578125 0.028125 0.0296875
6 0.34453125 0.534375 0.0203125 0.028125
6 0.33125 0.54375 0.028125 0.03125
6 0.3140625 0.546875 0.03125 0.034375
6 0.3 0.55703125 0.025 0.0328125
6 0.2875 0.56640625 0.03125 0.0328125
6 0.27265625 0.575 0.0265625 0.03125
6 0.2609375 0.5859375 0.028125 0.03125
6 0.246875 0.59140625 0.025 0.0265625
6 0.2375 0.60234375 0.025 0.0296875
6 0.22421875 0.61015625 0.0265625 0.0328125
6 0.51953125 0.4578125 0.0265625 0.034375
6 0.42421875 0.51015625 0.0296875 0.0328125
6 0.19453125 0.628125 0.0296875 0.034375
6 0.3859375 0.540625 0.025 0.025
6 0.484375 0.59453125 0.021875 0.0265625
6 0.5234375 0.5703125 0.028125 0.034375
6 0.57265625 0.6125 0.0296875 0.034375
6 0.60625 0.634375 0.025 0.03125
6 0.5984375 0.59375 0.028125 0.03125
6 0.58125 0.5390625 0.025 0.028125
6 0.63515625 0.73203125 0.0265625 0.0328125
6 0.671875 0.70546875 0.025 0.0296875
6 0.60625 0.5171875 0.028125 0.034375
6 0.409375 0.51953125 0.025 0.0296875
6 0.4 0.53359375 0.021875 0.0296875
6 0.37421875 0.54921875 0.0203125 0.0296875
6 0.2125 0.653125 0.028125 0.03125
6 0.36015625 0.5578125 0.0234375 0.03125
6 0.346875 0.56640625 0.025 0.0265625
6 0.33203125 0.5765625 0.0234375 0.03125
6 0.3171875 0.58515625 0.025 0.0296875
6 0.3046875 0.5953125 0.025 0.03125
6 0.2890625 0.59765625 0.028125 0.0296875
6 0.278125 0.6078125 0.021875 0.028125
6 0.265625 0.621875 0.025 0.034375
6 0.253125 0.6296875 0.028125 0.034375
6 0.23984375 0.63515625 0.0265625 0.0296875
6 0.22734375 0.6453125 0.0265625 0.03125
6 0.20703125 0.61875 0.0296875 0.03125
6 0.18671875 0.67265625 0.0265625 0.0328125
6 0.48515625 0.7109375 0.0296875 0.03125
6 0.3875 0.42734375 0.025 0.0328125
6 0.0765625 0.703125 0.025 0.025
6 0.0625 0.71015625 0.025 0.0296875
6 0.04609375 0.71640625 0.0296875 0.0296875
6 0.0359375 0.725 0.028125 0.03125
6 0.0296875 0.53984375 0.021875 0.0265625
6 0.46640625 0.375 0.0234375 0.03125
6 0.45234375 0.38515625 0.0203125 0.0265625
6 0.440625 0.39375 0.025 0.028125
6 0.42734375 0.403125 0.0265625 0.025
6 0.41328125 0.4109375 0.0265625 0.034375
6 0.4 0.41875 0.025 0.03125
6 0.371875 0.4359375 0.028125 0.028125
6 0.10078125 0.68359375 0.0265625 0.0328125
6 0.35859375 0.44296875 0.0265625 0.0328125
6 0.3453125 0.45234375 0.03125 0.0359375
6 0.3328125 0.4640625 0.025 0.034375
6 0.3203125 0.4734375 0.025 0.028125
6 0.30859375 0.47734375 0.0265625 0.0328125
6 0.290625 0.484375 0.021875 0.03125
6 0.48359375 0.36875 0.0265625 0.03125
6 0.49375 0.35703125 0.028125 0.0296875
6 0.52421875 0.34375 0.0234375 0.028125
6 0.49140625 0.328125 0.0265625 0.03125
6 0.47578125 0.32890625 0.0296875 0.0296875
6 0.08984375 0.69375 0.0265625 0.03125
6 0.1171875 0.67421875 0.028125 0.0296875
6 0.19765625 0.66015625 0.0234375 0.0265625
6 0.19609375 0.73671875 0.0296875 0.0359375
6 0.18359375 0.63359375 0.0296875 0.0328125
6 0.16953125 0.64375 0.0296875 0.0375
6 0.1546875 0.65078125 0.028125 0.0265625
6 0.17109375 0.68046875 0.0296875 0.0359375
6 0.15703125 0.68984375 0.0265625 0.0359375
6 0.1453125 0.80859375 0.025 0.0265625
6 0.1609375 0.803125 0.028125 0.034375
6 0.175 0.79453125 0.028125 0.0359375
6 0.1828125 0.78046875 0.025 0.0296875
6 0.2 0.775 0.025 0.03125
6 0.2140625 0.765625 0.025 0.028125
6 0.17890625 0.74375 0.0265625 0.03125
6 0.0953125 0.72578125 0.028125 0.0296875
6 0.165625 0.75390625 0.028125 0.0296875
6 0.15390625 0.7640625 0.0265625 0.028125
6 0.1453125 0.77734375 0.025 0.0265625
6 0.13046875 0.784375 0.0234375 0.025
6 0.1390625 0.66015625 0.028125 0.0328125
6 0.13203125 0.7 0.0265625 0.03125
6 0.1171875 0.709375 0.021875 0.03125
6 0.10546875 0.71640625 0.0265625 0.0265625
6 0.0796875 0.7359375 0.028125 0.03125
6 0.06953125 0.746875 0.0296875 0.034375
6 0.0546875 0.7515625 0.025 0.028125
6 0.50703125 0.690625 0.0265625 0.03125
6 0.521875 0.7625 0.03125 0.03125
6 0.4140625 0.64375 0.028125 0.034375
6 0.8625 0.26875 0.028125 0.021875
6 0.84296875 0.22265625 0.0328125 0.0234375
6 0.8359375 0.20859375 0.034375 0.0265625
6 0.89375 0.16484375 0.03125 0.0203125
6 0.825 0.1921875 0.03125 0.021875
6 0.7859375 0.18828125 0.028125 0.0203125
6 0.78515625 0.1640625 0.0265625 0.01875
6 0.771875 0.14140625 0.03125 0.0203125
6 0.76875 0.12734375 0.028125 0.0171875
6 0.44296875 0.625 0.0234375 0.03125
6 0.43203125 0.6328125 0.0265625 0.034375
6 0.3859375 0.65546875 0.028125 0.0296875
6 0.871875 0.2984375 0.03125 0.021875
6 0.375 0.665625 0.03125 0.034375
6 0.3578125 0.675 0.03125 0.03125
6 0.34375 0.6828125 0.021875 0.028125
6 0.3328125 0.69140625 0.021875 0.0265625
6 0.31953125 0.70078125 0.0265625 0.0359375
6 0.3078125 0.7125 0.025 0.028125
6 0.29296875 0.71796875 0.0265625 0.0296875
6 0.2765625 0.72421875 0.021875 0.0265625
6 0.4515625 0.5796875 0.021875 0.028125
6 0.43984375 0.58828125 0.0234375 0.0296875
6 0.42734375 0.59609375 0.0265625 0.0296875
6 0.8671875 0.2828125 0.03125 0.025
6 0.88203125 0.31171875 0.0328125 0.0234375
6 0.39609375 0.609375 0.0296875 0.034375
6 0.9609375 0.490625 0.0375 0.025
6 0.97890625 0.53359375 0.0328125 0.0265625
6 0.96796875 0.50546875 0.0328125 0.0234375
6 0.91171875 0.21015625 0.0328125 0.0203125
6 0.95390625 0.4765625 0.0359375 0.021875
6 0.9421875 0.44765625 0.034375 0.0296875
6 0.93203125 0.43203125 0.0296875 0.0203125
6 0.921875 0.3984375 0.03125 0.021875
6 0.91640625 0.3859375 0.0265625 0.021875
6 0.90546875 0.3703125 0.0296875 0.021875
6 0.90234375 0.35625 0.0328125 0.01875
6 0.890625 0.32734375 0.03125 0.0265625
6 0.92890625 0.240625 0.0328125 0.025
6 0.91953125 0.2234375 0.0328125 0.021875
6 0.4109375 0.60703125 0.028125 0.0359375
6 0.3828125 0.62109375 0.025 0.0296875
6 0.4859375 0.78984375 0.03125 0.0328125
6 0.43125 0.85703125 0.03125 0.0328125
6 0.3453125 0.79765625 0.028125 0.0296875
6 0.3296875 0.80390625 0.025 0.0265625
6 0.31953125 0.81328125 0.0265625 0.0265625
6 0.29765625 0.784375 0.0328125 0.0375
6 0.28203125 0.83984375 0.0203125 0.0265625
6 0.29609375 0.82734375 0.0203125 0.0296875
6 0.278125 0.80234375 0.028125 0.0359375
6 0.2625 0.80859375 0.028125 0.0328125
6 0.2515625 0.821875 0.028125 0.03125
6 0.2390625 0.82734375 0.025 0.0328125
6 0.225 0.83671875 0.028125 0.0328125
6 0.4140625 0.86171875 0.025 0.0296875
6 0.3296875 0.7734375 0.025 0.034375
6 0.39921875 0.87421875 0.0265625 0.0328125
6 0.38203125 0.8890625 0.0265625 0.03125
6 0.4265625 0.821875 0.028125 0.034375
6 0.41171875 0.82890625 0.0265625 0.0359375
6 0.396875 0.83515625 0.028125 0.0328125
6 0.384375 0.84609375 0.025 0.0296875
6 0.3625 0.86171875 0.028125 0.0359375
6 0.35078125 0.87109375 0.0234375 0.0328125
6 0.52890625 0.8640625 0.0265625 0.03125
6 0.44375 0.81796875 0.025 0.0328125
6 0.4546875 0.8046875 0.025 0.025
6 0.31640625 0.78046875 0.0265625 0.0296875
6 0.33984375 0.76015625 0.0328125 0.0359375
6 0.37265625 0.63046875 0.0265625 0.0296875
6 0.2453125 0.709375 0.028125 0.034375
6 0.35703125 0.640625 0.0265625 0.03125
6 0.34453125 0.64765625 0.0265625 0.0359375
6 0.328125 0.65546875 0.028125 0.0328125
6 0.3203125 0.665625 0.028125 0.03125
6 0.30078125 0.67109375 0.0296875 0.0296875
6 0.2875 0.68046875 0.03125 0.0328125
6 0.275 0.68984375 0.025 0.0328125
6 0.2578125 0.70078125 0.03125 0.0359375
6 0.2625 0.734375 0.025 0.028125
6 0.24609375 0.73984375 0.0234375 0.0265625
6 0.234375 0.7515625 0.025 0.028125
6 0.2328125 0.71484375 0.028125 0.0390625
6 0.35234375 0.75078125 0.0296875 0.0296875
6 0.21953125 0.72734375 0.0296875 0.0359375
6 0.5015625 0.8796875 0.028125 0.0375
6 0.4234375 0.7078125 0.025 0.034375
6 0.41015625 0.7140625 0.0296875 0.0375
6 0.39453125 0.7234375 0.0265625 0.03125
6 0.4015625 0.7609375 0.021875 0.028125
6 0.3890625 0.771875 0.025 0.03125
6 0.371875 0.77421875 0.021875 0.0328125
6 0.35625 0.7859375 0.025 0.034375
6 0.38828125 0.73671875 0.0265625 0.0296875
6 0.36875 0.74140625 0.028125 0.0328125
