6 0.109375 0.646875 0.03125 0.021875
6 0.109375 0.8171875 0.03125 0.025
6 0.0890625 0.77109375 0.03125 0.0296875
6 0.125 0.84453125 0.03125 0.0296875
6 0.13203125 0.69140625 0.0359375 0.0296875
6 0.15390625 0.7484375 0.0359375 0.025
6 0.1625 0.765625 0.028125 0.01875
6 0.1609375 0.78359375 0.03125 0.0203125
6 0.09765625 0.78671875 0.0328125 0.0203125
6 0.084375 0.759375 0.025 0.028125
6 0.07734375 0.74375 0.0296875 0.025
6 0.259375 0.721875 0.021875 0.028125
6 0.0921875 0.603125 0.028125 0.021875
6 0.1890625 0.8265625 0.025 0.021875
6 0.05078125 0.68359375 0.0296875 0.0296875
6 0.04140625 0.66953125 0.0296875 0.0234375
6 0.03515625 0.653125 0.0328125 0.025
6 0.02734375 0.64140625 0.0265625 0.0203125
6 0.17890625 0.81015625 0.0359375 0.0265625
6 0.134375 0.87734375 0.03125 0.0296875
6 0.0265625 0.46328125 0.03125 0.0203125
6 0.159375 0.9328125 0.03125 0.021875
6 0.178125 0.97890625 0.028125 0.0265625
6 0.17421875 0.9625 0.0296875 0.025
6 0.16875 0.94609375 0.03125 0.0234375
6 0.03515625 0.48046875 0.0328125 0.0203125
6 0.02265625 0.44765625 0.0328125 0.0203125
6 0.14140625 0.7046875 0.0328125 0.025
6 0.02421875 0.628125 0.0265625 0.01875
6 0.109375 0.63359375 0.03125 0.0234375
6 0.10078125 0.61796875 0.0296875 0.0203125
6 0.0859375 0.590625 0.03125 0.021875
6 0.0703125 0.5578125 0.034375 0.025
6 0.0609375 0.54375 0.034375 0.028125
6 0.04453125 0.49453125 0.0328125 0.0265625
6 0.059375 0.69765625 0.03125 0.0234375
6 0.1453125 0.72421875 0.028125 0.0140625
6 0.0609375 0.71484375 0.028125 0.0171875
6 0.35 0.928125 0.025 0.034375
6 0.18203125 0.56328125 0.0296875 0.0359375
6 0.17109375 0.528125 0.0265625 0.0375
6 0.24609375 0.690625 0.0234375 0.03125
6 0.35625 0.85625 0.025 0.0375
6 0.071875 0.728125 0.034375 0.028125
6 0.30390625 0.8265625 0.0296875 0.034375
6 0.2921875 0.79140625 0.028125 0.0359375
6 0.15 0.9046875 0.03125 0.025
6 0.1546875 0.92109375 0.025 0.0203125
6 0.1453125 0.8890625 0.03125 0.021875
6 0.2078125 0.85625 0.034375 0.021875
6 0.19609375 0.84140625 0.0359375 0.0203125
6 0.13203125 0.86015625 0.0328125 0.0234375
6 0.10390625 0.8015625 0.0296875 0.025
6 0.121875 0.83125 0.034375 0.028125
6 0.1734375 0.7984375 0.0375 0.028125
6 0.12109375 0.67421875 0.0359375 0.0265625
6 0.215625 0.6265625 0.021875 0.0375
6 0.2 0.59453125 0.028125 0.0328125
