6 0.0859375 0.10234375 0.028125 0.0234375
6 0.1640625 0.15625 0.028125 0.021875
6 0.14765625 0.11171875 0.0296875 0.0203125
6 0.1296875 0.08515625 0.028125 0.0234375
6 0.1234375 0.06953125 0.028125 0.0234375
6 0.1171875 0.0546875 0.03125 0.025
6 0.11171875 0.040625 0.0296875 0.025
6 0.1078125 0.02421875 0.028125 0.0203125
6 0.0984375 0.13046875 0.028125 0.0265625
6 0.09140625 0.11640625 0.0328125 0.0234375
6 0.078125 0.08671875 0.028125 0.0234375
6 0.05859375 0.04609375 0.0328125 0.0203125
6 0.0484375 0.0296875 0.034375 0.025
6 0.115625 0.178125 0.028125 0.021875
6 0.04765625 0.19296875 0.0359375 0.0234375
6 0.03671875 0.17734375 0.0328125 0.0234375
6 0.02890625 0.16171875 0.0359375 0.0234375
6 0.02421875 0.14609375 0.0265625 0.0203125
6 0.17734375 0.18515625 0.0265625 0.0203125
6 0.16796875 0.17265625 0.0265625 0.0234375
6 0.19140625 0.21484375 0.0203125 0.0171875
6 0.13828125 0.096875 0.0265625 0.01875
6 0.27734375 0.10625 0.0328125 0.025
6 0.271875 0.090625 0.03125 0.025
6 0.26640625 0.0734375 0.0359375 0.021875
6 0.35234375 0.084375 0.0359375 0.025
6 0.43515625 0.14375 0.0328125 0.025
6 0.421875 0.11484375 0.028125 0.0203125
6 0.39609375 0.0609375 0.0296875 0.021875
6 0.390625 0.04375 0.034375 0.028125
6 0.33203125 0.0453125 0.0296875 0.021875
6 0.06640625 0.0703125 0.0234375 0.021875
6 0.3 0.15078125 0.034375 0.0265625
6 0.06484375 0.05703125 0.0265625 0.0203125
6 0.15625 0.14296875 0.028125 0.0234375
6 0.55 0.09609375 0.028125 0.0203125
6 0.4609375 0.0203125 0.034375 0.025
6 0.2921875 0.1328125 0.03125 0.025
6 0.3140625 0.178125 0.034375 0.025
6 0.37734375 0.14609375 0.0359375 0.0328125
6 0.23671875 0.13828125 0.0296875 0.0296875
6 0.23125 0.12421875 0.0375 0.0265625
6 0.20390625 0.07578125 0.0296875 0.0234375
6 0.2140625 0.09609375 0.034375 0.0234375
6 0.240625 0.0171875 0.03125 0.028125
6 0.2453125 0.03203125 0.028125 0.0234375
6 0.27265625 0.2171875 0.0296875 0.01875
6 0.3359375 0.22421875 0.028125 0.0265625
6 0.40625 0.07578125 0.03125 0.0203125
6 0.4453125 0.16171875 0.028125 0.0234375
6 0.41171875 0.22421875 0.0296875 0.0203125
6 0.3453125 0.0609375 0.025 0.021875
6 0.47421875 0.0515625 0.0328125 0.021875
6 0.2625 0.0609375 0.028125 0.01875
6 0.25625 0.04375 0.025 0.021875
6 0.1984375 0.0546875 0.03125 0.021875
6 0.19375 0.0390625 0.028125 0.025
6 0.2421875 0.15546875 0.034375 0.0234375
6 0.25703125 0.1875 0.0296875 0.025
6 0.2640625 0.20078125 0.025 0.0203125
6 0.41640625 0.1 0.0359375 0.021875
6 0.7421875 0.0140625 0.028125 0.021875
6 0.83515625 0.11875 0.0171875 0.034375
6 0.91015625 0.034375 0.0203125 0.03125
6 0.88046875 0.05 0.0234375 0.03125
6 0.94140625 0.0203125 0.0203125 0.03125
6 0.92578125 0.028125 0.0234375 0.03125
6 0.7578125 0.05390625 0.034375 0.0203125
6 0.7453125 0.0328125 0.03125 0.021875
6 0.5640625 0.12578125 0.028125 0.0203125
6 0.50078125 0.11953125 0.0296875 0.0234375
6 0.6046875 0.03515625 0.028125 0.0203125
