6 0.609375 0.646875 0.03125 0.021875
6 0.609375 0.8171875 0.03125 0.025
6 0.5890625 0.77109375 0.03125 0.0296875
6 0.625 0.84453125 0.03125 0.0296875
6 0.63203125 0.69140625 0.0359375 0.0296875
6 0.65390625 0.7484375 0.0359375 0.025
6 0.6625 0.765625 0.028125 0.01875
6 0.6609375 0.78359375 0.03125 0.0203125
6 0.59765625 0.78671875 0.0328125 0.0203125
6 0.584375 0.759375 0.025 0.028125
6 0.57734375 0.74375 0.0296875 0.025
6 0.759375 0.721875 0.021875 0.028125
6 0.5921875 0.603125 0.028125 0.021875
6 0.6890625 0.8265625 0.025 0.021875
6 0.55078125 0.68359375 0.0296875 0.0296875
6 0.54140625 0.66953125 0.0296875 0.0234375
6 0.53515625 0.653125 0.0328125 0.025
6 0.52734375 0.64140625 0.0265625 0.0203125
6 0.5125 0.59140625 0.034375 0.0203125
6 0.50546875 0.578125 0.0390625 0.021875
6 0.4890625 0.5515625 0.028125 0.025
6 0.471875 0.50546875 0.03125 0.0234375
6 0.44609375 0.4484375 0.0328125 0.01875
6 0.43671875 0.4328125 0.0265625 0.01875
6 0.421875 0.3890625 0.03125 0.025
6 0.67890625 0.81015625 0.0359375 0.0265625
6 0.634375 0.87734375 0.03125 0.0296875
6 0.5265625 0.46328125 0.03125 0.0203125
6 0.659375 0.9328125 0.03125 0.021875
6 0.678125 0.97890625 0.028125 0.0265625
6 0.67421875 0.9625 0.0296875 0.025
6 0.66875 0.94609375 0.03125 0.0234375
6 0.53515625 0.48046875 0.0328125 0.0203125
6 0.52265625 0.44765625 0.0328125 0.0203125
6 0.465625 0.49140625 0.03125 0.0234375
6 0.64140625 0.7046875 0.0328125 0.025
6 0.52421875 0.628125 0.0265625 0.01875
6 0.49765625 0.56796875 0.0296875 0.0203125
6 0.609375 0.63359375 0.03125 0.0234375
6 0.60078125 0.61796875 0.0296875 0.0203125
6 0.5859375 0.590625 0.03125 0.021875
6 0.5703125 0.5578125 0.034375 0.025
6 0.5609375 0.54375 0.034375 0.028125
6 0.54453125 0.49453125 0.0328125 0.0265625
6 0.48359375 0.5375 0.0265625 0.021875
6 0.478125 0.52265625 0.028125 0.0234375
6 0.46171875 0.47890625 0.0359375 0.0265625
6 0.559375 0.69765625 0.03125 0.0234375
6 0.453125 0.4625 0.034375 0.025
6 0.4328125 0.41953125 0.028125 0.0234375
6 0.4265625 0.403125 0.034375 0.021875
6 0.41328125 0.371875 0.0328125 0.025
6 0.4078125 0.35703125 0.028125 0.0234375
6 0.5140625 0.4359375 0.0375 0.025
6 0.50390625 0.40546875 0.0328125 0.0203125
6 0.490625 0.37578125 0.028125 0.0234375
6 0.4828125 0.3609375 0.03125 0.021875
6 0.47109375 0.32890625 0.0328125 0.0234375
6 0.46640625 0.315625 0.0296875 0.021875
6 0.6453125 0.72421875 0.028125 0.0140625
6 0.5609375 0.71484375 0.028125 0.0171875
6 0.4953125 0.390625 0.03125 0.025
6 0.85 0.928125 0.025 0.034375
6 0.47109375 0.34375 0.0359375 0.021875
6 0.4015625 0.34375 0.03125 0.025
6 0.38203125 0.31640625 0.0296875 0.0203125
6 0.34609375 0.22421875 0.0296875 0.0203125
6 0.33828125 0.21171875 0.0265625 0.0234375
6 0.68203125 0.56328125 0.0296875 0.0359375
6 0.67109375 0.528125 0.0265625 0.0375
6 0.74609375 0.690625 0.0234375 0.03125
6 0.85625 0.85625 0.025 0.0375
6 0.571875 0.728125 0.034375 0.028125
6 0.80390625 0.8265625 0.0296875 0.034375
6 0.7921875 0.79140625 0.028125 0.0359375
6 0.65 0.9046875 0.03125 0.025
6 0.6546875 0.92109375 0.025 0.0203125
6 0.6453125 0.8890625 0.03125 0.021875
6 0.7078125 0.85625 0.034375 0.021875
6 0.69609375 0.84140625 0.0359375 0.0203125
6 0.63203125 0.86015625 0.0328125 0.0234375
6 0.60390625 0.8015625 0.0296875 0.025
6 0.621875 0.83125 0.034375 0.028125
6 0.6734375 0.7984375 0.0375 0.028125
6 0.44921875 0.2875 0.0296875 0.025
6 0.45625 0.30390625 0.028125 0.0265625
6 0.4390625 0.2734375 0.034375 0.025
6 0.3671875 0.27265625 0.03125 0.0234375
6 0.3359375 0.0375 0.034375 0.021875
6 0.34375 0.05078125 0.034375 0.0171875
6 0.26640625 0.04296875 0.0328125 0.0265625
6 0.24921875 0.0125 0.0296875 0.01875
6 0.35546875 0.24296875 0.0296875 0.0234375
6 0.2796875 0.075 0.028125 0.025
6 0.2640625 0.0265625 0.03125 0.025
6 0.62109375 0.67421875 0.0359375 0.0265625
6 0.715625 0.6265625 0.021875 0.0375
6 0.7 0.59453125 0.028125 0.0328125
