6 0.0859375 0.60234375 0.028125 0.0234375
6 0.1640625 0.65625 0.028125 0.021875
6 0.14765625 0.61171875 0.0296875 0.0203125
6 0.1296875 0.58515625 0.028125 0.0234375
6 0.1234375 0.56953125 0.028125 0.0234375
6 0.1171875 0.5546875 0.03125 0.025
6 0.11171875 0.540625 0.0296875 0.025
6 0.1078125 0.52421875 0.028125 0.0203125
6 0.0984375 0.51015625 0.028125 0.0234375
6 0.09296875 0.49453125 0.0265625 0.0203125
6 0.0984375 0.63046875 0.028125 0.0265625
6 0.09140625 0.61640625 0.0328125 0.0234375
6 0.078125 0.58671875 0.028125 0.0234375
6 0.05859375 0.54609375 0.0328125 0.0203125
6 0.0484375 0.5296875 0.034375 0.025
6 0.03984375 0.50078125 0.0265625 0.0234375
6 0.115625 0.678125 0.028125 0.021875
6 0.04765625 0.69296875 0.0359375 0.0234375
6 0.03671875 0.67734375 0.0328125 0.0234375
6 0.02890625 0.66171875 0.0359375 0.0234375
6 0.02421875 0.64609375 0.0265625 0.0203125
6 0.17734375 0.68515625 0.0265625 0.0203125
6 0.16796875 0.67265625 0.0265625 0.0234375
6 0.19140625 0.71484375 0.0203125 0.0171875
6 0.13828125 0.596875 0.0265625 0.01875
6 0.27734375 0.60625 0.0328125 0.025
6 0.271875 0.590625 0.03125 0.025
6 0.26640625 0.5734375 0.0359375 0.021875
6 0.35234375 0.584375 0.0359375 0.025
6 0.43515625 0.64375 0.0328125 0.025
6 0.421875 0.61484375 0.028125 0.0203125
6 0.39609375 0.5609375 0.0296875 0.021875
6 0.390625 0.54375 0.034375 0.028125
6 0.33203125 0.5453125 0.0296875 0.021875
6 0.31640625 0.5015625 0.0296875 0.025
6 0.30390625 0.48671875 0.0328125 0.0265625
6 0.06640625 0.5703125 0.0234375 0.021875
6 0.3 0.65078125 0.034375 0.0265625
6 0.06484375 0.55703125 0.0265625 0.0203125
6 0.15625 0.64296875 0.028125 0.0234375
6 0.55 0.59609375 0.028125 0.0203125
6 0.4609375 0.5203125 0.034375 0.025
6 0.4765625 0.4296875 0.03125 0.01875
6 0.46640625 0.3953125 0.0296875 0.01875
6 0.45234375 0.3703125 0.0296875 0.021875
6 0.5671875 0.4609375 0.028125 0.021875
6 0.359375 0.47265625 0.028125 0.0265625
6 0.2921875 0.6328125 0.03125 0.025
6 0.3140625 0.678125 0.034375 0.025
6 0.23359375 0.50078125 0.0328125 0.0203125
6 0.7875 0.16484375 0.021875 0.0265625
6 0.81796875 0.1484375 0.0234375 0.03125
6 0.75 0.17734375 0.021875 0.0296875
6 0.37734375 0.64609375 0.0359375 0.0328125
6 0.80390625 0.15703125 0.0234375 0.0328125
6 0.76953125 0.17265625 0.0234375 0.0359375
6 0.23671875 0.63828125 0.0296875 0.0296875
6 0.23125 0.62421875 0.0375 0.0265625
6 0.20390625 0.57578125 0.0296875 0.0234375
6 0.2140625 0.59609375 0.034375 0.0234375
6 0.19765625 0.42265625 0.0359375 0.0203125
6 0.20546875 0.44140625 0.0296875 0.0234375
6 0.2140625 0.4578125 0.034375 0.025
6 0.240625 0.5171875 0.03125 0.028125
6 0.2453125 0.53203125 0.028125 0.0234375
6 0.28984375 0.4421875 0.0328125 0.021875
6 0.18828125 0.40078125 0.0296875 0.0234375
6 0.27265625 0.7171875 0.0296875 0.01875
6 0.3359375 0.72421875 0.028125 0.0265625
6 0.40625 0.57578125 0.03125 0.0203125
6 0.4296875 0.446875 0.03125 0.01875
6 0.41640625 0.4203125 0.0359375 0.01875
6 0.34375 0.4453125 0.025 0.015625
6 0.321875 0.3828125 0.028125 0.025
6 0.28203125 0.42890625 0.0234375 0.0234375
6 0.27421875 0.4171875 0.0296875 0.025
6 0.26328125 0.38359375 0.0296875 0.0234375
6 0.2546875 0.3671875 0.028125 0.021875
6 0.4453125 0.66171875 0.028125 0.0234375
6 0.41171875 0.72421875 0.0296875 0.0203125
6 0.3453125 0.5609375 0.025 0.021875
6 0.47421875 0.5515625 0.0328125 0.021875
6 0.2625 0.5609375 0.028125 0.01875
6 0.25625 0.54375 0.025 0.021875
6 0.2328125 0.48671875 0.028125 0.0203125
6 0.221875 0.4734375 0.028125 0.021875
6 0.1984375 0.5546875 0.03125 0.021875
6 0.19375 0.5390625 0.028125 0.025
6 0.18046875 0.51015625 0.0296875 0.0234375
6 0.17109375 0.4953125 0.0359375 0.025
6 0.2421875 0.65546875 0.034375 0.0234375
6 0.25703125 0.6875 0.0296875 0.025
6 0.2640625 0.70078125 0.025 0.0203125
6 0.41640625 0.6 0.0359375 0.021875
6 0.51875 0.51171875 0.034375 0.0296875
6 0.1421875 0.41953125 0.03125 0.0203125
6 0.7421875 0.5140625 0.028125 0.021875
6 0.33984375 0.42890625 0.0296875 0.0234375
6 0.33203125 0.4171875 0.0296875 0.01875
6 0.3296875 0.40078125 0.034375 0.0234375
6 0.384375 0.35078125 0.028125 0.0203125
6 0.83515625 0.61875 0.0171875 0.034375
6 0.91015625 0.534375 0.0203125 0.03125
6 0.88046875 0.55 0.0234375 0.03125
6 0.94140625 0.5203125 0.0203125 0.03125
6 0.92578125 0.528125 0.0234375 0.03125
6 0.7578125 0.55390625 0.034375 0.0203125
6 0.7453125 0.5328125 0.03125 0.021875
6 0.684375 0.396875 0.028125 0.021875
6 0.51875 0.34375 0.03125 0.025
6 0.69921875 0.4234375 0.0328125 0.025
6 0.70546875 0.44453125 0.0296875 0.0171875
6 0.79453125 0.484375 0.0234375 0.03125
6 0.75078125 0.38125 0.0203125 0.025
6 0.64453125 0.303125 0.0265625 0.021875
6 0.5640625 0.62578125 0.028125 0.0203125
6 0.50078125 0.61953125 0.0296875 0.0234375
6 0.534375 0.3734375 0.03125 0.025
6 0.6046875 0.53515625 0.028125 0.0203125
6 0.39375 0.3796875 0.028125 0.025
6 0.4328125 0.328125 0.028125 0.021875
