4 0.45703125 0.38203125 0.3796875 0.3734375
6 0.4765625 0.9296875 0.03125 0.01875
6 0.46640625 0.8953125 0.0296875 0.01875
6 0.45234375 0.8703125 0.0296875 0.021875
6 0.5671875 0.9609375 0.028125 0.021875
6 0.359375 0.97265625 0.028125 0.0265625
6 0.7875 0.66484375 0.021875 0.0265625
6 0.81796875 0.6484375 0.0234375 0.03125
6 0.75 0.67734375 0.021875 0.0296875
6 0.80390625 0.65703125 0.0234375 0.0328125
6 0.76953125 0.67265625 0.0234375 0.0359375
6 0.19765625 0.92265625 0.0359375 0.0203125
6 0.20546875 0.94140625 0.0296875 0.0234375
6 0.2140625 0.9578125 0.034375 0.025
6 0.28984375 0.9421875 0.0328125 0.021875
6 0.18828125 0.90078125 0.0296875 0.0234375
6 0.4296875 0.946875 0.03125 0.01875
6 0.41640625 0.9203125 0.0359375 0.01875
6 0.34375 0.9453125 0.025 0.015625
6 0.321875 0.8828125 0.028125 0.025
6 0.28203125 0.92890625 0.0234375 0.0234375
6 0.27421875 0.9171875 0.0296875 0.025
6 0.26328125 0.88359375 0.0296875 0.0234375
6 0.2546875 0.8671875 0.028125 0.021875
6 0.2328125 0.98671875 0.028125 0.0203125
6 0.221875 0.9734375 0.028125 0.021875
6 0.1421875 0.91953125 0.03125 0.0203125
6 0.33984375 0.92890625 0.0296875 0.0234375
6 0.33203125 0.9171875 0.0296875 0.01875
6 0.3296875 0.90078125 0.034375 0.0234375
6 0.384375 0.85078125 0.028125 0.0203125
6 0.684375 0.896875 0.028125 0.021875
6 0.51875 0.84375 0.03125 0.025
6 0.69921875 0.9234375 0.0328125 0.025
6 0.70546875 0.94453125 0.0296875 0.0171875
6 0.75078125 0.88125 0.0203125 0.025
6 0.64453125 0.803125 0.0265625 0.021875
6 0.534375 0.8734375 0.03125 0.025
6 0.39375 0.8796875 0.028125 0.025
6 0.4328125 0.828125 0.028125 0.021875
