6 0.103125 0.0734375 0.025 0.03125
6 0.18125 0.0203125 0.028125 0.028125
6 0.1671875 0.03046875 0.025 0.0296875
6 0.15390625 0.03671875 0.0234375 0.0296875
6 0.14140625 0.04453125 0.0265625 0.0296875
6 0.12890625 0.05703125 0.0234375 0.0328125
6 0.11640625 0.06171875 0.0234375 0.0265625
6 0.084375 0.075 0.025 0.028125
6 0.07421875 0.125 0.0296875 0.034375
6 0.07265625 0.084375 0.0265625 0.03125
6 0.05546875 0.09609375 0.0265625 0.0296875
6 0.05390625 0.14140625 0.0265625 0.0359375
6 0.040625 0.14765625 0.025 0.0328125
6 0.05625 0.0203125 0.028125 0.03125
6 0.0421875 0.0296875 0.028125 0.028125
6 0.0890625 0.11484375 0.03125 0.0296875
6 0.1015625 0.1046875 0.028125 0.03125
6 0.23984375 0.02109375 0.0265625 0.0296875
6 0.22421875 0.028125 0.0296875 0.03125
6 0.2109375 0.0359375 0.028125 0.03125
6 0.1984375 0.046875 0.028125 0.028125
6 0.1890625 0.05625 0.03125 0.034375
6 0.17265625 0.06640625 0.0265625 0.0328125
6 0.159375 0.071875 0.028125 0.034375
6 0.14296875 0.0796875 0.0265625 0.03125
6 0.13203125 0.09296875 0.0296875 0.0359375
6 0.11796875 0.09453125 0.0203125 0.0265625
6 0.88203125 0.88046875 0.0296875 0.0203125
6 0.72734375 0.8171875 0.0703125 0.04375
6 0.6296875 0.75078125 0.03125 0.0265625
6 0.4015625 0.6859375 0.034375 0.025
6 0.40390625 0.65625 0.0328125 0.025
6 0.284375 0.63828125 0.03125 0.0234375
6 0.9828125 0.04609375 0.03125 0.0234375
6 0.46171875 0.4046875 0.0328125 0.03125
6 0.47578125 0.39609375 0.0328125 0.0359375
6 0.5140625 0.3078125 0.028125 0.034375
6 0.36796875 0.01484375 0.0296875 0.0296875
6 0.3578125 0.02578125 0.028125 0.0296875
6 0.34453125 0.034375 0.0203125 0.028125
6 0.33125 0.04375 0.028125 0.03125
6 0.3140625 0.046875 0.03125 0.034375
6 0.3 0.05703125 0.025 0.0328125
6 0.2875 0.06640625 0.03125 0.0328125
6 0.27265625 0.075 0.0265625 0.03125
6 0.2609375 0.0859375 0.028125 0.03125
6 0.246875 0.09140625 0.025 0.0265625
6 0.2375 0.10234375 0.025 0.0296875
6 0.22421875 0.11015625 0.0265625 0.0328125
6 0.19453125 0.128125 0.0296875 0.034375
6 0.3859375 0.040625 0.025 0.025
6 0.484375 0.09453125 0.021875 0.0265625
6 0.5234375 0.0703125 0.028125 0.034375
6 0.57265625 0.1125 0.0296875 0.034375
6 0.60625 0.134375 0.025 0.03125
6 0.5984375 0.09375 0.028125 0.03125
6 0.58125 0.0390625 0.025 0.028125
6 0.63515625 0.23203125 0.0265625 0.0328125
6 0.671875 0.20546875 0.025 0.0296875
6 0.60625 0.0171875 0.028125 0.034375
6 0.409375 0.01953125 0.025 0.0296875
6 0.4 0.03359375 0.021875 0.0296875
6 0.37421875 0.04921875 0.0203125 0.0296875
6 0.2125 0.153125 0.028125 0.03125
6 0.36015625 0.0578125 0.0234375 0.03125
6 0.346875 0.06640625 0.025 0.0265625
6 0.33203125 0.0765625 0.0234375 0.03125
6 0.3171875 0.08515625 0.025 0.0296875
6 0.3046875 0.0953125 0.025 0.03125
6 0.2890625 0.09765625 0.028125 0.0296875
6 0.278125 0.1078125 0.021875 0.028125
6 0.265625 0.121875 0.025 0.034375
6 0.253125 0.1296875 0.028125 0.034375
6 0.23984375 0.13515625 0.0265625 0.0296875
6 0.22734375 0.1453125 0.0265625 0.03125
6 0.20703125 0.11875 0.0296875 0.03125
6 0.18671875 0.17265625 0.0265625 0.0328125
6 0.48515625 0.2109375 0.0296875 0.03125
6 0.0765625 0.203125 0.025 0.025
6 0.0625 0.21015625 0.025 0.0296875
6 0.04609375 0.21640625 0.0296875 0.0296875
6 0.0359375 0.225 0.028125 0.03125
6 0.0296875 0.03984375 0.021875 0.0265625
6 0.10078125 0.18359375 0.0265625 0.0328125
6 0.08984375 0.19375 0.0265625 0.03125
6 0.1171875 0.17421875 0.028125 0.0296875
6 0.19765625 0.16015625 0.0234375 0.0265625
6 0.19609375 0.23671875 0.0296875 0.0359375
6 0.18359375 0.13359375 0.0296875 0.0328125
6 0.16953125 0.14375 0.0296875 0.0375
6 0.1546875 0.15078125 0.028125 0.0265625
6 0.17109375 0.18046875 0.0296875 0.0359375
6 0.15703125 0.18984375 0.0265625 0.0359375
6 0.1453125 0.30859375 0.025 0.0265625
6 0.1609375 0.303125 0.028125 0.034375
6 0.175 0.29453125 0.028125 0.0359375
6 0.1828125 0.28046875 0.025 0.0296875
6 0.2 0.275 0.025 0.03125
6 0.2140625 0.265625 0.025 0.028125
6 0.17890625 0.24375 0.0265625 0.03125
6 0.0953125 0.22578125 0.028125 0.0296875
6 0.165625 0.25390625 0.028125 0.0296875
6 0.15390625 0.2640625 0.0265625 0.028125
6 0.1453125 0.27734375 0.025 0.0265625
6 0.13046875 0.284375 0.0234375 0.025
6 0.1390625 0.16015625 0.028125 0.0328125
6 0.13203125 0.2 0.0265625 0.03125
6 0.1171875 0.209375 0.021875 0.03125
6 0.10546875 0.21640625 0.0265625 0.0265625
6 0.0796875 0.2359375 0.028125 0.03125
6 0.06953125 0.246875 0.0296875 0.034375
6 0.0546875 0.2515625 0.025 0.028125
6 0.50703125 0.190625 0.0265625 0.03125
6 0.521875 0.2625 0.03125 0.03125
6 0.4140625 0.14375 0.028125 0.034375
6 0.44296875 0.125 0.0234375 0.03125
6 0.43203125 0.1328125 0.0265625 0.034375
6 0.3859375 0.15546875 0.028125 0.0296875
6 0.375 0.165625 0.03125 0.034375
6 0.3578125 0.175 0.03125 0.03125
6 0.34375 0.1828125 0.021875 0.028125
6 0.3328125 0.19140625 0.021875 0.0265625
6 0.31953125 0.20078125 0.0265625 0.0359375
6 0.3078125 0.2125 0.025 0.028125
6 0.29296875 0.21796875 0.0265625 0.0296875
6 0.2765625 0.22421875 0.021875 0.0265625
6 0.4515625 0.0796875 0.021875 0.028125
6 0.43984375 0.08828125 0.0234375 0.0296875
6 0.42734375 0.09609375 0.0265625 0.0296875
6 0.39609375 0.109375 0.0296875 0.034375
6 0.97890625 0.03359375 0.0328125 0.0265625
6 0.4109375 0.10703125 0.028125 0.0359375
6 0.3828125 0.12109375 0.025 0.0296875
6 0.4859375 0.28984375 0.03125 0.0328125
6 0.43125 0.35703125 0.03125 0.0328125
6 0.3453125 0.29765625 0.028125 0.0296875
6 0.3296875 0.30390625 0.025 0.0265625
6 0.31953125 0.31328125 0.0265625 0.0265625
6 0.29765625 0.284375 0.0328125 0.0375
6 0.28203125 0.33984375 0.0203125 0.0265625
6 0.29609375 0.32734375 0.0203125 0.0296875
6 0.278125 0.30234375 0.028125 0.0359375
6 0.2625 0.30859375 0.028125 0.0328125
6 0.2515625 0.321875 0.028125 0.03125
6 0.2390625 0.32734375 0.025 0.0328125
6 0.225 0.33671875 0.028125 0.0328125
6 0.4140625 0.36171875 0.025 0.0296875
6 0.3296875 0.2734375 0.025 0.034375
6 0.39921875 0.37421875 0.0265625 0.0328125
6 0.38203125 0.3890625 0.0265625 0.03125
6 0.4265625 0.321875 0.028125 0.034375
6 0.41171875 0.32890625 0.0265625 0.0359375
6 0.396875 0.33515625 0.028125 0.0328125
6 0.384375 0.34609375 0.025 0.0296875
6 0.3625 0.36171875 0.028125 0.0359375
6 0.35078125 0.37109375 0.0234375 0.0328125
6 0.52890625 0.3640625 0.0265625 0.03125
6 0.44375 0.31796875 0.025 0.0328125
6 0.4546875 0.3046875 0.025 0.025
6 0.31640625 0.28046875 0.0265625 0.0296875
6 0.33984375 0.26015625 0.0328125 0.0359375
6 0.37265625 0.13046875 0.0265625 0.0296875
6 0.2453125 0.209375 0.028125 0.034375
6 0.35703125 0.140625 0.0265625 0.03125
6 0.34453125 0.14765625 0.0265625 0.0359375
6 0.328125 0.15546875 0.028125 0.0328125
6 0.3203125 0.165625 0.028125 0.03125
6 0.30078125 0.17109375 0.0296875 0.0296875
6 0.2875 0.18046875 0.03125 0.0328125
6 0.275 0.18984375 0.025 0.0328125
6 0.2578125 0.20078125 0.03125 0.0359375
6 0.2625 0.234375 0.025 0.028125
6 0.24609375 0.23984375 0.0234375 0.0265625
6 0.234375 0.2515625 0.025 0.028125
6 0.2328125 0.21484375 0.028125 0.0390625
6 0.35234375 0.25078125 0.0296875 0.0296875
6 0.21953125 0.22734375 0.0296875 0.0359375
6 0.5015625 0.3796875 0.028125 0.0375
6 0.4234375 0.2078125 0.025 0.034375
6 0.41015625 0.2140625 0.0296875 0.0375
6 0.39453125 0.2234375 0.0265625 0.03125
6 0.4015625 0.2609375 0.021875 0.028125
6 0.3890625 0.271875 0.025 0.03125
6 0.371875 0.27421875 0.021875 0.0328125
6 0.35625 0.2859375 0.025 0.034375
6 0.38828125 0.23671875 0.0265625 0.0296875
6 0.36875 0.24140625 0.028125 0.0328125
