6 0.6328125 0.71328125 0.034375 0.0234375
6 0.9203125 0.9859375 0.028125 0.025
6 0.90390625 0.95546875 0.0296875 0.0265625
6 0.8984375 0.9375 0.03125 0.025
6 0.86796875 0.86875 0.0390625 0.028125
6 0.87421875 0.88515625 0.0328125 0.0265625
6 0.8625 0.853125 0.034375 0.025
6 0.59921875 0.8015625 0.0328125 0.025
6 0.915625 0.975 0.028125 0.021875
6 0.83671875 0.79375 0.0328125 0.021875
6 0.83046875 0.778125 0.0359375 0.028125
6 0.77890625 0.67109375 0.0359375 0.0234375
6 0.73203125 0.5671875 0.0328125 0.025
6 0.68203125 0.97109375 0.0328125 0.0234375
6 0.675 0.96015625 0.0375 0.0265625
6 0.65390625 0.91953125 0.0296875 0.0234375
6 0.64765625 0.90078125 0.0359375 0.0296875
6 0.703125 0.85390625 0.03125 0.0203125
6 0.4890625 0.38828125 0.03125 0.0203125
6 0.69609375 0.83671875 0.0265625 0.0203125
6 0.6875 0.8203125 0.028125 0.021875
6 0.68359375 0.80703125 0.0296875 0.0234375
6 0.675 0.7921875 0.03125 0.021875
6 0.6625 0.76484375 0.028125 0.0203125
6 0.65625 0.7484375 0.028125 0.021875
6 0.64765625 0.7328125 0.0296875 0.021875
6 0.58203125 0.7546875 0.0265625 0.01875
6 0.57421875 0.73828125 0.0296875 0.0203125
6 0.5625 0.7109375 0.03125 0.01875
6 0.55546875 0.696875 0.0296875 0.01875
6 0.42421875 0.41484375 0.0359375 0.0234375
6 0.4984375 0.40703125 0.03125 0.0203125
6 0.73359375 0.92578125 0.0296875 0.0265625
6 0.68359375 0.98515625 0.0265625 0.0234375
6 0.74765625 0.97578125 0.0296875 0.0234375
6 0.73203125 0.93828125 0.0328125 0.0203125
6 0.7390625 0.9546875 0.034375 0.025
6 0.65703125 0.9390625 0.0359375 0.025
6 0.63515625 0.88203125 0.0390625 0.0265625
6 0.6265625 0.87109375 0.034375 0.0203125
6 0.6234375 0.85625 0.03125 0.025
6 0.61796875 0.84296875 0.0296875 0.0234375
6 0.61015625 0.82890625 0.0296875 0.0203125
6 0.60078125 0.81484375 0.0296875 0.0234375
6 0.725 0.91484375 0.028125 0.0265625
6 0.4828125 0.54609375 0.03125 0.0234375
6 0.7171875 0.89765625 0.034375 0.0265625
6 0.7109375 0.88203125 0.034375 0.0265625
6 0.703125 0.8671875 0.028125 0.021875
6 0.590625 0.78203125 0.0375 0.0265625
6 0.53828125 0.66328125 0.0296875 0.0265625
6 0.5234375 0.63828125 0.03125 0.0234375
6 0.51640625 0.6203125 0.0359375 0.028125
6 0.51171875 0.60625 0.0296875 0.025
6 0.50625 0.5921875 0.03125 0.025
6 0.49765625 0.5765625 0.0296875 0.025
6 0.490625 0.56015625 0.028125 0.0234375
6 0.5328125 0.65078125 0.03125 0.0171875
6 0.62734375 0.70078125 0.0359375 0.0265625
6 0.6234375 0.684375 0.034375 0.025
6 0.61875 0.675 0.028125 0.021875
6 0.0140625 0.8078125 0.028125 0.034375
6 0.5453125 0.68046875 0.03125 0.0234375
6 0.615625 0.659375 0.028125 0.025
6 0.03125 0.41171875 0.028125 0.0328125
6 0.01640625 0.4203125 0.0265625 0.034375
6 0.01953125 0.4578125 0.0265625 0.034375
6 0.0234375 0.5703125 0.028125 0.034375
6 0.07265625 0.6125 0.0296875 0.034375
6 0.10625 0.634375 0.025 0.03125
6 0.0984375 0.59375 0.028125 0.03125
6 0.08125 0.5390625 0.025 0.028125
6 0.13515625 0.73203125 0.0265625 0.0328125
6 0.171875 0.70546875 0.025 0.0296875
6 0.10625 0.5171875 0.028125 0.034375
6 0.02421875 0.34375 0.0234375 0.028125
6 0.021875 0.7625 0.03125 0.03125
6 0.60234375 0.63203125 0.0328125 0.0234375
6 0.3625 0.26875 0.028125 0.021875
6 0.34296875 0.22265625 0.0328125 0.0234375
6 0.3359375 0.20859375 0.034375 0.0265625
6 0.39375 0.16484375 0.03125 0.0203125
6 0.325 0.1921875 0.03125 0.021875
6 0.2859375 0.18828125 0.028125 0.0203125
6 0.28515625 0.1640625 0.0265625 0.01875
6 0.271875 0.14140625 0.03125 0.0203125
6 0.26875 0.12734375 0.028125 0.0171875
6 0.371875 0.2984375 0.03125 0.021875
6 0.3671875 0.2828125 0.03125 0.025
6 0.38203125 0.31171875 0.0328125 0.0234375
6 0.4609375 0.490625 0.0375 0.025
6 0.59375 0.6171875 0.03125 0.025
6 0.5875 0.60078125 0.028125 0.0234375
6 0.58359375 0.584375 0.0328125 0.021875
6 0.56484375 0.5578125 0.0296875 0.025
6 0.5625 0.54453125 0.03125 0.0234375
6 0.55390625 0.5296875 0.0296875 0.01875
6 0.54765625 0.51171875 0.0328125 0.0234375
6 0.54609375 0.49609375 0.0296875 0.0234375
6 0.5359375 0.48203125 0.03125 0.0234375
6 0.47890625 0.53359375 0.0328125 0.0265625
6 0.46796875 0.50546875 0.0328125 0.0234375
6 0.48515625 0.375 0.0328125 0.021875
6 0.41171875 0.21015625 0.0328125 0.0203125
6 0.53046875 0.46953125 0.0359375 0.0203125
6 0.45390625 0.4765625 0.0359375 0.021875
6 0.4421875 0.44765625 0.034375 0.0296875
6 0.43203125 0.43203125 0.0296875 0.0203125
6 0.421875 0.3984375 0.03125 0.021875
6 0.41640625 0.3859375 0.0265625 0.021875
6 0.40546875 0.3703125 0.0296875 0.021875
6 0.40234375 0.35625 0.0328125 0.01875
6 0.390625 0.32734375 0.03125 0.0265625
6 0.42890625 0.240625 0.0328125 0.025
6 0.41953125 0.2234375 0.0328125 0.021875
6 0.02890625 0.8640625 0.0265625 0.03125
