6 0.0359375 0.92265625 0.034375 0.0453125
6 0.265625 0.7734375 0.025 0.028125
6 0.2515625 0.784375 0.025 0.028125
6 0.23828125 0.7921875 0.0234375 0.028125
6 0.22421875 0.80078125 0.0296875 0.0328125
6 0.21171875 0.8078125 0.0265625 0.03125
6 0.19921875 0.82109375 0.0296875 0.0296875
6 0.184375 0.828125 0.025 0.028125
6 0.1703125 0.834375 0.025 0.03125
6 0.1578125 0.84609375 0.028125 0.0359375
6 0.140625 0.85 0.025 0.03125
6 0.08671875 0.88359375 0.0296875 0.0328125
6 0.88515625 0.1671875 0.0359375 0.025
6 0.9484375 0.18125 0.028125 0.0375
6 0.95390625 0.13359375 0.0265625 0.0359375
6 0.87734375 0.13984375 0.0390625 0.0234375
6 0.87421875 0.11640625 0.0328125 0.0234375
6 0.8640625 0.09140625 0.04375 0.0296875
6 0.753125 0.228125 0.028125 0.034375
6 0.7484375 0.19296875 0.025 0.0359375
6 0.29375 0.75703125 0.028125 0.0328125
6 0.8640625 0.071875 0.03125 0.01875
6 0.859375 0.05390625 0.034375 0.0203125
6 0.69453125 0.0109375 0.0328125 0.021875
6 0.278125 0.76484375 0.028125 0.0328125
6 0.30625 0.7421875 0.028125 0.03125
6 0.24609375 0.9734375 0.0234375 0.028125
6 0.06875 0.98203125 0.025 0.0296875
6 0.259375 0.96640625 0.025 0.0296875
6 0.409375 0.87578125 0.025 0.0328125
6 0.3953125 0.8828125 0.025 0.03125
6 0.38203125 0.89453125 0.0296875 0.0328125
6 0.36875 0.9015625 0.028125 0.028125
6 0.35859375 0.9109375 0.0234375 0.03125
6 0.34375 0.91640625 0.03125 0.0328125
6 0.33125 0.9296875 0.025 0.028125
6 0.315625 0.9359375 0.025 0.03125
6 0.3046875 0.946875 0.03125 0.03125
6 0.2921875 0.9546875 0.028125 0.03125
6 0.27734375 0.96171875 0.0296875 0.0328125
6 0.0796875 0.97109375 0.025 0.0328125
6 0.4625 0.72734375 0.025 0.0296875
6 0.384375 0.815625 0.028125 0.03125
6 0.2984375 0.8328125 0.025 0.034375
6 0.31875 0.859375 0.025 0.0375
6 0.32890625 0.8484375 0.0265625 0.034375
6 0.34375 0.83984375 0.025 0.0296875
6 0.31171875 0.8234375 0.0265625 0.034375
6 0.32578125 0.8125 0.0265625 0.03125
6 0.35390625 0.82890625 0.0203125 0.0296875
6 0.36953125 0.82421875 0.0265625 0.0265625
6 0.33984375 0.8046875 0.0265625 0.03125
6 0.35625 0.79765625 0.028125 0.0328125
6 0.36796875 0.78671875 0.0265625 0.0390625
6 0.3984375 0.80703125 0.025 0.0328125
6 0.3 0.865625 0.021875 0.028125
6 0.3828125 0.77890625 0.028125 0.0328125
6 0.41171875 0.79921875 0.0265625 0.0328125
6 0.39453125 0.7703125 0.0265625 0.028125
6 0.4234375 0.7859375 0.021875 0.028125
6 0.43671875 0.77890625 0.0265625 0.0265625
6 0.4515625 0.77109375 0.025 0.0359375
6 0.4484375 0.73515625 0.028125 0.0359375
6 0.434375 0.74140625 0.025 0.0296875
6 0.421875 0.753125 0.025 0.03125
6 0.40859375 0.7609375 0.0296875 0.03125
6 0.46640625 0.7640625 0.0265625 0.03125
6 0.2859375 0.84140625 0.025 0.0296875
6 0.271875 0.84765625 0.028125 0.0328125
6 0.12421875 0.97890625 0.0265625 0.0328125
6 0.171875 0.9046875 0.028125 0.03125
6 0.0953125 0.9625 0.03125 0.034375
6 0.11015625 0.95078125 0.0265625 0.0328125
6 0.1375 0.96953125 0.025 0.0328125
6 0.11796875 0.9421875 0.0328125 0.040625
6 0.134375 0.934375 0.025 0.0375
6 0.15234375 0.96171875 0.0203125 0.0296875
6 0.1640625 0.95078125 0.028125 0.0328125
6 0.14609375 0.921875 0.0265625 0.03125
6 0.1609375 0.9125 0.028125 0.0375
6 0.178125 0.94453125 0.025 0.0328125
6 0.1921875 0.93359375 0.028125 0.0328125
6 0.20546875 0.92734375 0.0296875 0.0359375
6 0.28984375 0.875 0.0296875 0.034375
6 0.1859375 0.896875 0.03125 0.0375
6 0.20078125 0.8875 0.0296875 0.034375
6 0.21875 0.91640625 0.028125 0.0296875
6 0.23203125 0.909375 0.0265625 0.034375
6 0.21640625 0.88046875 0.0296875 0.0328125
6 0.24765625 0.90078125 0.0296875 0.0328125
6 0.2265625 0.8703125 0.028125 0.034375
6 0.24375 0.86484375 0.021875 0.0296875
6 0.259375 0.8921875 0.021875 0.03125
6 0.2734375 0.8828125 0.028125 0.034375
6 0.25625 0.85390625 0.028125 0.0328125
6 0.43671875 0.853125 0.0265625 0.03125
6 0.42109375 0.86328125 0.0296875 0.0296875
6 0.44765625 0.8484375 0.0234375 0.028125
6 0.92421875 0.91484375 0.0359375 0.0234375
6 0.46171875 0.8421875 0.0234375 0.03125
6 0.53125 0.91171875 0.028125 0.0328125
6 0.51640625 0.9203125 0.0265625 0.034375
6 0.50546875 0.928125 0.0265625 0.03125
6 0.49140625 0.93671875 0.0265625 0.0328125
6 0.4765625 0.94453125 0.03125 0.0421875
6 0.46171875 0.9546875 0.0296875 0.034375
6 0.4515625 0.96640625 0.021875 0.0265625
6 0.4359375 0.97265625 0.025 0.0296875
6 0.41875 0.978125 0.025 0.03125
6 0.49296875 0.97421875 0.0296875 0.0359375
6 0.51953125 0.9578125 0.0265625 0.034375
6 0.3875 0.92734375 0.025 0.0328125
6 0.46640625 0.875 0.0234375 0.03125
6 0.45234375 0.88515625 0.0203125 0.0265625
6 0.440625 0.89375 0.025 0.028125
6 0.42734375 0.903125 0.0265625 0.025
6 0.41328125 0.9109375 0.0265625 0.034375
6 0.4 0.91875 0.025 0.03125
6 0.371875 0.9359375 0.028125 0.028125
6 0.35859375 0.94296875 0.0265625 0.0328125
6 0.3453125 0.95234375 0.03125 0.0359375
6 0.3328125 0.9640625 0.025 0.034375
6 0.3203125 0.9734375 0.025 0.028125
6 0.30859375 0.97734375 0.0265625 0.0328125
6 0.48359375 0.86875 0.0265625 0.03125
6 0.49375 0.85703125 0.028125 0.0296875
6 0.52421875 0.84375 0.0234375 0.028125
6 0.49140625 0.828125 0.0265625 0.03125
6 0.47578125 0.82890625 0.0296875 0.0296875
6 0.8625 0.76875 0.028125 0.021875
6 0.84296875 0.72265625 0.0328125 0.0234375
6 0.8359375 0.70859375 0.034375 0.0265625
6 0.89375 0.66484375 0.03125 0.0203125
6 0.825 0.6921875 0.03125 0.021875
6 0.7859375 0.68828125 0.028125 0.0203125
6 0.78515625 0.6640625 0.0265625 0.01875
6 0.771875 0.64140625 0.03125 0.0203125
6 0.76875 0.62734375 0.028125 0.0171875
6 0.871875 0.7984375 0.03125 0.021875
6 0.8671875 0.7828125 0.03125 0.025
6 0.88203125 0.81171875 0.0328125 0.0234375
6 0.91171875 0.71015625 0.0328125 0.0203125
6 0.95390625 0.9765625 0.0359375 0.021875
6 0.9421875 0.94765625 0.034375 0.0296875
6 0.93203125 0.93203125 0.0296875 0.0203125
6 0.921875 0.8984375 0.03125 0.021875
6 0.91640625 0.8859375 0.0265625 0.021875
6 0.90546875 0.8703125 0.0296875 0.021875
6 0.90234375 0.85625 0.0328125 0.01875
6 0.890625 0.82734375 0.03125 0.0265625
6 0.92890625 0.740625 0.0328125 0.025
6 0.91953125 0.7234375 0.0328125 0.021875
