3 0.412903 0.803226 0.030108 0.025806
3 0.370968 0.787097 0.034409 0.030108
3 0.379570 0.780645 0.036559 0.030108
3 0.418280 0.769892 0.055914 0.045161
1 0.222581 0.740860 0.017204 0.023656
1 0.230108 0.743011 0.015054 0.021505
1 0.187097 0.749462 0.043011 0.060215
1 0.167742 0.741935 0.043011 0.060215
0 0.224731 0.674194 0.043011 0.070968
0 0.210753 0.661290 0.058065 0.092473
0 0.262366 0.677419 0.058065 0.092473
0 0.353763 0.156989 0.135484 0.180645
0 0.393548 0.164516 0.156989 0.206452
0 0.420430 0.268817 0.225806 0.298925
0 0.637634 0.426882 0.204301 0.266667
0 0.675269 0.445161 0.206452 0.275269
2 0.356989 0.288172 0.258065 0.352688
2 0.684946 0.491398 0.249462 0.337634