2 0.516667 0.543548 0.084946 0.491398
0 0.431720 0.448925 0.009677 0.080645
0 0.461290 0.433871 0.023656 0.166667
0 0.566129 0.404839 0.022581 0.170968
0 0.594624 0.396774 0.032258 0.174194
0 0.626344 0.412366 0.024731 0.168817
0 0.654839 0.395699 0.027957 0.172043
0 0.684946 0.410215 0.025806 0.166667
0 0.715591 0.398387 0.022581 0.170968
0 0.745161 0.410215 0.019355 0.170968
0 0.567204 0.616667 0.022581 0.168817
0 0.595699 0.627419 0.021505 0.168817
0 0.626344 0.623118 0.020430 0.147312
0 0.655914 0.626882 0.030108 0.165591
0 0.687097 0.623656 0.030108 0.169892