3 0.662903 0.507527 0.016129 0.015054
3 0.660215 0.511828 0.019355 0.017204
3 0.639785 0.488172 0.017204 0.017204
3 0.635484 0.492473 0.019355 0.019355
3 0.616129 0.471505 0.017204 0.016129
3 0.595161 0.451613 0.016129 0.019355
0 0.013978 0.298925 0.027957 0.094624
0 0.118817 0.298925 0.087097 0.167742
0 0.095699 0.307527 0.083871 0.167742
0 0.764516 0.423118 0.219355 0.188172
0 0.74086 0.404301 0.219355 0.189247
0 0.719355 0.386022 0.217204 0.187097
0 0.398925 0.543548 0.313978 0.067742
0 0.380108 0.567742 0.104301 0.027957
0 0.394624 0.506989 0.313978 0.087097
0 0.699462 0.364516 0.216129 0.187097
4 0.623656 0.294086 0.047312 0.039785
4 0.553763 0.360753 0.045161 0.044086
4 0.495161 0.493548 0.046237 0.04086
