3 0.298925 0.766667 0.032258 0.025806
3 0.339247 0.77957 0.031183 0.023656
3 0.306452 0.75914 0.03871 0.032258
1 0.148387 0.716129 0.015054 0.021505
1 0.155376 0.718817 0.016129 0.02043
1 0.163441 0.719892 0.015054 0.02043
1 0.168817 0.722581 0.017204 0.021505
1 0.115054 0.726882 0.04086 0.060215
1 0.091398 0.719892 0.04086 0.063441
0 0.207527 0.651075 0.036559 0.052688
0 0.147849 0.647312 0.048387 0.075269
0 0.187634 0.655376 0.052688 0.091398
0 0.23871 0.210753 0.182796 0.249462
0 0.198925 0.204301 0.141935 0.191398
0 0.347849 0.247312 0.216129 0.298925
0 0.587634 0.444086 0.203226 0.266667
0 0.714516 0.866667 0.287097 0.206452
2 0.290323 0.258065 0.255914 0.335484
2 0.615591 0.472043 0.252688 0.341935
0 0.262903 0.234409 0.168817 0.225806
0 0.552688 0.427957 0.174194 0.232258
4 0.272043 0.352688 0.045161 0.049462
4 0.820968 0.933333 0.041935 0.04086
