0 0.153763 0.653763 0.038710 0.064516
0 0.552688 0.507527 0.017204 0.027957
0 0.404301 0.398925 0.036559 0.015054
0 0.474194 0.429032 0.012903 0.034409
0 0.556452 0.382796 0.011828 0.027957
0 0.506452 0.376882 0.015054 0.037634
0 0.418280 0.379570 0.036559 0.010753
0 0.536559 0.477957 0.053763 0.018280
0 0.508602 0.428495 0.012903 0.033333
0 0.544624 0.431183 0.013978 0.034409
1 0.548925 0.599462 0.052688 0.123656
1 0.420968 0.709140 0.134409 0.048387
1 0.246774 0.710215 0.134409 0.050538