1 0.897849 0.413978 0.038710 0.043011
1 0.877419 0.403226 0.038710 0.038710
1 0.862366 0.387097 0.036559 0.036559
1 0.846237 0.373118 0.038710 0.038710
3 0.792473 0.367742 0.060215 0.062366
3 0.524731 0.581720 0.055914 0.058065
3 0.513978 0.564516 0.053763 0.055914
0 0.678495 0.517204 0.146237 0.161290
1 0.073118 0.443011 0.107527 0.107527
1 0.377419 0.204301 0.105376 0.103226
1 0.453763 0.115054 0.098925 0.109677
2 0.476344 0.355914 0.352688 0.395699
2 0.646237 0.486022 0.354839 0.400000
1 0.663441 0.393548 0.232258 0.266667