3 0.454839 0.607527 0.038710 0.038710
3 0.474194 0.619355 0.079570 0.088172
3 0.363441 0.512903 0.077419 0.086022
3 0.076344 0.440860 0.111828 0.092473
3 0.816129 0.556989 0.060215 0.062366
3 0.869892 0.495699 0.060215 0.062366
3 0.725806 0.439785 0.150538 0.163441
1 0.449462 0.110753 0.096774 0.103226
1 0.370968 0.193548 0.088172 0.098925
1 0.294624 0.280645 0.092473 0.098925
1 0.215054 0.368817 0.096774 0.105376
1 0.246237 0.393548 0.092473 0.107527
2 0.465591 0.352688 0.337634 0.395699
2 0.633333 0.481720 0.356989 0.397849
1 0.652688 0.387097 0.234409 0.255914