1 0.618280 0.397849 0.010753 0.015054
3 0.131183 0.851075 0.086022 0.013978
3 0.102151 0.708065 0.043011 0.147312
3 0.074194 0.817204 0.025806 0.049462
3 0.043548 0.813441 0.035484 0.056989
3 0.188172 0.911828 0.036559 0.088172
1 0.904301 0.809140 0.051613 0.134409
1 0.906452 0.660215 0.051613 0.135484
1 0.791935 0.254839 0.031183 0.062366
1 0.759677 0.254301 0.033333 0.063441
3 0.338710 0.267742 0.032258 0.083871
2 0.266667 0.783333 0.107527 0.383871
2 0.844624 0.562903 0.067742 0.691398
0 0.452688 0.637097 0.217204 0.596774
1 0.746774 0.594086 0.123656 0.534409