1 0.740323 0.783333 0.037634 0.011828
1 0.743548 0.794086 0.039785 0.009677
1 0.750538 0.808602 0.064516 0.017204
1 0.739785 0.850538 0.045161 0.017204
1 0.736559 0.863441 0.051613 0.023656
1 0.734409 0.877419 0.053763 0.025806
1 0.731183 0.891398 0.051613 0.025806
0 0.582796 0.893548 0.131183 0.030108
0 0.583871 0.870968 0.129032 0.030108
0 0.611828 0.850538 0.195699 0.034409
0 0.611828 0.798925 0.195699 0.036559
0 0.587097 0.773118 0.109677 0.030108
0 0.593548 0.752688 0.107527 0.027957
1 0.589247 0.733333 0.088172 0.027957
1 0.593548 0.715054 0.090323 0.027957