1 0.431183 0.865591 0.060215 0.049462
1 0.445161 0.964516 0.058065 0.038710
1 0.325806 0.963441 0.058065 0.045161
1 0.319355 0.940860 0.055914 0.043011
1 0.168817 0.878495 0.047312 0.017204
1 0.073118 0.701075 0.047312 0.058065
1 0.050538 0.708602 0.045161 0.055914
1 0.610753 0.569892 0.051613 0.051613
1 0.541935 0.610753 0.047312 0.049462
1 0.307527 0.562366 0.034409 0.047312
1 0.290323 0.576344 0.040860 0.047312
1 0.275269 0.589247 0.040860 0.045161
1 0.261290 0.602151 0.038710 0.045161
1 0.243011 0.609677 0.038710 0.049462
1 0.221505 0.613978 0.045161 0.058065
1 0.172043 0.580645 0.053763 0.053763
1 0.154839 0.564516 0.051613 0.049462
1 0.226882 0.480645 0.049462 0.051613
1 0.022581 0.488172 0.043011 0.043011
1 0.015054 0.465591 0.027957 0.038710
1 0.165591 0.358065 0.030108 0.034409
1 0.149462 0.349462 0.040860 0.045161
1 0.016129 0.225806 0.025806 0.051613
1 0.037634 0.229032 0.025806 0.051613
1 0.060215 0.227957 0.027957 0.062366
1 0.083871 0.223656 0.030108 0.049462
1 0.109677 0.221505 0.027957 0.049462