0 0.800000 0.424731 0.154839 0.195699
0 0.754839 0.345161 0.088172 0.111828
0 0.768817 0.360215 0.088172 0.111828
0 0.596774 0.596774 0.152688 0.197849
0 0.501075 0.110753 0.086022 0.109677
0 0.531183 0.270968 0.193548 0.249462
0 0.508602 0.221505 0.206452 0.268817
0 0.629032 0.656989 0.180645 0.240860
2 0.369892 0.336559 0.473118 0.662366
2 0.697849 0.504301 0.331183 0.445161
0 0.897849 0.696774 0.105376 0.146237
0 0.955914 0.275269 0.081720 0.116129
0 0.244086 0.438710 0.292473 0.361290
0 0.276344 0.547312 0.232258 0.305376