1 0.361290 0.976344 0.049462 0.045161
1 0.565591 0.973118 0.023656 0.053763
1 0.714516 0.739785 0.009677 0.025806
1 0.696237 0.742473 0.011828 0.035484
3 0.681720 0.746774 0.012903 0.039785
1 0.669892 0.747849 0.008602 0.018280
1 0.677419 0.784409 0.010753 0.024731
1 0.884946 0.786022 0.032258 0.027957
1 0.893548 0.797849 0.043011 0.030108
1 0.896774 0.811828 0.040860 0.027957
1 0.900000 0.825806 0.036559 0.030108
1 0.910753 0.853763 0.043011 0.032258
1 0.880645 0.770968 0.036559 0.030108
1 0.873118 0.755914 0.032258 0.025806
1 0.864516 0.735484 0.025806 0.017204
1 0.858065 0.721505 0.019355 0.015054
1 0.824731 0.734409 0.032258 0.019355
1 0.827957 0.747312 0.036559 0.023656
1 0.830108 0.765591 0.043011 0.030108
1 0.841935 0.807527 0.043011 0.021505
1 0.846237 0.821505 0.040860 0.019355
1 0.847312 0.836559 0.049462 0.021505
1 0.856989 0.866667 0.047312 0.030108
1 0.863441 0.882796 0.047312 0.027957
1 0.893548 0.897849 0.045161 0.030108
1 0.960215 0.898387 0.070968 0.031183