1 0.946237 0.933333 0.040860 0.077419
1 0.990860 0.456452 0.018280 0.100000
1 0.983333 0.710753 0.033333 0.088172
1 0.822581 0.841935 0.010753 0.015054
1 0.824731 0.878495 0.023656 0.043011
1 0.737634 0.917204 0.109677 0.118280
1 0.738710 0.847312 0.152688 0.032258
1 0.747312 0.805376 0.154839 0.045161
1 0.911828 0.978495 0.019355 0.043011
1 0.915054 0.895699 0.034409 0.077419
1 0.922581 0.783871 0.027957 0.077419
1 0.840323 0.690860 0.039785 0.089247
1 0.921505 0.676344 0.030108 0.083871
1 0.947312 0.590323 0.027957 0.030108
3 0.936559 0.563441 0.079570 0.088172
1 0.939785 0.513978 0.081720 0.081720
1 0.956989 0.401075 0.027957 0.073118
1 0.921505 0.420430 0.032258 0.075269
1 0.803226 0.632258 0.038710 0.038710
1 0.808602 0.597849 0.036559 0.030108
1 0.808602 0.613978 0.047312 0.043011
1 0.813978 0.584946 0.047312 0.043011
1 0.821505 0.550538 0.058065 0.066667
1 0.787097 0.524731 0.023656 0.038710
1 0.791398 0.488172 0.019355 0.034409
1 0.745161 0.464516 0.101075 0.027957
1 0.786022 0.419355 0.038710 0.030108
1 0.837634 0.451613 0.043011 0.070968
1 0.362366 0.982796 0.012903 0.032258
1 0.346237 0.974194 0.017204 0.040860
1 0.282258 0.969892 0.031183 0.060215
1 0.254839 0.965591 0.045161 0.068817
1 0.221505 0.962903 0.051613 0.074194
1 0.190323 0.952688 0.053763 0.079570
1 0.356989 0.833333 0.032258 0.045161
1 0.197849 0.781720 0.107527 0.047312