3 0.033333 0.786022 0.062366 0.027957
1 0.044086 0.834409 0.025806 0.010753
1 0.050538 0.816129 0.025806 0.015054
1 0.050538 0.801075 0.027957 0.012903
1 0.123656 0.898925 0.034409 0.012903
1 0.119355 0.890323 0.034409 0.010753
1 0.110753 0.764516 0.015054 0.021505
1 0.121505 0.761290 0.019355 0.027957
1 0.107527 0.689247 0.060215 0.120430
1 0.147312 0.684946 0.064516 0.107527
1 0.112903 0.575269 0.051613 0.101075
1 0.136559 0.852688 0.032258 0.060215
1 0.075269 0.574194 0.049462 0.086022
1 0.061290 0.482796 0.066667 0.111828