1 0.817204 0.684946 0.023656 0.032258
1 0.819355 0.731183 0.017204 0.036559
1 0.930108 0.893011 0.068817 0.213978
1 0.860215 0.850538 0.079570 0.298925
1 0.638710 0.920968 0.040860 0.158065
1 0.552688 0.936559 0.045161 0.124731
3 0.441935 0.887097 0.043011 0.124731
1 0.379570 0.900000 0.098925 0.159140
1 0.089785 0.923118 0.080645 0.151613
1 0.201613 0.749462 0.037634 0.079570
1 0.009677 0.762366 0.017204 0.086022
1 0.748925 0.683871 0.065591 0.221505
1 0.674731 0.675806 0.054839 0.224731
1 0.745699 0.360753 0.044086 0.190323
3 0.531183 0.448387 0.047312 0.098925
3 0.549462 0.652688 0.088172 0.187097
3 0.406989 0.404839 0.048387 0.151613
1 0.111828 0.659140 0.118280 0.036559
1 0.117204 0.621505 0.118280 0.036559
1 0.024731 0.438172 0.047312 0.136559
1 0.109677 0.470968 0.070968 0.154839
1 0.132258 0.323656 0.055914 0.098925
1 0.233333 0.280645 0.027957 0.068817
1 0.322581 0.295699 0.038710 0.111828