1 0.993011 0.176882 0.013978 0.039785
1 0.974731 0.223118 0.050538 0.145161
1 0.959677 0.238710 0.080645 0.154839
1 0.932258 0.253763 0.094624 0.176344
1 0.888172 0.238710 0.161290 0.277419
1 0.890323 0.313978 0.083871 0.150538
1 0.829032 0.204301 0.064516 0.150538
1 0.791398 0.210753 0.060215 0.150538
1 0.751613 0.212903 0.092473 0.152688
1 0.708602 0.207527 0.118280 0.208602
1 0.694624 0.258065 0.081720 0.129032
1 0.680645 0.302151 0.045161 0.055914
1 0.668817 0.249462 0.027957 0.032258
1 0.655914 0.258065 0.043011 0.053763
1 0.643011 0.289247 0.062366 0.092473
1 0.631183 0.177419 0.030108 0.049462
1 0.600000 0.175269 0.094624 0.154839
1 0.578495 0.229032 0.139785 0.238710
1 0.574194 0.306452 0.047312 0.103226
1 0.496774 0.279570 0.154839 0.184946
1 0.464516 0.293548 0.137634 0.165591
1 0.443011 0.312903 0.111828 0.131183
1 0.410753 0.322581 0.126882 0.152688
1 0.381720 0.333333 0.126882 0.152688
1 0.290323 0.305376 0.081720 0.055914
3 0.334409 0.369892 0.111828 0.137634
1 0.291398 0.260215 0.053763 0.055914
1 0.241935 0.340860 0.165591 0.219355
1 0.063441 0.381720 0.124731 0.217204