1 0.600538 0.135484 0.080645 0.025806
1 0.336559 0.136559 0.027957 0.008602
1 0.382796 0.107527 0.025806 0.008602
1 0.539785 0.082796 0.043011 0.060215
1 0.498387 0.072043 0.044086 0.064516
1 0.465054 0.058065 0.052688 0.083871
1 0.422043 0.058065 0.044086 0.066667
1 0.388710 0.063978 0.044086 0.065591
1 0.342473 0.064516 0.029032 0.047312
1 0.336559 0.103763 0.047312 0.018280
1 0.262903 0.094624 0.044086 0.015054
1 0.067742 0.072581 0.034409 0.011828
1 0.140323 0.081720 0.046237 0.017204
1 0.174194 0.052688 0.032258 0.038710
1 0.146774 0.050538 0.020430 0.032258