1 0.637634 0.991935 0.030108 0.016129
1 0.659140 0.982796 0.036559 0.034409
1 0.682258 0.982796 0.035484 0.034409
1 0.704839 0.982258 0.026882 0.035484
1 0.726882 0.977419 0.038710 0.045161
1 0.746237 0.961828 0.062366 0.074194
1 0.772581 0.956989 0.065591 0.086022
1 0.715591 0.918817 0.089247 0.050538
1 0.715591 0.858065 0.069892 0.090323
1 0.688710 0.861828 0.069892 0.089247
1 0.667742 0.874731 0.055914 0.067742
1 0.635484 0.796237 0.062366 0.080645
1 0.653763 0.789247 0.053763 0.081720
1 0.672043 0.777419 0.058065 0.081720
1 0.615591 0.720430 0.052688 0.077419
1 0.634946 0.710753 0.048387 0.068817
1 0.525806 0.686022 0.195699 0.083871
1 0.529570 0.654301 0.158065 0.067742
1 0.515591 0.630108 0.155914 0.068817
1 0.501075 0.603226 0.154839 0.073118
1 0.520430 0.518280 0.088172 0.133333
3 0.516667 0.415591 0.067742 0.044086
1 0.536022 0.432258 0.087097 0.053763
1 0.656452 0.362903 0.054839 0.069892
1 0.638710 0.374731 0.047312 0.061290
1 0.622581 0.301075 0.053763 0.068817
1 0.606989 0.318817 0.052688 0.067742
1 0.566667 0.274194 0.079570 0.045161
1 0.495161 0.298387 0.069892 0.039785
1 0.501075 0.317204 0.073118 0.040860
1 0.313978 0.408065 0.062366 0.069892
1 0.403763 0.293011 0.044086 0.067742
1 0.424731 0.284409 0.049462 0.074194
1 0.444624 0.278495 0.044086 0.066667
1 0.467204 0.239785 0.067742 0.043011
1 0.463978 0.220968 0.074194 0.046237
1 0.454839 0.203226 0.073118 0.045161
1 0.688710 0.161828 0.074194 0.044086
1 0.679570 0.145161 0.070968 0.043011
3 0.036022 0.966129 0.069892 0.067742
3 0.089785 0.938172 0.104301 0.123656