0 0.761290 0.501075 0.017204 0.027957
0 0.636559 0.387097 0.038710 0.010753
0 0.612903 0.403226 0.043011 0.015054
0 0.691398 0.419355 0.012903 0.034409
0 0.758602 0.371505 0.013978 0.033333
0 0.724194 0.370430 0.011828 0.035484
0 0.604839 0.370968 0.031183 0.010753
0 0.608065 0.425269 0.035484 0.016129
0 0.726882 0.418817 0.010753 0.031183
0 0.762366 0.420430 0.010753 0.027957
0 0.754301 0.595161 0.056989 0.117204
0 0.625269 0.702688 0.140860 0.044086
0 0.456452 0.703763 0.138710 0.046237