0 0.537634 0.678495 0.032258 0.086022
0 0.913978 0.425269 0.169892 0.613978
0 0.032796 0.202688 0.024731 0.005376
0 0.034409 0.196774 0.025806 0.006452
0 0.058065 0.188172 0.081720 0.010753
0 0.245699 0.312903 0.018280 0.006452
0 0.245699 0.305376 0.018280 0.006452
0 0.245699 0.300000 0.018280 0.006452
0 0.245699 0.286022 0.018280 0.006452
0 0.616129 0.272581 0.038710 0.084946
0 0.248925 0.245161 0.024731 0.062366
0 0.248925 0.425806 0.024731 0.062366
0 0.273656 0.425806 0.024731 0.062366
0 0.595161 0.673118 0.080645 0.202151