0 0.852688 0.747312 0.109677 0.090323
0 0.404301 0.138710 0.234409 0.176344
0 0.541935 0.318280 0.182796 0.144086
0 0.315054 0.155914 0.193548 0.150538
0 0.321505 0.874194 0.144086 0.124731
0 0.229032 0.475269 0.247312 0.187097
0 0.288172 0.432258 0.113978 0.090323
0 0.454839 0.549462 0.107527 0.083871
0 0.693548 0.481720 0.122581 0.088172
0 0.639785 0.679570 0.116129 0.088172
0 0.634409 0.752688 0.122581 0.081720
0 0.612903 0.768817 0.141935 0.088172
0 0.602151 0.790323 0.131183 0.073118