0 0.387097 0.808602 0.202151 0.152688
0 0.826882 0.209677 0.045161 0.043011
0 0.508602 0.109677 0.086022 0.083871
0 0.190323 0.362366 0.094624 0.081720
0 0.561290 0.298925 0.055914 0.051613
0 0.665591 0.455914 0.081720 0.073118
0 0.767742 0.365591 0.096774 0.088172
0 0.884946 0.176344 0.118280 0.124731
0 0.646237 0.304301 0.176344 0.174194
0 0.408602 0.553763 0.092473 0.081720
0 0.255914 0.651613 0.107527 0.094624
0 0.304301 0.679570 0.159140 0.126882
0 0.275269 0.565591 0.167742 0.146237
0 0.687097 0.563441 0.367742 0.305376