0 0.434409 0.816129 0.021505 0.036559
0 0.424731 0.813978 0.019355 0.036559
0 0.417204 0.809677 0.021505 0.036559
0 0.407527 0.801075 0.036559 0.049462
0 0.392473 0.803226 0.023656 0.032258
0 0.378495 0.798925 0.019355 0.036559
0 0.369892 0.795699 0.021505 0.036559
0 0.352688 0.792473 0.017204 0.034409
0 0.344086 0.786022 0.017204 0.038710
0 0.331183 0.782796 0.021505 0.036559
0 0.322581 0.780645 0.021505 0.036559
0 0.313978 0.778495 0.021505 0.034409
0 0.305376 0.775269 0.019355 0.032258
0 0.288172 0.834409 0.060215 0.025806
0 0.229032 0.825806 0.066667 0.040860
0 0.170968 0.805376 0.066667 0.038710
0 0.149462 0.743011 0.062366 0.066667
0 0.196774 0.695699 0.062366 0.060215
0 0.603226 0.617204 0.202151 0.240860
0 0.503226 0.484946 0.572043 0.589247
0 0.615054 0.740860 0.159140 0.191398