0 0.696774 0.400000 0.258065 0.195699
0 0.811828 0.402151 0.107527 0.083871
0 0.203226 0.873118 0.240860 0.184946
0 0.568817 0.675269 0.105376 0.081720
0 0.374194 0.529032 0.240860 0.182796
0 0.451613 0.747312 0.208602 0.159140
0 0.481720 0.729032 0.197849 0.152688
0 0.510753 0.710753 0.189247 0.144086
0 0.277419 0.541935 0.236559 0.174194
0 0.670968 0.419355 0.236559 0.178495
0 0.530108 0.174194 0.367742 0.290323
0 0.369892 0.163441 0.283871 0.208602
0 0.341935 0.190323 0.281720 0.210753