0 0.647849 0.989247 0.018280 0.021505
0 0.640860 0.961828 0.010753 0.020430
0 0.659140 0.936022 0.038710 0.016129
0 0.675806 0.913441 0.009677 0.020430
0 0.676344 0.874731 0.017204 0.048387
0 0.673118 0.829570 0.008602 0.018280
0 0.676882 0.791398 0.018280 0.027957
0 0.670968 0.755376 0.015054 0.037634
0 0.661828 0.735484 0.007527 0.021505
0 0.663441 0.678495 0.021505 0.045161
0 0.660215 0.609677 0.019355 0.047312
0 0.654301 0.560753 0.009677 0.026882
0 0.889785 0.989785 0.020430 0.020430
0 0.888172 0.935484 0.019355 0.055914
0 0.882796 0.861828 0.019355 0.063441
0 0.829032 0.584409 0.036559 0.078495
0 0.848387 0.009677 0.019355 0.017204
0 0.668280 0.012903 0.020430 0.010753
0 0.668817 0.018280 0.019355 0.008602
0 0.673118 0.028495 0.021505 0.007527
0 0.669892 0.033871 0.021505 0.005376
0 0.670430 0.040860 0.020430 0.006452
0 0.672043 0.052688 0.023656 0.008602
0 0.672581 0.058065 0.022581 0.006452
0 0.671505 0.065054 0.022581 0.005376
0 0.673656 0.072043 0.024731 0.010753
0 0.679570 0.138710 0.025806 0.008602
0 0.680108 0.133871 0.024731 0.009677
0 0.681720 0.122581 0.023656 0.010753
0 0.679570 0.104839 0.025806 0.013978
0 0.681183 0.091935 0.026882 0.013978
0 0.856989 0.476882 0.021505 0.009677
0 0.854301 0.444624 0.029032 0.009677
0 0.853226 0.428495 0.029032 0.009677
0 0.852151 0.410215 0.029032 0.009677
0 0.852151 0.410215 0.029032 0.009677
0 0.852151 0.410215 0.029032 0.009677
0 0.846774 0.379032 0.024731 0.009677
0 0.846774 0.359677 0.029032 0.009677
0 0.841398 0.342473 0.029032 0.009677
0 0.865591 0.316667 0.015054 0.041935
0 0.684946 0.448925 0.021505 0.056989
0 0.680108 0.355914 0.020430 0.049462
0 0.676882 0.297849 0.022581 0.049462
0 0.860753 0.253763 0.018280 0.060215
0 0.858065 0.179032 0.012903 0.035484
0 0.847312 0.187097 0.012903 0.040860
0 0.851075 0.062366 0.016129 0.053763
0 0.690323 0.175269 0.010753 0.036559
0 0.672043 0.163978 0.019355 0.054839