0 0.981720 0.501075 0.036559 0.193548
0 0.943011 0.496774 0.062366 0.182796
0 0.881720 0.296774 0.034409 0.047312
0 0.853763 0.292473 0.027957 0.043011
0 0.839785 0.286022 0.030108 0.043011
0 0.882796 0.369892 0.025806 0.045161
0 0.873118 0.364516 0.032258 0.051613
0 0.862366 0.359140 0.032258 0.051613
0 0.850538 0.352688 0.034409 0.053763
0 0.831183 0.346237 0.027957 0.043011
0 0.820430 0.341935 0.030108 0.045161
0 0.809677 0.335484 0.030108 0.045161
0 0.796774 0.329032 0.032258 0.045161
0 0.804301 0.460215 0.036559 0.053763
0 0.852688 0.416129 0.034409 0.053763
0 0.839785 0.411828 0.032258 0.051613
0 0.826882 0.406452 0.034409 0.051613
0 0.808602 0.393548 0.030108 0.043011
0 0.796774 0.388172 0.032258 0.045161
0 0.407527 0.874731 0.139785 0.244086
0 0.354839 0.871505 0.116129 0.254839
0 0.303763 0.869892 0.093548 0.260215
0 0.475269 0.881720 0.109677 0.156989
0 0.439785 0.888172 0.092473 0.148387
0 0.786022 0.451613 0.030108 0.049462
0 0.774194 0.445161 0.036559 0.053763
0 0.303226 0.686022 0.038710 0.073118
0 0.320430 0.682796 0.040860 0.073118
0 0.336559 0.677419 0.047312 0.075269
0 0.351613 0.668817 0.047312 0.073118
0 0.368817 0.660215 0.049462 0.075269
0 0.387097 0.653763 0.051613 0.077419
0 0.275269 0.578495 0.040860 0.073118
0 0.292473 0.573118 0.040860 0.075269
0 0.310753 0.565591 0.040860 0.073118
0 0.327957 0.559140 0.043011 0.073118
0 0.345161 0.552688 0.043011 0.075269
0 0.212903 0.820430 0.021505 0.038710