0 0.036559 0.022043 0.045161 0.039785
0 0.101075 0.069892 0.040860 0.045161
0 0.080645 0.070968 0.060215 0.064516
0 0.181720 0.091398 0.051613 0.043011
0 0.993548 0.475806 0.012903 0.018280
0 0.988172 0.489247 0.023656 0.021505
0 0.983871 0.497849 0.021505 0.021505
0 0.977419 0.505376 0.019355 0.019355
0 0.954839 0.451613 0.064516 0.051613
0 0.813978 0.410753 0.131183 0.094624
0 0.817204 0.375269 0.182796 0.122581
0 0.620430 0.251613 0.195699 0.135484
0 0.596774 0.275269 0.193548 0.137634
0 0.305376 0.191398 0.040860 0.036559
0 0.309677 0.213978 0.040860 0.034409
0 0.261290 0.239785 0.077419 0.066667
0 0.276344 0.278495 0.038710 0.060215
0 0.301075 0.323656 0.051613 0.032258
0 0.313978 0.340860 0.053763 0.040860
0 0.338710 0.353763 0.077419 0.051613
0 0.367742 0.392473 0.023656 0.023656
0 0.360215 0.372043 0.088172 0.060215
0 0.373118 0.458065 0.040860 0.045161
0 0.686022 0.836559 0.055914 0.062366
0 0.454839 0.555914 0.088172 0.107527
0 0.567742 0.640860 0.101075 0.124731
0 0.534409 0.661290 0.098925 0.122581