0 0.987634 0.736022 0.024731 0.033333
0 0.987634 0.669355 0.024731 0.024731
0 0.990323 0.635484 0.019355 0.023656
0 0.951075 0.875269 0.097849 0.019355
0 0.925806 0.749462 0.113978 0.098925
0 0.882796 0.250538 0.040860 0.073118
0 0.893548 0.180645 0.088172 0.169892
0 0.851613 0.182796 0.062366 0.135484
0 0.807527 0.193548 0.083871 0.182796
0 0.762366 0.235484 0.090323 0.180645
0 0.713978 0.259140 0.036559 0.068817
0 0.674194 0.258065 0.027957 0.064516
0 0.632258 0.236559 0.034409 0.053763
0 0.644086 0.146237 0.062366 0.137634
0 0.603226 0.120430 0.030108 0.070968
0 0.515054 0.147312 0.073118 0.167742
0 0.470968 0.212903 0.027957 0.075269
0 0.438710 0.229032 0.045161 0.068817
0 0.410753 0.220430 0.034409 0.051613
0 0.373118 0.079570 0.101075 0.027957
0 0.400000 0.144086 0.038710 0.098925
0 0.278495 0.188172 0.064516 0.227957
0 0.194624 0.104301 0.036559 0.090323
0 0.168817 0.145161 0.027957 0.073118
0 0.143011 0.127957 0.043011 0.103226
0 0.105376 0.135484 0.058065 0.105376
0 0.065591 0.183333 0.043011 0.065591
0 0.020968 0.165054 0.039785 0.093548