0 0.060753 0.983871 0.018280 0.032258
0 0.948925 0.964516 0.044086 0.070968
0 0.915054 0.977419 0.023656 0.045161
0 0.961828 0.896237 0.056989 0.078495
0 0.955376 0.833333 0.089247 0.141935
0 0.687097 0.941398 0.163441 0.091398
0 0.696774 0.810215 0.169892 0.110753
0 0.712903 0.750000 0.139785 0.087097
0 0.709140 0.673656 0.162366 0.102151
0 0.715591 0.621505 0.147312 0.094624
0 0.780108 0.500538 0.044086 0.089247
0 0.695161 0.488710 0.078495 0.050538
0 0.712903 0.467742 0.107527 0.066667
0 0.023118 0.676344 0.044086 0.137634
0 0.037097 0.490860 0.065591 0.218280
0 0.122581 0.425806 0.066667 0.197849
0 0.217204 0.393548 0.058065 0.167742
0 0.276344 0.449462 0.066667 0.156989
0 0.252688 0.708065 0.141935 0.044086
0 0.258602 0.954839 0.050538 0.090323
0 0.201613 0.943548 0.041935 0.112903
0 0.265591 0.752151 0.107527 0.035484
0 0.252688 0.708065 0.141935 0.044086
0 0.259140 0.670430 0.137634 0.039785
0 0.262366 0.633871 0.118280 0.035484