0 0.351075 0.544086 0.091398 0.236559
0 0.893011 0.653763 0.029032 0.068817
0 0.951613 0.813978 0.055914 0.184946
0 0.900000 0.850538 0.075269 0.279570
0 0.834946 0.804301 0.054839 0.204301
0 0.713441 0.761828 0.052688 0.108602
0 0.655376 0.775806 0.063441 0.166667
0 0.568280 0.827957 0.143011 0.277419
0 0.254839 0.768280 0.034409 0.196774
0 0.139785 0.666667 0.109677 0.027957
0 0.184409 0.561828 0.048387 0.110753
0 0.244086 0.573656 0.053763 0.145161
0 0.946237 0.625269 0.062366 0.149462
0 0.803763 0.626882 0.037634 0.096774
0 0.731183 0.602688 0.062366 0.155914
0 0.682258 0.623118 0.037634 0.100000
0 0.648387 0.606452 0.045161 0.109677
0 0.611290 0.600538 0.037634 0.112903
0 0.682258 0.454301 0.078495 0.059140
0 0.060215 0.446237 0.021505 0.045161
0 0.944086 0.436022 0.073118 0.112903
0 0.913978 0.443011 0.032258 0.060215
0 0.960753 0.355376 0.056989 0.078495
0 0.954839 0.293011 0.090323 0.143011
0 0.686559 0.400538 0.164516 0.093548
0 0.696237 0.268817 0.170968 0.111828
0 0.712366 0.209140 0.140860 0.087097
0 0.708065 0.132258 0.162366 0.103226
0 0.714516 0.079570 0.147312 0.094624
0 0.779032 0.046237 0.046237 0.090323
0 0.694086 0.027419 0.078495 0.052688
0 0.712366 0.034946 0.108602 0.067742
0 0.023118 0.134946 0.044086 0.138710
0 0.251075 0.166667 0.143011 0.045161
0 0.256989 0.433333 0.053763 0.131183
0 0.200000 0.420430 0.043011 0.150538
0 0.265054 0.211290 0.108602 0.037634
0 0.251075 0.166667 0.143011 0.045161
0 0.257527 0.129032 0.138710 0.040860
0 0.261828 0.093011 0.119355 0.035484