0 0.029570 0.873118 0.056989 0.025806
0 0.135484 0.902151 0.068817 0.075269
0 0.096774 0.883333 0.111828 0.022581
0 0.058602 0.773118 0.115054 0.043011
0 0.160753 0.820968 0.102151 0.056989
0 0.178495 0.805914 0.101075 0.069892
0 0.039785 0.718817 0.043011 0.013978
0 0.122043 0.752151 0.241935 0.069892
0 0.123118 0.672581 0.244086 0.035484
0 0.103763 0.638172 0.205376 0.033333
0 0.212366 0.530645 0.072043 0.033333
0 0.179032 0.480108 0.207527 0.102151
0 0.201075 0.395161 0.111828 0.037634
0 0.180645 0.368817 0.150538 0.040860
0 0.170968 0.089785 0.096774 0.016129
0 0.766129 0.043548 0.041935 0.026882
0 0.657527 0.066129 0.044086 0.020430
0 0.675806 0.054839 0.046237 0.023656
0 0.799462 0.274194 0.029032 0.081720