0 0.589247 0.934409 0.058065 0.075269
0 0.572043 0.927957 0.083871 0.113978
0 0.447312 0.377419 0.182796 0.234409
2 0.733333 0.525806 0.421505 0.576344
2 0.433333 0.855914 0.101075 0.135484
2 0.534409 0.915054 0.113978 0.165591
0 0.833333 0.770968 0.083871 0.118280
0 0.767742 0.525806 0.086022 0.120430
0 0.696774 0.525806 0.090323 0.124731
0 0.680645 0.508602 0.083871 0.126882
0 0.629032 0.726882 0.090323 0.116129
0 0.560215 0.721505 0.090323 0.124731
0 0.847312 0.296774 0.184946 0.236559