1 0.573118 0.162366 0.027957 0.030108
1 0.558065 0.147312 0.027957 0.030108
1 0.535484 0.129032 0.027957 0.030108
1 0.518280 0.116129 0.023656 0.025806
3 0.697849 0.446237 0.051613 0.058065
3 0.607527 0.546237 0.047312 0.058065
3 0.546237 0.620430 0.068817 0.070968
3 0.076344 0.440860 0.111828 0.094624
1 0.441935 0.112903 0.098925 0.105376
1 0.362366 0.203226 0.098925 0.107527
1 0.291398 0.282796 0.096774 0.103226
1 0.210753 0.369892 0.098925 0.107527
2 0.467742 0.344086 0.352688 0.397849
2 0.629032 0.479570 0.352688 0.397849
1 0.635484 0.398925 0.245161 0.262366