1 0.905914 0.593548 0.084946 0.073118
1 0.331720 0.926344 0.054839 0.078495
1 0.359677 0.933871 0.046237 0.065591
1 0.354301 0.875806 0.048387 0.063441
1 0.322043 0.858602 0.054839 0.078495
1 0.320968 0.812903 0.056989 0.066667
1 0.311290 0.602688 0.052688 0.013978
1 0.310215 0.736022 0.046237 0.069892
1 0.313441 0.693011 0.072043 0.074194
1 0.305914 0.651613 0.059140 0.064516
1 0.319892 0.620968 0.069892 0.029032
1 0.336022 0.590860 0.052688 0.035484
1 0.330645 0.558602 0.044086 0.044086
1 0.326882 0.541935 0.055914 0.017204
1 0.536022 0.070430 0.024731 0.018280
1 0.504839 0.128495 0.091398 0.121505
1 0.446774 0.282258 0.041935 0.037634
1 0.498387 0.286559 0.076344 0.078495
1 0.515591 0.305376 0.076344 0.077419
1 0.534946 0.330645 0.117204 0.117204