1 0.365591 0.988172 0.066667 0.021505
1 0.354301 0.974731 0.069892 0.044086
1 0.025269 0.968280 0.048387 0.044086
3 0.100000 0.921505 0.090323 0.073118
3 0.219892 0.852151 0.132258 0.102151
0 0.217204 0.612366 0.165591 0.127957
1 0.445699 0.550000 0.022581 0.022581
1 0.451613 0.559140 0.023656 0.023656
1 0.522581 0.607527 0.030108 0.034409
1 0.512366 0.612903 0.031183 0.036559
3 0.472581 0.787634 0.061290 0.035484
0 0.904301 0.489785 0.191398 0.164516
0 0.686022 0.618817 0.129032 0.117204
0 0.705914 0.644086 0.155914 0.144086
0 0.732258 0.666667 0.163441 0.150538