0 0.112903 0.503226 0.113978 0.090323
0 0.349462 0.250538 0.105376 0.086022
0 0.363441 0.236559 0.101075 0.081720
0 0.425806 0.202151 0.191398 0.144086
0 0.597849 0.405376 0.195699 0.146237
0 0.270968 0.472043 0.251613 0.191398
0 0.219355 0.492473 0.268817 0.204301
0 0.656989 0.370968 0.240860 0.180645
2 0.336559 0.629032 0.662366 0.473118
2 0.504301 0.302151 0.445161 0.331183
0 0.696774 0.102151 0.146237 0.105376
0 0.275269 0.043011 0.116129 0.083871
0 0.437634 0.755914 0.361290 0.290323
0 0.547312 0.723656 0.305376 0.232258