1 0.855376 0.217204 0.056989 0.021505
1 0.370968 0.031183 0.027957 0.047312
1 0.393011 0.027957 0.033333 0.045161
1 0.417204 0.029570 0.032258 0.044086
1 0.436559 0.026882 0.034409 0.047312
1 0.454301 0.023118 0.029032 0.041935
1 0.473656 0.081183 0.031183 0.050538
1 0.456989 0.086022 0.027957 0.043011
1 0.438172 0.089785 0.035484 0.050538
1 0.421505 0.100000 0.032258 0.049462
1 0.403763 0.102151 0.033333 0.047312
1 0.387634 0.111828 0.035484 0.045161
1 0.409140 0.206452 0.037634 0.053763
1 0.426882 0.193011 0.049462 0.052688
1 0.035484 0.346774 0.051613 0.050538
0 0.042473 0.541935 0.078495 0.208602
0 0.089785 0.811290 0.063441 0.179570
1 0.501613 0.505376 0.160215 0.447312