1 0.957527 0.973118 0.054839 0.034409
1 0.967742 0.952151 0.045161 0.024731
1 0.968280 0.929032 0.052688 0.032258
1 0.974731 0.904301 0.050538 0.034409
1 0.826882 0.986559 0.049462 0.026882
1 0.834409 0.961828 0.053763 0.022581
1 0.838172 0.930108 0.050538 0.027957
1 0.766129 0.987634 0.044086 0.018280
1 0.768280 0.965591 0.052688 0.023656
1 0.769892 0.951075 0.058065 0.024731
1 0.616129 0.980645 0.049462 0.030108
1 0.617204 0.960753 0.040860 0.018280
1 0.629570 0.948387 0.054839 0.023656
1 0.624731 0.932258 0.040860 0.019355
1 0.625269 0.910215 0.039785 0.029032
1 0.547849 0.986559 0.061290 0.022581
1 0.551075 0.970968 0.059140 0.019355
1 0.554301 0.955376 0.059140 0.022581
1 0.561290 0.939785 0.051613 0.019355
1 0.566667 0.924194 0.051613 0.018280
1 0.570430 0.904301 0.050538 0.032258
1 0.370968 0.983333 0.055914 0.026882
1 0.370968 0.966129 0.051613 0.026882
1 0.381720 0.930645 0.055914 0.020430
1 0.379570 0.946774 0.053763 0.020430
1 0.386022 0.915054 0.055914 0.025806
1 0.390860 0.898387 0.054839 0.026882
1 0.294086 0.992473 0.063441 0.015054
1 0.299462 0.973656 0.063441 0.024731
1 0.304839 0.957527 0.056989 0.024731
1 0.314516 0.939785 0.056989 0.023656
1 0.318817 0.923118 0.050538 0.020430
1 0.325806 0.904839 0.043011 0.018280
1 0.331720 0.875806 0.044086 0.022581
1 0.116667 0.983871 0.046237 0.019355
1 0.143548 0.952151 0.089247 0.029032
1 0.133871 0.933871 0.063441 0.022581
1 0.139785 0.905914 0.060215 0.020430
1 0.141398 0.886559 0.059140 0.031183
1 0.144624 0.866129 0.052688 0.022581
1 0.036559 0.989785 0.070968 0.020430
1 0.042473 0.955376 0.082796 0.031183
1 0.053763 0.935484 0.066667 0.027957
1 0.068817 0.898925 0.060215 0.021505
1 0.147849 0.850000 0.054839 0.020430
1 0.098925 0.861828 0.023656 0.026882
1 0.076882 0.877957 0.048387 0.020430