1 0.540860 0.983333 0.019355 0.033333
1 0.117742 0.970968 0.046237 0.058065
1 0.077419 0.966667 0.058065 0.066667
1 0.037634 0.913978 0.073118 0.172043
1 0.106452 0.817204 0.066667 0.187097
1 0.072043 0.756989 0.025806 0.075269
3 0.052688 0.619355 0.027957 0.111828
1 0.102151 0.615054 0.075269 0.148387
1 0.066667 0.493548 0.012903 0.015054
1 0.732258 0.705376 0.141935 0.043011
1 0.053763 0.494624 0.019355 0.030108
1 0.083333 0.469355 0.011828 0.026882
1 0.102151 0.507527 0.073118 0.053763
1 0.010215 0.333333 0.018280 0.062366
1 0.738172 0.953763 0.046237 0.092473
1 0.680645 0.943011 0.049462 0.113978
1 0.745161 0.750538 0.105376 0.034409
1 0.732258 0.705376 0.139785 0.040860
1 0.738710 0.668817 0.135484 0.038710
1 0.741935 0.632258 0.116129 0.032258
1 0.753763 0.450538 0.060215 0.156989
1 0.817742 0.393011 0.016129 0.035484
1 0.360215 0.611828 0.023656 0.047312
1 0.362366 0.568280 0.017204 0.039785
1 0.864516 0.407527 0.051613 0.133333
1 0.643011 0.354839 0.032258 0.051613
1 0.695699 0.392473 0.058065 0.167742
1 0.753763 0.449462 0.058065 0.156989
1 0.601075 0.426882 0.058065 0.193548
1 0.517204 0.492473 0.070968 0.221505
1 0.501075 0.676344 0.047312 0.137634
1 0.418280 0.854839 0.032258 0.055914
1 0.330108 0.875269 0.032258 0.077419
1 0.337634 0.790323 0.038710 0.081720
1 0.425806 0.765591 0.036559 0.103226
1 0.348387 0.696774 0.036559 0.098925
1 0.412903 0.487097 0.025806 0.062366
1 0.381720 0.379570 0.030108 0.079570
1 0.420430 0.415054 0.030108 0.075269
1 0.368817 0.475269 0.047312 0.105376