0 0.750538 0.802151 0.363441 0.232258
1 0.598925 0.484946 0.019355 0.021505
1 0.406452 0.530108 0.058065 0.038710
1 0.455914 0.438710 0.021505 0.012903
1 0.433333 0.445161 0.040860 0.025806
1 0.450538 0.478495 0.055914 0.021505
1 0.458065 0.427957 0.043011 0.021505
1 0.466667 0.405376 0.060215 0.036559
1 0.460215 0.373118 0.060215 0.030108
1 0.472043 0.336559 0.064516 0.032258
1 0.483871 0.316129 0.064516 0.032258
1 0.475269 0.451613 0.023656 0.019355
1 0.616129 0.490323 0.023656 0.012903
1 0.666667 0.430108 0.023656 0.025806
1 0.532258 0.378495 0.021505 0.021505
1 0.558065 0.424731 0.025806 0.017204
1 0.520430 0.378495 0.015054 0.021505
1 0.415054 0.432258 0.023656 0.021505
1 0.400000 0.418280 0.023656 0.017204
1 0.419355 0.340860 0.019355 0.019355
1 0.421505 0.360215 0.023656 0.019355
1 0.438710 0.311828 0.025806 0.021505
1 0.445161 0.276344 0.021505 0.019355
1 0.482796 0.291398 0.086022 0.038710
1 0.512903 0.263441 0.025806 0.017204
1 0.474194 0.263441 0.062366 0.027957
1 0.484946 0.249462 0.049462 0.023656
1 0.501075 0.234409 0.086022 0.051613
1 0.513978 0.210753 0.092473 0.053763
1 0.517204 0.186022 0.094624 0.053763
1 0.529032 0.165591 0.058065 0.036559
1 0.530645 0.029032 0.020430 0.008602
1 0.576344 0.030108 0.060215 0.038710
1 0.601613 0.009677 0.050538 0.017204