1 0.074194 0.723656 0.049462 0.182796
1 0.025806 0.750000 0.049462 0.284946
1 0.448387 0.769892 0.116129 0.264516
1 0.375269 0.761290 0.098925 0.243011
1 0.067742 0.529032 0.058065 0.150538
1 0.220430 0.579570 0.094624 0.268817
1 0.325806 0.544086 0.047312 0.144086
1 0.395699 0.530108 0.051613 0.105376
1 0.452688 0.549462 0.086022 0.191398
1 0.531183 0.547312 0.083871 0.169892
1 0.592473 0.578495 0.083871 0.167742
1 0.581720 0.750538 0.047312 0.083871
1 0.548387 0.846237 0.060215 0.105376
1 0.632258 0.856989 0.070968 0.120430
1 0.676344 0.694624 0.058065 0.101075
1 0.698925 0.596774 0.040860 0.070968
1 0.743011 0.538710 0.027957 0.055914
3 0.015054 0.562366 0.027957 0.068817
3 0.019355 0.493548 0.025806 0.051613
1 0.282258 0.067204 0.108602 0.132258
1 0.731183 0.475269 0.043011 0.079570
1 0.798925 0.404301 0.015054 0.025806
1 0.781720 0.405376 0.021505 0.043011
1 0.764516 0.406452 0.025806 0.049462
1 0.746237 0.406452 0.027957 0.049462
1 0.783871 0.374194 0.073118 0.023656
1 0.787097 0.356989 0.073118 0.023656
1 0.798925 0.330108 0.075269 0.023656
1 0.804301 0.308602 0.070968 0.021505
1 0.836559 0.202151 0.034409 0.062366
1 0.812903 0.202151 0.027957 0.058065
1 0.122581 0.444086 0.010753 0.015054
1 0.426882 0.215054 0.053763 0.079570
1 0.361290 0.252688 0.062366 0.146237
1 0.407527 0.138710 0.133333 0.055914
1 0.600000 0.438710 0.137634 0.036559
1 0.566667 0.390323 0.262366 0.062366
1 0.596774 0.340860 0.200000 0.049462
1 0.622581 0.295699 0.141935 0.036559
1 0.634409 0.240860 0.180645 0.038710
1 0.673118 0.177419 0.122581 0.034409
1 0.691398 0.151613 0.109677 0.030108
1 0.688172 0.122581 0.139785 0.038710
1 0.705376 0.062366 0.122581 0.032258
1 0.707527 0.031183 0.156989 0.034409
1 0.286022 0.424731 0.032258 0.062366
1 0.291398 0.370968 0.021505 0.045161
3 0.265054 0.373656 0.033333 0.097849
1 0.234946 0.366129 0.022581 0.054839
1 0.205376 0.363441 0.034409 0.118280
3 0.066667 0.336559 0.068817 0.101075
1 0.082796 0.259140 0.060215 0.081720
1 0.077419 0.197849 0.109677 0.159140
1 0.252688 0.288172 0.118280 0.131183
1 0.264516 0.200000 0.103226 0.058065
1 0.268817 0.165591 0.120430 0.064516
1 0.374194 0.023656 0.023656 0.043011
1 0.035484 0.345161 0.034409 0.066667
1 0.067742 0.030108 0.030108 0.055914
1 0.109677 0.022581 0.023656 0.040860