1 0.451075 0.996237 0.011828 0.007527
1 0.439785 0.989785 0.012903 0.020430
1 0.462366 0.974194 0.027957 0.025806
1 0.455914 0.905376 0.027957 0.075269
0 0.436559 0.902151 0.027957 0.086022
1 0.419355 0.898925 0.021505 0.068817
3 0.405376 0.892473 0.017204 0.060215
0 0.469892 0.797849 0.032258 0.079570
1 0.447312 0.795699 0.032258 0.077419
1 0.427957 0.772043 0.038710 0.120430
1 0.570968 0.775269 0.038710 0.027957
1 0.582796 0.762366 0.043011 0.027957
1 0.586022 0.677419 0.021505 0.012903
1 0.573118 0.683871 0.019355 0.012903
1 0.747312 0.502151 0.012903 0.027957
1 0.581720 0.537634 0.049462 0.030108
3 0.633333 0.183871 0.081720 0.019355
1 0.489247 0.417204 0.034409 0.144086
1 0.522581 0.308602 0.077419 0.174194
1 0.476882 0.014516 0.052688 0.026882
1 0.478495 0.134409 0.045161 0.210753
1 0.436559 0.147312 0.040860 0.189247