1 0.060215 0.252151 0.075269 0.026882
1 0.073118 0.209140 0.075269 0.031183
1 0.076882 0.189247 0.074194 0.030108
1 0.109677 0.013978 0.081720 0.025806
1 0.105376 0.050000 0.081720 0.031183
1 0.105376 0.090860 0.066667 0.024731
1 0.182258 0.126344 0.074194 0.024731
1 0.159677 0.173118 0.061290 0.015054
1 0.163978 0.192473 0.078495 0.027957
1 0.159140 0.209140 0.075269 0.026882
1 0.149462 0.225806 0.062366 0.025806
1 0.147312 0.244624 0.064516 0.029032
1 0.396774 0.260215 0.066667 0.023656
1 0.402688 0.243548 0.069892 0.026882
1 0.403226 0.225269 0.062366 0.024731
1 0.410215 0.208065 0.067742 0.026882
1 0.405376 0.190323 0.053763 0.021505
1 0.417742 0.161828 0.061290 0.024731
1 0.422581 0.143011 0.060215 0.025806
1 0.431720 0.108065 0.065591 0.024731
1 0.432258 0.090323 0.058065 0.023656
1 0.443011 0.022581 0.049462 0.021505
1 0.376882 0.013978 0.056989 0.025806
1 0.366129 0.047849 0.065591 0.024731
1 0.363978 0.079032 0.054839 0.024731
1 0.352151 0.094624 0.069892 0.030108
1 0.349462 0.112366 0.068817 0.029032
1 0.347849 0.131183 0.063441 0.030108
1 0.334409 0.166129 0.075269 0.031183
1 0.330645 0.200538 0.065591 0.029032
1 0.329570 0.227419 0.052688 0.026882
1 0.317204 0.248925 0.068817 0.031183
1 0.377419 0.315054 0.068817 0.027957
1 0.300538 0.304839 0.069892 0.026882
1 0.986559 0.187634 0.026882 0.022581
1 0.984409 0.209140 0.031183 0.026882
1 0.979032 0.239785 0.041935 0.034409
1 0.973118 0.264516 0.051613 0.040860
1 0.971505 0.284946 0.050538 0.043011
1 0.962903 0.307527 0.056989 0.047312
1 0.959677 0.343548 0.048387 0.035484
1 0.953226 0.363978 0.052688 0.041935
1 0.961290 0.382258 0.066667 0.050538
1 0.826344 0.351075 0.050538 0.033333
1 0.769355 0.341398 0.046237 0.035484
1 0.619892 0.329032 0.056989 0.023656
1 0.620430 0.329032 0.055914 0.023656
1 0.613978 0.345699 0.055914 0.022581
1 0.631183 0.303763 0.055914 0.031183
1 0.640860 0.262903 0.064516 0.041935
1 0.653226 0.210753 0.056989 0.030108
1 0.660215 0.182796 0.060215 0.025806
1 0.666129 0.154301 0.059140 0.024731
1 0.670430 0.128495 0.054839 0.020430
1 0.672581 0.111290 0.052688 0.018280
1 0.675806 0.098387 0.052688 0.016129
1 0.676882 0.086022 0.050538 0.019355
1 0.679570 0.070968 0.049462 0.019355
1 0.685484 0.056452 0.052688 0.022581
1 0.685484 0.039785 0.046237 0.021505
1 0.688710 0.016667 0.046237 0.020430
1 0.625269 0.012366 0.056989 0.020430
1 0.627957 0.027419 0.047312 0.018280
1 0.620968 0.043011 0.054839 0.023656
1 0.612366 0.060753 0.061290 0.024731
1 0.608602 0.078495 0.058065 0.023656
1 0.604301 0.097849 0.055914 0.023656
1 0.602688 0.115591 0.054839 0.022581
1 0.595699 0.138172 0.055914 0.033333
1 0.593548 0.161290 0.053763 0.021505
1 0.586559 0.179032 0.059140 0.022581
1 0.578495 0.188172 0.070968 0.047312
1 0.574194 0.225269 0.062366 0.037634
1 0.568280 0.256452 0.059140 0.035484
1 0.560753 0.280108 0.061290 0.022581
1 0.559140 0.311828 0.051613 0.034409
1 0.852151 0.211290 0.041935 0.020430
1 0.851613 0.232258 0.047312 0.021505
1 0.837097 0.310753 0.054839 0.023656
1 0.840860 0.290860 0.051613 0.022581
1 0.851613 0.255914 0.049462 0.021505
1 0.873118 0.141935 0.043011 0.021505
1 0.875806 0.155914 0.056989 0.023656
1 0.870968 0.191935 0.064516 0.029032
1 0.881720 0.118817 0.051613 0.016129
1 0.889785 0.102151 0.056989 0.021505
1 0.886559 0.084946 0.048387 0.023656
1 0.893011 0.063441 0.048387 0.025806
1 0.897849 0.041935 0.049462 0.027957
1 0.906452 0.017204 0.053763 0.025806
1 0.842473 0.008065 0.059140 0.013978
1 0.839785 0.022043 0.053763 0.020430
1 0.837097 0.044086 0.046237 0.021505
1 0.833333 0.066129 0.045161 0.020430
1 0.830645 0.089785 0.039785 0.018280
1 0.823656 0.110753 0.043011 0.021505
1 0.808065 0.155914 0.052688 0.025806
1 0.800000 0.187634 0.055914 0.029032
1 0.795699 0.210753 0.053763 0.027957
1 0.795161 0.234946 0.044086 0.026882
1 0.793011 0.255914 0.037634 0.019355
1 0.777957 0.269355 0.050538 0.026882
1 0.774194 0.290860 0.058065 0.026882
1 0.781183 0.313978 0.035484 0.017204
1 0.829032 0.331720 0.045161 0.022581
1 0.772043 0.365054 0.047312 0.024731
1 0.386022 0.273118 0.051613 0.023656
1 0.383871 0.296237 0.055914 0.026882
1 0.433333 0.072581 0.051613 0.026882
1 0.443548 0.056989 0.065591 0.030108
1 0.443548 0.038710 0.052688 0.025806
1 0.370968 0.029570 0.064516 0.026882
1 0.343548 0.183871 0.048387 0.023656
1 0.314516 0.285484 0.059140 0.024731
1 0.127419 0.263978 0.035484 0.020430
1 0.098387 0.237097 0.016129 0.022581
1 0.174194 0.145161 0.075269 0.030108
1 0.125806 0.117204 0.010753 0.019355
1 0.161828 0.061828 0.013978 0.024731
1 0.189247 0.038710 0.045161 0.019355