1 0.839785 0.484946 0.021505 0.023656
1 0.647849 0.530645 0.059140 0.039785
1 0.697312 0.439247 0.022581 0.013978
1 0.674194 0.445161 0.043011 0.027957
1 0.691935 0.479032 0.056989 0.022581
1 0.698925 0.428495 0.045161 0.022581
1 0.708065 0.405914 0.061290 0.037634
1 0.701613 0.373656 0.061290 0.031183
1 0.713441 0.337097 0.065591 0.033333
1 0.725269 0.316667 0.065591 0.033333
1 0.716667 0.452151 0.024731 0.020430
1 0.856989 0.490860 0.023656 0.013978
1 0.907527 0.430645 0.025806 0.026882
1 0.773118 0.379032 0.023656 0.022581
1 0.799462 0.425269 0.026882 0.018280
1 0.761290 0.379032 0.017204 0.022581
1 0.656452 0.432796 0.024731 0.022581
1 0.641398 0.418817 0.024731 0.018280
1 0.660753 0.341398 0.020430 0.022581
1 0.662903 0.360753 0.024731 0.022581
1 0.680108 0.312366 0.026882 0.022581
1 0.686559 0.276882 0.022581 0.022581
1 0.723656 0.291935 0.088172 0.039785
1 0.754301 0.263978 0.026882 0.018280
1 0.715591 0.263978 0.063441 0.029032
1 0.725806 0.250000 0.051613 0.024731
1 0.741935 0.234946 0.088172 0.052688
1 0.754839 0.211290 0.094624 0.054839
1 0.758065 0.186559 0.096774 0.054839
1 0.770430 0.165591 0.059140 0.038710
1 0.771505 0.029032 0.020430 0.008602
1 0.817742 0.030645 0.061290 0.039785
1 0.842473 0.010753 0.050538 0.017204
0 0.910753 0.774194 0.178495 0.146237