1 0.984946 0.274194 0.030108 0.079570
1 0.993548 0.409677 0.012903 0.034409
1 0.988710 0.398387 0.022581 0.044086
1 0.991935 0.579032 0.016129 0.048387
1 0.980108 0.562366 0.039785 0.090323
1 0.592473 0.940323 0.058065 0.119355
1 0.558065 0.938710 0.058065 0.120430
1 0.980645 0.393548 0.027957 0.047312
1 0.610753 0.780645 0.081720 0.180645
1 0.970968 0.388172 0.030108 0.047312
1 0.961290 0.384946 0.032258 0.051613
1 0.951613 0.379570 0.032258 0.051613
1 0.940860 0.373118 0.032258 0.051613
1 0.969892 0.549462 0.049462 0.075269
1 0.953763 0.535484 0.064516 0.107527
1 0.934409 0.526882 0.053763 0.081720
1 0.913978 0.517204 0.073118 0.124731
1 0.900000 0.484946 0.107527 0.187097
1 0.575269 0.566667 0.118280 0.077419
1 0.538710 0.517204 0.133333 0.096774
1 0.488172 0.452688 0.129032 0.098925
1 0.407527 0.381720 0.148387 0.086022
1 0.518280 0.361290 0.167742 0.086022