1 0.330108 0.989247 0.019355 0.021505
1 0.312903 0.993011 0.012903 0.013978
1 0.301075 0.995699 0.010753 0.008602
1 0.284409 0.993011 0.018280 0.013978
1 0.269355 0.989247 0.018280 0.021505
1 0.252151 0.985484 0.022581 0.029032
1 0.237634 0.977957 0.027957 0.044086
1 0.220968 0.980645 0.024731 0.038710
1 0.208602 0.977957 0.023656 0.037634
1 0.155914 0.961828 0.034409 0.048387
1 0.170968 0.967742 0.030108 0.040860
1 0.183871 0.973118 0.027957 0.040860
1 0.138172 0.961290 0.029032 0.038710
1 0.123118 0.961828 0.024731 0.033333
1 0.111290 0.958065 0.024731 0.034409
1 0.088172 0.947849 0.032258 0.041935
1 0.054839 0.938172 0.036559 0.050538
1 0.101075 0.955376 0.023656 0.033333
1 0.036559 0.938172 0.030108 0.039785
1 0.011290 0.937097 0.020430 0.029032
1 0.040323 0.800000 0.011828 0.017204
1 0.056452 0.802151 0.009677 0.017204
1 0.066667 0.803763 0.008602 0.018280
1 0.075806 0.806452 0.009677 0.019355
1 0.089785 0.811290 0.011828 0.024731
1 0.097849 0.813441 0.008602 0.018280
1 0.108065 0.815591 0.011828 0.020430
1 0.119355 0.816129 0.012903 0.019355
1 0.126344 0.818817 0.013978 0.020430
1 0.211828 0.833333 0.015054 0.019355
1 0.198925 0.834409 0.012903 0.017204
1 0.188710 0.832258 0.013978 0.021505
1 0.167742 0.827957 0.012903 0.021505
1 0.142473 0.823118 0.013978 0.020430
1 0.226344 0.818280 0.022581 0.010753
1 0.189785 0.801075 0.016129 0.019355
1 0.182258 0.796237 0.018280 0.022581
1 0.152151 0.789785 0.013978 0.022581
1 0.139785 0.787097 0.015054 0.025806
1 0.129570 0.790323 0.009677 0.017204
1 0.120430 0.785484 0.010753 0.018280
1 0.108602 0.781720 0.017204 0.021505
1 0.097849 0.776344 0.017204 0.025806
1 0.087097 0.778495 0.017204 0.021505
1 0.075806 0.775806 0.016129 0.020430
1 0.061290 0.773118 0.017204 0.021505
1 0.039247 0.770430 0.011828 0.018280
1 0.050000 0.769355 0.016129 0.020430
1 0.032258 0.767204 0.012903 0.020430
1 0.919892 0.969355 0.041935 0.013978
1 0.913978 0.953763 0.062366 0.025806
1 0.931183 0.934409 0.049462 0.027957
1 0.937634 0.908602 0.055914 0.027957
1 0.945161 0.882258 0.040860 0.026882
1 0.986022 0.881720 0.017204 0.025806
1 0.976344 0.877957 0.015054 0.024731
1 0.984409 0.829570 0.031183 0.063441
1 0.966129 0.818280 0.026882 0.036559
1 0.858602 0.744086 0.020430 0.010753
1 0.893011 0.747312 0.020430 0.010753
1 0.908065 0.768817 0.029032 0.038710
1 0.873656 0.805376 0.029032 0.040860
1 0.853763 0.804301 0.030108 0.047312
1 0.832796 0.800000 0.033333 0.045161
1 0.776344 0.809677 0.034409 0.070968
1 0.738172 0.797312 0.031183 0.069892
1 0.679032 0.775806 0.018280 0.035484
1 0.654839 0.786022 0.036559 0.068817
1 0.634946 0.773656 0.024731 0.050538
1 0.619355 0.764516 0.019355 0.036559
1 0.600000 0.770968 0.027957 0.053763
1 0.579570 0.768817 0.030108 0.053763
1 0.560215 0.761828 0.030108 0.048387
1 0.541398 0.759677 0.022581 0.048387
1 0.522043 0.759140 0.031183 0.053763
1 0.500538 0.754301 0.029032 0.050538
1 0.481183 0.747312 0.024731 0.043011
1 0.432796 0.737634 0.026882 0.040860
1 0.404839 0.727419 0.013978 0.022581
1 0.391398 0.727957 0.021505 0.034409
1 0.328495 0.721505 0.022581 0.038710
1 0.345161 0.723656 0.023656 0.036559
1 0.311290 0.718817 0.024731 0.039785
1 0.287097 0.719355 0.034409 0.053763
1 0.236022 0.704301 0.018280 0.030108
1 0.222043 0.705914 0.018280 0.033333
1 0.198925 0.693548 0.012903 0.019355
1 0.187634 0.694624 0.013978 0.025806
1 0.174731 0.693548 0.018280 0.027957
1 0.155914 0.692473 0.019355 0.030108
1 0.139785 0.693548 0.021505 0.036559
1 0.124731 0.688172 0.019355 0.030108
1 0.110215 0.686022 0.018280 0.030108
1 0.082258 0.680645 0.016129 0.027957
1 0.072581 0.671505 0.011828 0.018280
1 0.065054 0.670968 0.007527 0.012903
1 0.038172 0.676344 0.020430 0.015054
1 0.038710 0.684409 0.030108 0.013978
1 0.037097 0.692473 0.029032 0.015054
1 0.034409 0.699462 0.027957 0.013978
1 0.030108 0.706452 0.025806 0.012903
1 0.026882 0.722581 0.030108 0.017204
1 0.020968 0.734409 0.026882 0.012903
1 0.018280 0.743011 0.025806 0.015054
1 0.018280 0.743011 0.025806 0.012903