0 0.404301 0.915054 0.416129 0.898925 0.316129 0.824731 0.304301 0.840860
0 0.413978 0.896774 0.424731 0.881720 0.325806 0.808602 0.315054 0.823656
0 0.118280 0.506452 0.131183 0.488172 0.017204 0.405376 0.004301 0.423656
0 0.140860 0.444086 0.152688 0.429032 0.059140 0.360215 0.047312 0.375269
0 0.153763 0.430108 0.166667 0.413978 0.074194 0.346237 0.061290 0.362366
0 0.395699 0.180645 0.407527 0.165591 0.307527 0.092473 0.295699 0.107527
0 0.288172 0.266667 0.311828 0.235484 0.094624 0.073118 0.070968 0.104301
0 0.353763 0.249462 0.381720 0.209677 0.138710 0.040860 0.110753 0.080645
0 0.147312 0.566667 0.144086 0.570968 0.248387 0.637634 0.251613 0.633333
0 0.087097 0.835484 0.083871 0.839785 0.188172 0.906452 0.191398 0.902151
0 0.493548 0.131183 0.463441 0.174194 0.766667 0.387097 0.796774 0.344086