0 0.894624 0.792473 0.907527 0.775269 0.810753 0.702151 0.797849 0.719355
0 0.505376 0.226882 0.521505 0.204301 0.303226 0.050538 0.287097 0.073118
0 0.616129 0.390323 0.633333 0.366667 0.467742 0.246237 0.450538 0.269892
0 0.394624 0.231183 0.411828 0.208602 0.235484 0.080645 0.218280 0.103226
0 0.364516 0.936559 0.393548 0.897849 0.278495 0.811828 0.249462 0.850538
0 0.325806 0.568817 0.352688 0.527957 0.132258 0.381720 0.105376 0.422581
2 0.696774 0.366667 0.261290 0.055914 0.240860 0.084946 0.676344 0.395699
2 0.750538 0.770968 0.195699 0.377419 0.172043 0.409677 0.726882 0.803226
0 0.239785 0.387097 0.231183 0.397849 0.336559 0.477419 0.345161 0.466667
0 0.407527 0.507527 0.401075 0.516129 0.502151 0.591398 0.508602 0.582796
0 0.638710 0.437634 0.632258 0.447312 0.748387 0.525806 0.754839 0.516129
0 0.588172 0.635484 0.581720 0.644086 0.691398 0.723656 0.697849 0.715054
0 0.578495 0.711828 0.573118 0.721505 0.690323 0.793548 0.695699 0.783871
0 0.549462 0.724731 0.541935 0.737634 0.676344 0.812903 0.683871 0.800000
0 0.540860 0.753763 0.536559 0.763441 0.663441 0.826882 0.667742 0.817204