3 0.809677 0.587097 0.806452 0.604301 0.813978 0.606452 0.817204 0.589247
3 0.817204 0.588172 0.813978 0.604301 0.821505 0.605376 0.824731 0.589247
3 0.804301 0.604301 0.800000 0.621505 0.808602 0.623656 0.812903 0.606452
3 0.803226 0.623656 0.795699 0.643011 0.805376 0.647312 0.812903 0.627957
3 0.725806 0.704301 0.758065 0.716129 0.760215 0.708602 0.727957 0.696774
3 0.724731 0.694624 0.758065 0.707527 0.761290 0.698925 0.727957 0.686022
3 0.729032 0.687097 0.762366 0.700000 0.765591 0.691398 0.732258 0.678495
3 0.732258 0.678495 0.765591 0.691398 0.768817 0.684946 0.735484 0.672043
3 0.736559 0.672043 0.768817 0.684946 0.773118 0.676344 0.740860 0.663441
3 0.739785 0.663441 0.772043 0.675269 0.774194 0.667742 0.741935 0.655914
3 0.746237 0.649462 0.772043 0.668817 0.778495 0.660215 0.752688 0.640860
3 0.739785 0.609677 0.784946 0.630108 0.789247 0.618280 0.744086 0.597849
3 0.756989 0.603226 0.788172 0.617204 0.793548 0.607527 0.762366 0.593548
3 0.758065 0.592473 0.792473 0.608602 0.796774 0.601075 0.762366 0.584946
3 0.762366 0.584946 0.794624 0.600000 0.798925 0.591398 0.766667 0.576344
3 0.763441 0.574194 0.795699 0.590323 0.800000 0.580645 0.767742 0.564516
3 0.791398 0.756989 0.813978 0.755914 0.810753 0.690323 0.788172 0.691398
3 0.775269 0.810753 0.796774 0.818280 0.816129 0.756989 0.794624 0.749462
3 0.755914 0.872043 0.776344 0.878495 0.794624 0.818280 0.774194 0.811828
1 0.098925 0.437634 0.113978 0.420430 0.075269 0.386022 0.060215 0.403226
1 0.105376 0.016129 0.135484 0.032258 0.141935 0.020430 0.111828 0.004301
3 0.678495 0.851613 0.692473 0.836559 0.644086 0.789247 0.630108 0.804301
3 0.727957 0.896774 0.741935 0.881720 0.695699 0.836559 0.681720 0.851613
0 0.490323 0.596774 0.261290 0.367742 0.227957 0.401075 0.456989 0.630108
2 0.761290 0.467742 0.520430 0.279570 0.494624 0.312903 0.735484 0.501075