1 0.853763 0.297849 0.866667 0.302151 0.868817 0.293548 0.855914 0.289247
0 0.715054 0.778495 0.774194 0.780645 0.779570 0.537634 0.720430 0.535484
2 0.104301 0.781720 0.124731 0.781720 0.134409 0.493548 0.113978 0.493548
2 0.235484 0.792473 0.259140 0.792473 0.269892 0.321505 0.246237 0.321505
2 0.359140 0.800000 0.378495 0.801075 0.395699 0.331183 0.376344 0.330108
2 0.487097 0.802151 0.509677 0.803226 0.527957 0.337634 0.505376 0.336559
2 0.617204 0.810753 0.637634 0.810753 0.649462 0.384946 0.629032 0.384946
2 0.767742 0.815054 0.789247 0.816129 0.804301 0.395699 0.782796 0.394624
2 0.921505 0.835484 0.939785 0.835484 0.955914 0.403226 0.937634 0.403226
0 0.251613 0.791398 0.307527 0.793548 0.324731 0.367742 0.268817 0.365591
0 0.433333 0.791398 0.490323 0.794624 0.512903 0.356989 0.455914 0.353763
1 0.509677 0.782796 0.558065 0.784946 0.572043 0.421505 0.523656 0.419355