3 0.444086 0.355914 0.452688 0.355914 0.452688 0.370968 0.444086 0.370968
3 0.435484 0.356989 0.444086 0.356989 0.444086 0.375269 0.435484 0.375269
3 0.243011 0.907527 0.461290 0.907527 0.461290 0.933333 0.243011 0.933333
3 0.129032 0.295699 0.209677 0.295699 0.209677 0.652688 0.129032 0.652688
2 0.605376 0.289247 0.605376 0.767742 0.679570 0.767742 0.679570 0.289247
0 0.580645 0.335484 0.580645 0.496774 0.596774 0.496774 0.596774 0.335484
0 0.680645 0.297849 0.680645 0.468817 0.698925 0.468817 0.698925 0.297849
0 0.712903 0.294624 0.712903 0.465591 0.731183 0.465591 0.731183 0.294624
0 0.744086 0.306452 0.735484 0.475269 0.756989 0.476344 0.765591 0.307527
0 0.769892 0.298925 0.770968 0.474194 0.791398 0.474194 0.790323 0.298925
0 0.800000 0.298925 0.800000 0.474194 0.820430 0.474194 0.820430 0.298925
0 0.831183 0.291398 0.831183 0.464516 0.851613 0.464516 0.851613 0.291398
0 0.865591 0.306452 0.856989 0.477419 0.878495 0.478495 0.887097 0.307527
0 0.915054 0.462366 0.906452 0.295699 0.887097 0.296774 0.895699 0.463441
0 0.767742 0.702151 0.761290 0.537634 0.737634 0.538710 0.744086 0.703226
0 0.772043 0.541935 0.772043 0.712903 0.793548 0.712903 0.793548 0.541935
0 0.803226 0.532258 0.803226 0.703226 0.824731 0.703226 0.824731 0.532258
0 0.837634 0.537634 0.830108 0.672043 0.850538 0.673118 0.858065 0.538710
0 0.861290 0.535484 0.861290 0.678495 0.882796 0.678495 0.882796 0.535484