3 0.901075 0.958065 0.983871 0.941935 0.980645 0.923656 0.897849 0.939785
3 0.862366 0.967742 0.883871 0.960215 0.847312 0.855914 0.825806 0.863441
3 0.236559 0.996774 0.322581 0.976344 0.318280 0.955914 0.232258 0.976344
3 0.856989 0.130108 0.874194 0.113978 0.869892 0.108602 0.852688 0.124731
3 0.989247 0.164516 0.998925 0.150538 0.911828 0.089247 0.902151 0.103226
3 0.841935 0.159140 0.845161 0.155914 0.833333 0.146237 0.830108 0.149462
3 0.848387 0.150538 0.852688 0.148387 0.846237 0.137634 0.841935 0.139785
3 0.852688 0.148387 0.856989 0.146237 0.850538 0.135484 0.846237 0.137634
3 0.876344 0.194624 0.884946 0.183871 0.850538 0.158065 0.841935 0.168817
3 0.893548 0.179570 0.900000 0.170968 0.867742 0.145161 0.861290 0.153763
1 0.744086 0.264516 0.760215 0.247312 0.754839 0.243011 0.738710 0.260215
1 0.734409 0.265591 0.751613 0.246237 0.745161 0.239785 0.727957 0.259140
0 0.776344 0.243011 0.791398 0.256989 0.832258 0.210753 0.817204 0.196774
0 0.762366 0.231183 0.776344 0.244086 0.816129 0.198925 0.802151 0.186022
0 0.791398 0.255914 0.806452 0.269892 0.847312 0.223656 0.832258 0.209677
0 0.844086 0.340860 0.859140 0.354839 0.900000 0.308602 0.884946 0.294624
0 0.827957 0.329032 0.841935 0.341935 0.881720 0.296774 0.867742 0.283871
0 0.907527 0.377419 0.920430 0.390323 0.989247 0.323656 0.976344 0.310753
0 0.861290 0.351613 0.876344 0.364516 0.915054 0.319355 0.900000 0.306452
0 0.894624 0.366667 0.906452 0.379570 0.974194 0.312903 0.962366 0.300000
3 0.278495 0.198925 0.298925 0.179570 0.291398 0.170968 0.270968 0.190323
0 0.132258 0.373118 0.151613 0.391398 0.239785 0.295699 0.220430 0.277419
0 0.850538 0.584946 0.976344 0.615054 0.981720 0.593548 0.855914 0.563441
0 0.846237 0.603226 0.970968 0.633333 0.975269 0.613978 0.850538 0.583871
0 0.856989 0.564516 0.979570 0.594624 0.983871 0.575269 0.861290 0.545161
0 0.508602 0.534409 0.739785 0.580645 0.745161 0.553763 0.513978 0.507527
0 0.497849 0.533333 0.492473 0.563441 0.777419 0.621505 0.782796 0.591398
0 0.513978 0.478495 0.508602 0.504301 0.795699 0.562366 0.801075 0.536559
0 0.152688 0.410753 0.145161 0.447312 0.464516 0.505376 0.472043 0.468817
0 0.144086 0.447312 0.138710 0.481720 0.458065 0.539785 0.463441 0.505376