0 0.221505 0.715054 0.219355 0.774194 0.462366 0.779570 0.464516 0.720430
2 0.218280 0.104301 0.218280 0.124731 0.506452 0.134409 0.506452 0.113978
2 0.207527 0.237634 0.207527 0.261290 0.678495 0.269892 0.678495 0.246237
2 0.198925 0.359140 0.198925 0.378495 0.669892 0.395699 0.669892 0.376344
2 0.196774 0.487097 0.196774 0.509677 0.663441 0.527957 0.663441 0.505376
2 0.189247 0.617204 0.189247 0.637634 0.615054 0.649462 0.615054 0.629032
2 0.183871 0.767742 0.183871 0.789247 0.605376 0.804301 0.605376 0.782796
2 0.164516 0.921505 0.164516 0.939785 0.596774 0.955914 0.596774 0.937634
0 0.207527 0.253763 0.206452 0.309677 0.633333 0.324731 0.634409 0.268817
0 0.208602 0.433333 0.206452 0.491398 0.643011 0.512903 0.645161 0.454839
1 0.216129 0.509677 0.215054 0.558065 0.579570 0.572043 0.580645 0.523656