2 0.439785 0.009677 0.439785 0.969892 0.481720 0.969892 0.481720 0.009677
0 0.323656 0.163441 0.323656 0.505376 0.374194 0.505376 0.374194 0.163441
0 0.526882 0.089247 0.526882 0.425806 0.575269 0.425806 0.575269 0.089247
0 0.577419 0.116129 0.577419 0.453763 0.634409 0.453763 0.634409 0.116129
0 0.644086 0.086022 0.644086 0.437634 0.692473 0.437634 0.692473 0.086022
0 0.701075 0.105376 0.701075 0.443011 0.749462 0.441935 0.749462 0.105376
0 0.760215 0.093548 0.760215 0.434409 0.812903 0.434409 0.812903 0.093548
0 0.523656 0.518280 0.523656 0.854839 0.578495 0.854839 0.578495 0.518280
0 0.577419 0.541935 0.577419 0.876344 0.630108 0.876344 0.630108 0.541935
0 0.761290 0.530108 0.747312 0.889247 0.800000 0.891398 0.813978 0.532258
0 0.703226 0.537634 0.689247 0.886022 0.741935 0.888172 0.755914 0.539785
0 0.646237 0.555914 0.634409 0.848387 0.684946 0.850538 0.696774 0.558065