3 0.435484 0.619355 0.444086 0.626882 0.474194 0.595699 0.465591 0.588172
3 0.434409 0.643011 0.459140 0.663441 0.513978 0.595699 0.489247 0.575269
3 0.324731 0.537634 0.347312 0.555914 0.402151 0.488172 0.379570 0.469892
3 0.038710 0.394624 0.020430 0.419355 0.113978 0.487097 0.132258 0.462366
3 0.786022 0.573118 0.801075 0.588172 0.846237 0.540860 0.831183 0.525806
3 0.839785 0.513978 0.852688 0.526882 0.900000 0.477419 0.887097 0.464516
3 0.650538 0.492473 0.682796 0.521505 0.801075 0.387097 0.768817 0.358065
1 0.467742 0.059140 0.401075 0.136559 0.431183 0.162366 0.497849 0.084946
1 0.388172 0.144086 0.326882 0.221505 0.353763 0.243011 0.415054 0.165591
1 0.312903 0.231183 0.248387 0.307527 0.276344 0.330108 0.340860 0.253763
1 0.232258 0.316129 0.166667 0.395699 0.197849 0.421505 0.263441 0.341935
1 0.260215 0.339785 0.200000 0.423656 0.232258 0.447312 0.292473 0.363441
2 0.609677 0.154839 0.296774 0.530108 0.321505 0.550538 0.634409 0.175269
2 0.786022 0.282796 0.454839 0.658065 0.480645 0.680645 0.811828 0.305376
1 0.726882 0.259140 0.535484 0.477419 0.578495 0.515054 0.769892 0.296774