3 0.469892 0.883871 0.503226 0.883871 0.503226 0.894624 0.469892 0.894624
2 0.078495 0.272043 0.078495 0.875269 0.206452 0.875269 0.206452 0.272043
2 0.445161 0.264516 0.445161 0.744086 0.517204 0.743011 0.517204 0.264516
0 0.389247 0.362366 0.389247 0.434409 0.398925 0.434409 0.398925 0.362366
0 0.436559 0.469892 0.427957 0.311828 0.408602 0.312903 0.417204 0.470968
0 0.515054 0.272043 0.515054 0.445161 0.537634 0.445161 0.537634 0.272043
0 0.548387 0.265591 0.548387 0.436559 0.568817 0.436559 0.568817 0.265591
0 0.577419 0.281720 0.577419 0.452688 0.600000 0.452688 0.600000 0.281720
0 0.607527 0.269892 0.607527 0.447312 0.627957 0.447312 0.627957 0.269892
0 0.637634 0.277419 0.637634 0.446237 0.658065 0.446237 0.658065 0.277419
0 0.667742 0.266667 0.667742 0.435484 0.689247 0.435484 0.689247 0.266667
0 0.697849 0.277419 0.697849 0.448387 0.717204 0.448387 0.717204 0.277419
0 0.731183 0.269892 0.722581 0.434409 0.741935 0.435484 0.750538 0.270968
0 0.581720 0.518280 0.581720 0.680645 0.602151 0.680645 0.602151 0.518280
0 0.636559 0.687097 0.629032 0.518280 0.606452 0.519355 0.613978 0.688172
0 0.644086 0.508602 0.644086 0.679570 0.662366 0.679570 0.662366 0.508602
0 0.672043 0.521505 0.672043 0.668817 0.692473 0.668817 0.692473 0.521505
0 0.701075 0.508602 0.701075 0.675269 0.723656 0.675269 0.723656 0.508602