3 0.282796 0.760215 0.310753 0.779570 0.315054 0.773118 0.287097 0.753763
3 0.324731 0.774194 0.349462 0.791398 0.354839 0.784946 0.330108 0.767742
3 0.287097 0.752688 0.319355 0.775269 0.325806 0.765591 0.293548 0.743011
1 0.141935 0.725806 0.148387 0.727957 0.156989 0.708602 0.150538 0.706452
1 0.148387 0.726882 0.154839 0.730108 0.163441 0.711828 0.156989 0.708602
1 0.155914 0.729032 0.162366 0.731183 0.170968 0.711828 0.164516 0.709677
1 0.161290 0.730108 0.169892 0.733333 0.178495 0.715054 0.169892 0.711828
1 0.094624 0.748387 0.113978 0.756989 0.135484 0.705376 0.116129 0.696774
1 0.072043 0.743011 0.092473 0.751613 0.112903 0.697849 0.092473 0.689247
0 0.205376 0.678495 0.226882 0.631183 0.211828 0.624731 0.190323 0.672043
0 0.143011 0.686022 0.173118 0.619355 0.153763 0.610753 0.123656 0.677419
0 0.180645 0.701075 0.213978 0.618280 0.195699 0.610753 0.162366 0.693548
0 0.174194 0.335484 0.330108 0.104301 0.303226 0.086022 0.147312 0.317204
0 0.160215 0.301075 0.269892 0.130108 0.237634 0.109677 0.127957 0.280645
0 0.412903 0.097849 0.239785 0.368817 0.283871 0.396774 0.456989 0.125806
0 0.649462 0.311828 0.487097 0.552688 0.526882 0.578495 0.689247 0.337634
0 0.592473 0.763441 0.572043 0.793548 0.837634 0.969892 0.858065 0.939785
2 0.388172 0.090323 0.162366 0.403226 0.192473 0.425806 0.418280 0.112903
2 0.708602 0.302151 0.489247 0.621505 0.523656 0.644086 0.743011 0.324731
0 0.348387 0.141935 0.318280 0.121505 0.178495 0.326882 0.208602 0.347312
0 0.640860 0.331183 0.615054 0.312903 0.466667 0.526882 0.492473 0.545161