2 0.474194 0.297849 0.474194 0.789247 0.559140 0.789247 0.559140 0.297849
0 0.436559 0.489247 0.436559 0.408602 0.426882 0.408602 0.426882 0.489247
0 0.473118 0.517204 0.473118 0.350538 0.449462 0.350538 0.449462 0.517204
0 0.554839 0.319355 0.554839 0.490323 0.577419 0.490323 0.577419 0.319355
0 0.587097 0.309677 0.578495 0.482796 0.602151 0.483871 0.610753 0.310753
0 0.613978 0.327957 0.613978 0.496774 0.638710 0.496774 0.638710 0.327957
0 0.668817 0.480645 0.660215 0.309677 0.640860 0.310753 0.649462 0.481720
0 0.696774 0.493548 0.697849 0.326882 0.673118 0.326882 0.672043 0.493548
0 0.704301 0.312903 0.704301 0.483871 0.726882 0.483871 0.726882 0.312903
0 0.754839 0.495699 0.754839 0.324731 0.735484 0.324731 0.735484 0.495699
0 0.555914 0.532258 0.555914 0.701075 0.578495 0.701075 0.578495 0.532258
0 0.605376 0.711828 0.606452 0.543011 0.586022 0.543011 0.584946 0.711828
0 0.616129 0.549462 0.616129 0.696774 0.636559 0.696774 0.636559 0.549462
0 0.648387 0.544086 0.640860 0.708602 0.663441 0.709677 0.670968 0.545161
0 0.680645 0.538710 0.672043 0.707527 0.693548 0.708602 0.702151 0.539785