0 0.337634 0.261290 0.366667 0.251613 0.331183 0.140860 0.302151 0.150538
0 0.709677 0.669892 0.754839 0.653763 0.651613 0.368817 0.606452 0.384946
0 0.638710 0.693548 0.669892 0.681720 0.580645 0.433333 0.549462 0.445161
0 0.559140 0.729032 0.604301 0.712903 0.501075 0.427957 0.455914 0.444086
0 0.205376 0.689247 0.246237 0.675269 0.155914 0.416129 0.115054 0.430108
0 0.355914 0.630108 0.274194 0.402151 0.241935 0.412903 0.323656 0.640860
0 0.635484 0.690323 0.548387 0.452688 0.517204 0.464516 0.604301 0.702151
2 0.294624 0.689247 0.166667 0.327957 0.131183 0.340860 0.259140 0.702151
2 0.712903 0.688172 0.586022 0.336559 0.551613 0.348387 0.678495 0.700000
0 0.324731 0.655914 0.233333 0.389247 0.193548 0.402151 0.284946 0.668817
0 0.803226 0.651613 0.702151 0.384946 0.663441 0.400000 0.764516 0.666667
0 0.836559 0.645161 0.747312 0.376344 0.709677 0.389247 0.798925 0.658065