0 0.560215 0.962366 0.575269 0.972043 0.618280 0.906452 0.603226 0.896774
0 0.530108 0.975269 0.545161 0.984946 0.613978 0.880645 0.598925 0.870968
0 0.538710 0.282796 0.506452 0.260215 0.355914 0.472043 0.388172 0.494624
2 0.547312 0.813978 0.944086 0.254839 0.919355 0.237634 0.522581 0.796774
2 0.396774 0.923656 0.483871 0.797849 0.469892 0.788172 0.382796 0.913978
2 0.494624 0.997849 0.591398 0.843011 0.574194 0.832258 0.477419 0.987097
0 0.875269 0.716129 0.867742 0.711828 0.791398 0.825806 0.798925 0.830108
0 0.810753 0.472043 0.801075 0.465591 0.724731 0.579570 0.734409 0.586022
0 0.741935 0.468817 0.733333 0.463441 0.651613 0.582796 0.660215 0.588172
0 0.722581 0.449462 0.715054 0.445161 0.638710 0.567742 0.646237 0.572043
0 0.674194 0.674194 0.666667 0.668817 0.583871 0.779570 0.591398 0.784946
0 0.605376 0.665591 0.596774 0.659140 0.515054 0.777419 0.523656 0.783871
0 0.939785 0.201075 0.907527 0.178495 0.754839 0.392473 0.787097 0.415054