1 0.360215 0.778495 0.376344 0.773118 0.375269 0.769892 0.359140 0.775269
3 0.831183 0.502151 0.846237 0.496774 0.820430 0.420430 0.805376 0.425806
3 0.849462 0.506452 0.867742 0.500000 0.840860 0.422581 0.822581 0.429032
0 0.431183 0.465591 0.493548 0.495699 0.502151 0.478495 0.439785 0.448387
0 0.579570 0.686022 0.641935 0.656989 0.633333 0.638710 0.570968 0.667742
0 0.268817 0.778495 0.196774 0.502151 0.152688 0.513978 0.224731 0.790323
0 0.678495 0.660215 0.558065 0.392473 0.515054 0.410753 0.635484 0.678495
0 0.765591 0.666667 0.679570 0.390323 0.632258 0.404301 0.718280 0.680645
0 0.864516 0.616129 0.779570 0.340860 0.735484 0.353763 0.820430 0.629032
2 0.851613 0.739785 0.722581 0.317204 0.660215 0.335484 0.789247 0.758065
2 0.355914 0.838710 0.247312 0.479570 0.192473 0.496774 0.301075 0.855914
0 0.388172 0.764516 0.286022 0.463441 0.248387 0.476344 0.350538 0.777419