0 0.658065 0.677419 0.415054 0.632258 0.410753 0.655914 0.653763 0.701075
0 0.651613 0.700000 0.409677 0.654839 0.404301 0.682796 0.646237 0.727957
0 0.001075 0.522581 0.024731 0.546237 0.115054 0.451613 0.091398 0.427957
1 0.711828 0.288172 0.702151 0.278495 0.696774 0.283871 0.706452 0.293548
1 0.700000 0.302151 0.687097 0.291398 0.682796 0.295699 0.695699 0.306452
1 0.604301 0.421505 0.617204 0.406452 0.612903 0.402151 0.600000 0.417204
0 0.703226 0.749462 0.819355 0.777419 0.823656 0.758065 0.707527 0.730108
3 0.723656 0.344086 0.730108 0.335484 0.695699 0.309677 0.689247 0.318280
3 0.730108 0.259140 0.723656 0.253763 0.704301 0.274194 0.710753 0.279570
3 0.732258 0.334409 0.737634 0.326882 0.702151 0.302151 0.696774 0.309677
3 0.748387 0.324731 0.754839 0.317204 0.718280 0.290323 0.711828 0.297849
0 0.849462 0.319355 0.860215 0.305376 0.754839 0.224731 0.744086 0.238710
1 0.597849 0.419355 0.610753 0.403226 0.604301 0.397849 0.591398 0.413978
0 0.655914 0.330108 0.617204 0.369892 0.630108 0.381720 0.668817 0.341935
0 0.673118 0.337634 0.630108 0.381720 0.645161 0.395699 0.688172 0.351613
0 0.689247 0.348387 0.649462 0.394624 0.661290 0.404301 0.701075 0.358065
0 0.702151 0.362366 0.663441 0.407527 0.678495 0.420430 0.717204 0.375269
0 0.873118 0.486022 0.810753 0.553763 0.825806 0.567742 0.888172 0.500000
0 0.864516 0.598925 0.925806 0.532258 0.911828 0.519355 0.850538 0.586022
0 0.848387 0.584946 0.901075 0.529032 0.889247 0.518280 0.836559 0.574194
0 0.758065 0.521505 0.826882 0.455914 0.813978 0.441935 0.745161 0.507527
0 0.711828 0.710753 0.831183 0.738710 0.836559 0.719355 0.717204 0.691398
0 0.707527 0.731183 0.823656 0.759140 0.827957 0.737634 0.711828 0.709677
0 0.289247 0.605376 0.010753 0.553763 0.005376 0.581720 0.283871 0.633333
1 0.344086 0.196774 0.324731 0.177419 0.240860 0.261290 0.260215 0.280645