3 0.606452 0.254839 0.615054 0.244086 0.567742 0.207527 0.559140 0.218280
1 0.826882 0.249462 0.846237 0.266667 0.947312 0.154839 0.927957 0.137634
2 0.878495 0.091398 0.866667 0.080645 0.697849 0.269892 0.709677 0.280645
2 0.964516 0.158065 0.951613 0.147312 0.790323 0.334409 0.803226 0.345161
0 0.343011 0.478495 0.334409 0.469892 0.190323 0.605376 0.198925 0.613978
0 0.173118 0.641935 0.163441 0.631183 0.035484 0.747312 0.045161 0.758065
0 0.564516 0.725806 0.554839 0.717204 0.439785 0.846237 0.449462 0.854839
1 0.790323 0.033333 0.752688 0.068817 0.766667 0.082796 0.804301 0.047312
1 0.747312 0.078495 0.711828 0.117204 0.727957 0.132258 0.763441 0.093548
1 0.706452 0.122581 0.670968 0.160215 0.687097 0.174194 0.722581 0.136559
1 0.667742 0.167742 0.634409 0.207527 0.648387 0.219355 0.681720 0.179570