0 0.717204 0.992473 0.745161 0.987097 0.727957 0.884946 0.700000 0.890323
0 0.737634 0.973118 0.793548 0.963441 0.724731 0.558065 0.668817 0.567742
0 0.215054 0.437634 0.270968 0.421505 0.150538 0.018280 0.094624 0.034409
0 0.027957 0.726882 0.158065 0.701075 0.150538 0.664516 0.020430 0.690323
0 0.156989 0.661290 0.277419 0.643011 0.273118 0.611828 0.152688 0.630108
0 0.013978 0.683871 0.156989 0.662366 0.151613 0.630108 0.008602 0.651613
0 0.019355 0.648387 0.309677 0.605376 0.305376 0.573118 0.015054 0.616129
0 0.012903 0.616129 0.279570 0.576344 0.273118 0.534409 0.006452 0.574194
0 0.502151 0.612903 0.694624 0.567742 0.687097 0.535484 0.494624 0.580645
0 0.697849 0.475269 0.691398 0.446237 0.343011 0.513978 0.349462 0.543011
0 0.712903 0.498925 0.706452 0.468817 0.368817 0.541935 0.375269 0.572043
0 0.701075 0.535484 0.694624 0.501075 0.354839 0.574194 0.361290 0.608602