0 0.581720 0.723656 0.594624 0.706452 0.504301 0.641935 0.491398 0.659140
0 0.595699 0.708602 0.608602 0.690323 0.518280 0.626882 0.505376 0.645161
2 0.396774 0.968817 0.125806 0.778495 0.108602 0.803226 0.379570 0.993548
0 0.076344 0.778495 0.051613 0.812903 0.274194 0.969892 0.298925 0.935484
0 0.226882 0.432258 0.208602 0.458065 0.463441 0.636559 0.481720 0.610753
0 0.386022 0.627957 0.370968 0.649462 0.558065 0.780645 0.573118 0.759140
0 0.134409 0.449462 0.118280 0.472043 0.338710 0.625806 0.354839 0.603226
0 0.289247 0.034409 0.272043 0.060215 0.500000 0.219355 0.517204 0.193548
2 0.887097 0.509677 0.261290 0.039785 0.239785 0.068817 0.865591 0.538710
2 0.635484 0.756989 0.200000 0.452688 0.177419 0.483871 0.612903 0.788172
0 0.584946 0.847312 0.581720 0.852688 0.686022 0.924731 0.689247 0.919355
0 0.307527 0.002151 0.287097 0.031183 0.537634 0.206452 0.558065 0.177419