0 0.316129 0.959140 0.506452 0.965591 0.507527 0.939785 0.317204 0.933333
2 0.256989 0.082796 0.255914 0.107527 0.553763 0.119355 0.554839 0.094624
2 0.251613 0.219355 0.251613 0.238710 0.729032 0.251613 0.729032 0.232258
2 0.253763 0.338710 0.252688 0.361290 0.716129 0.379570 0.717204 0.356989
2 0.247312 0.470968 0.246237 0.490323 0.716129 0.507527 0.717204 0.488172
2 0.238710 0.597849 0.237634 0.620430 0.666667 0.636559 0.667742 0.613978
2 0.227957 0.751613 0.226882 0.769892 0.653763 0.786022 0.654839 0.767742
2 0.219355 0.904301 0.218280 0.926882 0.645161 0.943011 0.646237 0.920430
0 0.287097 0.159140 0.284946 0.217204 0.723656 0.234409 0.725806 0.176344
0 0.267742 0.361290 0.265591 0.421505 0.691398 0.436559 0.693548 0.376344
1 0.240860 0.772043 0.239785 0.819355 0.612903 0.832258 0.613978 0.784946