0 0.755914 0.235484 0.750538 0.231183 0.732258 0.250538 0.737634 0.254839
0 0.762366 0.316129 0.768817 0.307527 0.732258 0.281720 0.725806 0.290323
0 0.776344 0.300000 0.781720 0.291398 0.746237 0.265591 0.740860 0.274194
0 0.988172 0.376344 0.998925 0.362366 0.897849 0.288172 0.887097 0.302151
0 0.875269 0.292473 0.884946 0.279570 0.791398 0.210753 0.781720 0.223656
0 0.612903 0.381720 0.625806 0.365591 0.619355 0.360215 0.606452 0.376344
0 0.626882 0.397849 0.643011 0.378495 0.637634 0.374194 0.621505 0.393548
0 0.634409 0.400000 0.649462 0.381720 0.645161 0.378495 0.630108 0.396774
0 0.641935 0.402151 0.655914 0.384946 0.650538 0.380645 0.636559 0.397849
0 0.747312 0.348387 0.709677 0.391398 0.721505 0.402151 0.759140 0.359140
0 0.690323 0.306452 0.653763 0.348387 0.664516 0.358065 0.701075 0.316129
0 0.703226 0.315054 0.664516 0.359140 0.677419 0.370968 0.716129 0.326882
0 0.719355 0.324731 0.680645 0.369892 0.695699 0.382796 0.734409 0.337634
0 0.734409 0.336559 0.696774 0.380645 0.710753 0.392473 0.748387 0.348387
0 0.900000 0.464516 0.836559 0.532258 0.848387 0.544086 0.911828 0.476344
0 0.889247 0.574194 0.943011 0.516129 0.930108 0.505376 0.876344 0.563441
0 0.876344 0.561290 0.929032 0.505376 0.917204 0.494624 0.864516 0.550538
0 0.740860 0.474194 0.780645 0.431183 0.766667 0.418280 0.726882 0.461290
0 0.756989 0.484946 0.795699 0.443011 0.782796 0.431183 0.744086 0.473118
0 0.790323 0.501075 0.853763 0.432258 0.841935 0.421505 0.778495 0.490323
0 0.810753 0.508602 0.870968 0.441935 0.855914 0.429032 0.795699 0.495699
1 0.266667 0.246237 0.280645 0.261290 0.359140 0.186022 0.345161 0.170968
0 0.739785 0.688172 0.854839 0.715054 0.860215 0.694624 0.745161 0.667742
0 0.737634 0.708602 0.851613 0.735484 0.855914 0.715054 0.741935 0.688172
0 0.687097 0.659140 0.452688 0.611828 0.448387 0.635484 0.682796 0.682796
0 0.678495 0.684946 0.446237 0.637634 0.441935 0.659140 0.674194 0.706452
0 0.309677 0.611828 0.039785 0.562366 0.034409 0.590323 0.304301 0.639785
0 0.313978 0.587097 0.033333 0.529032 0.027957 0.554839 0.308602 0.612903