0 0.494624 0.862366 0.509677 0.873118 0.576344 0.780645 0.561290 0.769892
0 0.481720 0.848387 0.495699 0.858065 0.562366 0.766667 0.548387 0.755914
0 0.684946 0.306452 0.703226 0.303226 0.694624 0.237634 0.676344 0.239785
0 0.916129 0.108602 0.891398 0.089247 0.735484 0.295699 0.760215 0.315054
2 0.438710 0.907527 0.962366 0.178495 0.921505 0.148387 0.397849 0.878495
2 0.026882 0.945161 0.413978 0.407527 0.387097 0.389247 0.001075 0.926882
0 0.343011 0.866667 0.336559 0.862366 0.261290 0.976344 0.267742 0.980645
0 0.280645 0.617204 0.270968 0.610753 0.195699 0.724731 0.205376 0.731183
0 0.194624 0.598925 0.180645 0.591398 0.109677 0.711828 0.123656 0.719355
0 0.206452 0.622581 0.195699 0.616129 0.123656 0.729032 0.134409 0.735484
0 0.138710 0.819355 0.129032 0.812903 0.033333 0.956989 0.043011 0.963441
0 0.994624 0.263441 0.939785 0.222581 0.631183 0.639785 0.686022 0.680645
0 0.407527 0.349462 0.375269 0.325806 0.224731 0.540860 0.256989 0.564516
0 0.912903 0.161290 0.886022 0.141935 0.768817 0.305376 0.795699 0.324731
0 0.622581 0.575269 0.587097 0.550538 0.412903 0.796774 0.448387 0.821505
0 0.594624 0.544086 0.562366 0.521505 0.387097 0.772043 0.419355 0.794624