0 0.548387 0.515054 0.578495 0.486022 0.438710 0.343011 0.408602 0.372043
0 0.173118 0.216129 0.183871 0.206452 0.164516 0.186022 0.153763 0.195699
0 0.193548 0.216129 0.206452 0.205376 0.154839 0.149462 0.141935 0.160215
0 0.625806 0.548387 0.366667 0.721505 0.387097 0.752688 0.646237 0.579570
2 0.683871 0.547312 0.427957 0.735484 0.453763 0.770968 0.709677 0.582796
1 0.646237 0.632258 0.592473 0.665591 0.603226 0.683871 0.656989 0.650538
1 0.783871 0.653763 0.733333 0.686022 0.749462 0.709677 0.800000 0.677419
0 0.637634 0.788172 0.625806 0.769892 0.525806 0.835484 0.537634 0.853763
0 0.533333 0.879570 0.519355 0.893548 0.615054 0.989247 0.629032 0.975269
0 0.189247 0.093548 0.176344 0.106452 0.268817 0.201075 0.281720 0.188172
0 0.162366 0.105376 0.150538 0.117204 0.244086 0.210753 0.255914 0.198925
0 0.143011 0.120430 0.131183 0.132258 0.222581 0.225806 0.234409 0.213978