2 0.705376 0.459140 0.784946 0.475269 0.789247 0.452688 0.709677 0.436559
1 0.134409 0.702151 0.154839 0.691398 0.127957 0.644086 0.107527 0.654839
3 0.519355 0.398925 0.573118 0.460215 0.588172 0.446237 0.534409 0.384946
1 0.606452 0.436559 0.558065 0.384946 0.544086 0.397849 0.592473 0.449462
1 0.707527 0.419355 0.564516 0.274194 0.526882 0.311828 0.669892 0.456989
3 0.640860 0.764516 0.716129 0.716129 0.707527 0.702151 0.632258 0.750538
0 0.677419 0.762366 0.764516 0.706452 0.754839 0.691398 0.667742 0.747312
0 0.775269 0.513978 0.752688 0.482796 0.500000 0.666667 0.522581 0.697849
2 0.826882 0.478495 0.567742 0.670968 0.592473 0.704301 0.851613 0.511828
1 0.772043 0.567742 0.724731 0.609677 0.739785 0.627957 0.787097 0.586022
1 0.719355 0.610753 0.665591 0.647312 0.678495 0.666667 0.732258 0.630108
0 0.760215 0.918280 0.669892 0.827957 0.663441 0.834409 0.753763 0.924731
0 0.383871 0.138710 0.296774 0.051613 0.289247 0.059140 0.376344 0.146237
0 0.408602 0.121505 0.315054 0.038710 0.307527 0.048387 0.401075 0.131183
0 0.761290 0.729032 0.753763 0.717204 0.655914 0.778495 0.663441 0.790323