0 0.346237 0.719355 0.341935 0.727957 0.372043 0.747312 0.376344 0.738710
0 0.337634 0.725806 0.332258 0.735484 0.363441 0.755914 0.368817 0.746237
0 0.381720 0.741935 0.377419 0.749462 0.398925 0.765591 0.403226 0.758065
0 0.381720 0.700000 0.373118 0.711828 0.416129 0.745161 0.424731 0.733333
0 0.393548 0.691398 0.384946 0.704301 0.430108 0.738710 0.438710 0.725806
1 0.191398 0.703226 0.197849 0.706452 0.208602 0.686022 0.202151 0.682796
1 0.198925 0.705376 0.206452 0.708602 0.216129 0.690323 0.208602 0.687097
1 0.206452 0.708602 0.212903 0.711828 0.221505 0.693548 0.215054 0.690323
1 0.145161 0.725806 0.164516 0.734409 0.188172 0.680645 0.168817 0.672043
1 0.126882 0.716129 0.145161 0.724731 0.167742 0.673118 0.149462 0.664516
0 0.240860 0.654839 0.247312 0.658065 0.255914 0.637634 0.249462 0.634409
0 0.180645 0.654839 0.194624 0.662366 0.225806 0.598925 0.211828 0.591398
0 0.211828 0.666667 0.229032 0.675269 0.269892 0.593548 0.252688 0.584946
0 0.161290 0.650538 0.178495 0.659140 0.219355 0.577419 0.202151 0.568817
3 0.331183 0.215054 0.334409 0.207527 0.311828 0.200000 0.308602 0.207527
3 0.216129 0.374194 0.224731 0.370968 0.218280 0.350538 0.209677 0.353763
0 0.208602 0.345161 0.230108 0.361290 0.309677 0.246237 0.288172 0.230108
0 0.308602 0.193548 0.336559 0.212903 0.444086 0.058065 0.416129 0.038710
0 0.780645 0.320430 0.608602 0.581720 0.645161 0.606452 0.817204 0.345161
0 0.679570 0.263441 0.517204 0.509677 0.550538 0.532258 0.712903 0.286022
0 0.710753 0.284946 0.548387 0.532258 0.581720 0.553763 0.744086 0.306452
0 0.643011 0.244086 0.481720 0.490323 0.513978 0.510753 0.675269 0.264516
0 0.451613 0.101075 0.290323 0.346237 0.322581 0.367742 0.483871 0.122581
2 0.759140 0.279570 0.547312 0.597849 0.578495 0.619355 0.790323 0.301075
2 0.436559 0.067742 0.217204 0.386022 0.245161 0.405376 0.464516 0.087097