2 0.343011 0.008602 0.343011 0.904301 0.372043 0.904301 0.372043 0.008602
0 0.278495 0.433333 0.258065 0.106452 0.205376 0.108602 0.225806 0.435484
0 0.470968 0.366667 0.470968 0.037634 0.418280 0.037634 0.418280 0.366667
0 0.531183 0.383871 0.531183 0.054839 0.478495 0.054839 0.478495 0.383871
0 0.541935 0.031183 0.541935 0.367742 0.589247 0.367742 0.588172 0.031183
0 0.598925 0.061290 0.598925 0.397849 0.647312 0.397849 0.647312 0.061290
0 0.654839 0.034409 0.654839 0.372043 0.703226 0.370968 0.703226 0.034409
0 0.421505 0.473118 0.422581 0.810753 0.469892 0.810753 0.469892 0.473118
0 0.546237 0.481720 0.531183 0.819355 0.578495 0.821505 0.593548 0.483871
0 0.601075 0.466667 0.588172 0.804301 0.639785 0.806452 0.652688 0.468817
0 0.654839 0.453763 0.640860 0.802151 0.693548 0.804301 0.707527 0.455914
0 0.488172 0.493548 0.475269 0.784946 0.524731 0.786022 0.537634 0.494624