3 0.668817 0.516129 0.672043 0.512903 0.658065 0.501075 0.654839 0.504301
3 0.666667 0.521505 0.670968 0.518280 0.655914 0.504301 0.651613 0.507527
3 0.646237 0.497849 0.649462 0.494624 0.635484 0.480645 0.632258 0.483871
3 0.640860 0.503226 0.646237 0.497849 0.632258 0.483871 0.626882 0.489247
3 0.621505 0.480645 0.625806 0.476344 0.612903 0.463441 0.608602 0.467742
3 0.597849 0.461290 0.604301 0.455914 0.593548 0.441935 0.587097 0.447312
0 0.001075 0.251613 0.027957 0.251613 0.027957 0.346237 0.001075 0.346237
0 0.135484 0.382796 0.162366 0.373118 0.103226 0.215054 0.076344 0.224731
0 0.112903 0.391398 0.137634 0.381720 0.078495 0.223656 0.053763 0.233333
0 0.875269 0.350538 0.858065 0.329032 0.655914 0.496774 0.673118 0.518280
0 0.851613 0.332258 0.834409 0.310753 0.632258 0.478495 0.649462 0.500000
0 0.827957 0.312903 0.811828 0.292473 0.610753 0.459140 0.626882 0.479570
0 0.246237 0.578495 0.555914 0.536559 0.551613 0.509677 0.241935 0.551613
0 0.330108 0.581720 0.433333 0.567742 0.431183 0.553763 0.327957 0.567742
0 0.243011 0.550538 0.551613 0.508602 0.546237 0.464516 0.237634 0.506452
0 0.808602 0.292473 0.792473 0.272043 0.591398 0.438710 0.607527 0.459140