1 0.607527 0.182796 0.630108 0.194624 0.661290 0.133333 0.638710 0.121505
1 0.588172 0.711828 0.637634 0.711828 0.637634 0.850538 0.588172 0.850538
1 0.584946 0.552688 0.640860 0.552688 0.640860 0.689247 0.584946 0.689247
1 0.586022 0.395699 0.634409 0.395699 0.634409 0.520430 0.586022 0.520430
1 0.583871 0.243011 0.633333 0.243011 0.633333 0.370968 0.583871 0.370968
3 0.935484 0.061290 0.980645 0.061290 0.980645 0.206452 0.935484 0.206452
3 0.946237 0.270968 0.988172 0.270968 0.988172 0.361290 0.946237 0.361290
3 0.797849 0.104301 0.849462 0.104301 0.849462 0.251613 0.797849 0.251613
2 0.588172 0.872043 0.579570 0.167742 0.502151 0.168817 0.510753 0.873118
2 0.930108 0.760215 0.920430 0.098925 0.852688 0.100000 0.862366 0.761290
0 0.043011 0.293548 0.044086 0.905376 0.264516 0.905376 0.264516 0.293548
1 0.415054 0.293548 0.415054 0.826882 0.553763 0.826882 0.553763 0.293548