3 0.524731 0.310753 0.727957 0.248387 0.718280 0.218280 0.515054 0.280645
3 0.090323 0.089247 0.102151 0.088172 0.098925 0.059140 0.087097 0.060215
3 0.101075 0.087097 0.111828 0.087097 0.109677 0.054839 0.098925 0.054839
3 0.082796 0.091398 0.092473 0.089247 0.087097 0.061290 0.077419 0.063441
3 0.074194 0.093548 0.081720 0.092473 0.076344 0.063441 0.068817 0.064516
3 0.031183 0.039785 0.106452 0.032258 0.104301 0.009677 0.029032 0.017204
0 0.110753 0.223656 0.132258 0.220430 0.119355 0.118280 0.097849 0.121505
0 0.137634 0.602151 0.180645 0.595699 0.146237 0.324731 0.103226 0.331183
0 0.848387 0.270968 0.831183 0.216129 0.446237 0.335484 0.463441 0.390323
0 0.858065 0.650538 0.835484 0.578495 0.363441 0.723656 0.386022 0.795699
0 0.891398 0.725806 0.868817 0.649462 0.403226 0.792473 0.425806 0.868817