1 0.418280 0.953763 0.483871 0.953763 0.483871 0.998925 0.418280 0.998925
1 0.479570 0.991398 0.494624 0.974194 0.447312 0.935484 0.432258 0.952688
1 0.195699 0.983871 0.215054 0.993548 0.238710 0.943011 0.219355 0.933333
0 0.233333 0.915054 0.245161 0.921505 0.276344 0.854839 0.264516 0.848387
0 0.211828 0.911828 0.229032 0.920430 0.267742 0.838710 0.250538 0.830108
3 0.297849 0.592473 0.301075 0.586022 0.287097 0.577419 0.283871 0.583871
3 0.406452 0.551613 0.420430 0.561290 0.449462 0.517204 0.435484 0.507527
0 0.389247 0.540860 0.405376 0.551613 0.479570 0.441935 0.463441 0.431183
3 0.584946 0.786022 0.588172 0.780645 0.572043 0.773118 0.568817 0.778495
3 0.622581 0.804301 0.624731 0.798925 0.609677 0.791398 0.607527 0.796774
3 0.619355 0.809677 0.622581 0.804301 0.606452 0.796774 0.603226 0.802151
3 0.687097 0.841935 0.689247 0.837634 0.672043 0.829032 0.669892 0.833333
3 0.683871 0.846237 0.687097 0.841935 0.668817 0.833333 0.665591 0.837634
3 0.725806 0.868817 0.729032 0.862366 0.706452 0.851613 0.703226 0.858065
0 0.833333 0.578495 0.662366 0.821505 0.695699 0.845161 0.866667 0.602151
0 0.888172 0.578495 0.700000 0.843011 0.741935 0.873118 0.930108 0.608602
0 0.730108 0.522581 0.565591 0.769892 0.601075 0.793548 0.765591 0.546237
0 0.764516 0.545161 0.602151 0.792473 0.633333 0.811828 0.795699 0.564516
2 0.488172 0.332258 0.268817 0.644086 0.296774 0.663441 0.516129 0.351613
2 0.811828 0.543011 0.589247 0.861290 0.620430 0.882796 0.843011 0.564516
0 0.458065 0.368817 0.431183 0.350538 0.281720 0.575269 0.308602 0.593548
0 0.936559 0.656989 0.910753 0.638710 0.760215 0.854839 0.786022 0.873118