1 0.212903 0.864516 0.219355 0.866667 0.227957 0.845161 0.221505 0.843011
1 0.221505 0.865591 0.227957 0.868817 0.236559 0.848387 0.230108 0.845161
1 0.227957 0.867742 0.234409 0.870968 0.243011 0.850538 0.236559 0.847312
1 0.234409 0.869892 0.241935 0.873118 0.249462 0.854839 0.241935 0.851613
1 0.188172 0.893548 0.208602 0.840860 0.190323 0.833333 0.169892 0.886022
1 0.166667 0.888172 0.188172 0.833333 0.168817 0.825806 0.147312 0.880645
0 0.193548 0.822581 0.237634 0.740860 0.221505 0.732258 0.177419 0.813978
0 0.212903 0.824731 0.249462 0.756989 0.234409 0.749462 0.197849 0.817204
0 0.626882 0.673118 0.770968 0.454839 0.732258 0.430108 0.588172 0.648387
0 0.394624 0.238710 0.226882 0.490323 0.267742 0.518280 0.435484 0.266667
0 0.787097 0.486022 0.618280 0.744086 0.658065 0.769892 0.826882 0.511828
2 0.454839 0.232258 0.237634 0.546237 0.267742 0.567742 0.484946 0.253763
2 0.781720 0.446237 0.565591 0.764516 0.594624 0.783871 0.810753 0.465591
0 0.846237 0.550538 0.820430 0.532258 0.667742 0.750538 0.693548 0.768817