0 0.629032 0.933333 0.619355 0.916129 0.508602 0.982796 0.518280 1.000000
0 0.562366 0.930108 0.552688 0.912903 0.448387 0.973118 0.458065 0.990323
0 0.562366 0.930108 0.552688 0.912903 0.448387 0.973118 0.458065 0.990323
0 0.578495 0.886022 0.565591 0.864516 0.419355 0.948387 0.432258 0.969892
0 0.552688 0.822581 0.539785 0.800000 0.382796 0.891398 0.395699 0.913978
0 0.864516 0.521505 0.822581 0.463441 0.488172 0.708602 0.530108 0.766667
0 0.290323 0.034409 0.266667 0.001075 0.047312 0.150538 0.070968 0.184946
0 0.646237 0.425806 0.607527 0.370968 0.355914 0.548387 0.394624 0.603226
0 0.617204 0.275269 0.590323 0.235484 0.275269 0.447312 0.302151 0.487097
0 0.567742 0.211828 0.541935 0.174194 0.227957 0.386022 0.253763 0.423656
0 0.368817 0.154839 0.343011 0.120430 0.145161 0.270968 0.170968 0.305376