0 0.601075 0.837634 0.612903 0.819355 0.517204 0.755914 0.505376 0.774194
0 0.616129 0.820430 0.626882 0.803226 0.532258 0.740860 0.521505 0.758065
0 0.286022 0.980645 0.295699 0.966667 0.182796 0.890323 0.173118 0.904301
0 0.468817 0.744086 0.492473 0.708602 0.270968 0.554839 0.247312 0.590323
0 0.424731 0.758065 0.407527 0.782796 0.579570 0.902151 0.596774 0.877419
0 0.391398 0.775269 0.374194 0.801075 0.559140 0.925806 0.576344 0.900000
0 0.169892 0.575269 0.153763 0.598925 0.369892 0.749462 0.386022 0.725806
2 0.913978 0.609677 0.266667 0.161290 0.247312 0.188172 0.894624 0.636559
2 0.646237 0.876344 0.212903 0.564516 0.194624 0.590323 0.627957 0.902151
0 0.577419 0.304301 0.266667 0.080645 0.233333 0.125806 0.544086 0.349462
0 0.627957 0.368817 0.603226 0.405376 0.862366 0.579570 0.887097 0.543011
0 0.580645 0.409677 0.555914 0.445161 0.812903 0.629032 0.837634 0.593548
0 0.231183 0.221505 0.205376 0.256989 0.465591 0.440860 0.491398 0.405376