0 0.904301 0.462366 0.916129 0.447312 0.818280 0.378495 0.806452 0.393548
0 0.335484 0.245161 0.359140 0.209677 0.139785 0.062366 0.116129 0.097849
0 0.378495 0.612903 0.407527 0.573118 0.283871 0.486022 0.254839 0.525806
0 0.551613 0.737634 0.579570 0.697849 0.456989 0.610753 0.429032 0.650538
2 0.758065 0.446237 0.192473 0.050538 0.170968 0.082796 0.736559 0.478495
0 0.238710 0.058065 0.232258 0.066667 0.346237 0.150538 0.352688 0.141935
0 0.396774 0.170968 0.392473 0.177419 0.512903 0.265591 0.517204 0.259140
0 0.643011 0.111828 0.638710 0.119355 0.756989 0.197849 0.761290 0.190323
0 0.602151 0.317204 0.596774 0.324731 0.703226 0.398925 0.708602 0.391398
0 0.584946 0.388172 0.580645 0.395699 0.698925 0.465591 0.703226 0.458065
0 0.559140 0.400000 0.552688 0.410753 0.683871 0.483871 0.690323 0.473118
0 0.552688 0.425806 0.548387 0.434409 0.668817 0.501075 0.673118 0.492473