3 0.226882 0.864516 0.361290 0.864516 0.361290 0.888172 0.226882 0.888172
3 0.023656 0.824731 0.062366 0.824731 0.062366 0.910753 0.023656 0.910753
2 0.705376 0.154839 0.705376 0.650538 0.753763 0.650538 0.753763 0.154839
0 0.643011 0.365591 0.634409 0.291398 0.625806 0.292473 0.634409 0.366667
0 0.674194 0.396774 0.665591 0.232258 0.646237 0.233333 0.654839 0.397849
0 0.754839 0.192473 0.754839 0.359140 0.773118 0.359140 0.773118 0.192473
0 0.786022 0.206452 0.786022 0.373118 0.804301 0.373118 0.804301 0.206452
0 0.815054 0.191398 0.815054 0.362366 0.833333 0.362366 0.833333 0.191398
0 0.845161 0.200000 0.845161 0.368817 0.863441 0.368817 0.863441 0.200000
0 0.874194 0.192473 0.874194 0.361290 0.894624 0.361290 0.894624 0.192473
0 0.755914 0.411828 0.755914 0.582796 0.776344 0.582796 0.776344 0.411828
0 0.781720 0.426882 0.781720 0.591398 0.804301 0.591398 0.804301 0.426882
0 0.816129 0.431183 0.809677 0.576344 0.831183 0.577419 0.837634 0.432258
0 0.847312 0.426882 0.838710 0.591398 0.858065 0.592473 0.866667 0.427957
0 0.879570 0.415054 0.863441 0.591398 0.886022 0.593548 0.902151 0.417204
1 0.065591 0.804301 0.064516 0.862366 0.368817 0.864516 0.369892 0.806452