0 0.717204 0.759140 0.727957 0.744086 0.637634 0.681720 0.626882 0.696774
0 0.733333 0.745161 0.743011 0.730108 0.651613 0.667742 0.641935 0.682796
0 0.309677 0.464516 0.319355 0.450538 0.223656 0.384946 0.213978 0.398925
0 0.321505 0.450538 0.332258 0.435484 0.235484 0.368817 0.224731 0.383871
0 0.202151 0.833333 0.422581 0.833333 0.422581 0.995699 0.202151 0.995699
0 0.973118 0.506452 0.991398 0.482796 0.811828 0.351613 0.793548 0.375269
0 0.688172 0.343011 0.661290 0.381720 0.898925 0.549462 0.925806 0.510753
0 0.430108 0.662366 0.415054 0.686022 0.632258 0.834409 0.647312 0.810753
2 0.793548 0.809677 0.045161 0.280645 0.015054 0.323656 0.763441 0.852688
2 0.991398 0.525806 0.403226 0.090323 0.382796 0.119355 0.970968 0.554839
0 0.317204 0.530108 0.038710 0.334409 0.011828 0.373118 0.290323 0.568817
0 0.368817 0.106452 0.340860 0.147312 0.592473 0.323656 0.620430 0.282796
0 0.446237 0.622581 0.424731 0.654839 0.674194 0.829032 0.695699 0.796774