3 0.423656 0.832258 0.432258 0.834409 0.445161 0.800000 0.436559 0.797849
3 0.415054 0.829032 0.422581 0.832258 0.434409 0.798925 0.426882 0.795699
3 0.406452 0.824731 0.416129 0.827957 0.427957 0.794624 0.418280 0.791398
3 0.389247 0.818280 0.401075 0.825806 0.425806 0.783871 0.413978 0.776344
3 0.380645 0.815054 0.388172 0.819355 0.404301 0.791398 0.396774 0.787097
3 0.368817 0.813978 0.375269 0.817204 0.388172 0.783871 0.381720 0.780645
3 0.359140 0.809677 0.367742 0.813978 0.380645 0.781720 0.372043 0.777419
3 0.344086 0.807527 0.352688 0.809677 0.361290 0.777419 0.352688 0.775269
3 0.335484 0.803226 0.343011 0.805376 0.352688 0.768817 0.345161 0.766667
3 0.320430 0.797849 0.327957 0.801075 0.341935 0.767742 0.334409 0.764516
3 0.311828 0.795699 0.320430 0.798925 0.333333 0.765591 0.324731 0.762366
3 0.303226 0.792473 0.311828 0.795699 0.324731 0.764516 0.316129 0.761290
3 0.295699 0.788172 0.303226 0.791398 0.315054 0.762366 0.307527 0.759140
0 0.318280 0.821505 0.258065 0.822581 0.258065 0.847312 0.318280 0.846237
0 0.262366 0.823656 0.202151 0.805376 0.195699 0.827957 0.255914 0.846237
0 0.204301 0.803226 0.144086 0.786022 0.137634 0.807527 0.197849 0.824731
0 0.162366 0.709677 0.118280 0.761290 0.136559 0.776344 0.180645 0.724731
0 0.179570 0.725806 0.227957 0.681720 0.213978 0.665591 0.165591 0.709677
0 0.527957 0.737634 0.704301 0.517204 0.678495 0.496774 0.502151 0.717204
2 0.536559 0.807527 0.730108 0.560215 0.691398 0.530108 0.497849 0.777419
0 0.789247 0.308602 0.664516 0.190323 0.217204 0.661290 0.341935 0.779570
1 0.569892 0.836559 0.694624 0.672043 0.660215 0.645161 0.535484 0.809677