3 0.797849 0.564516 0.831183 0.578495 0.834409 0.570968 0.801075 0.556989
3 0.795699 0.573118 0.829032 0.587097 0.832258 0.579570 0.798925 0.565591
3 0.792473 0.581720 0.825806 0.595699 0.829032 0.588172 0.795699 0.574194
3 0.775269 0.588172 0.819355 0.612903 0.826882 0.601075 0.782796 0.576344
3 0.788172 0.605376 0.816129 0.621505 0.820430 0.613978 0.792473 0.597849
3 0.780645 0.620430 0.815054 0.633333 0.817204 0.624731 0.782796 0.611828
3 0.778495 0.630108 0.809677 0.641935 0.812903 0.634409 0.781720 0.622581
3 0.774194 0.648387 0.806452 0.656989 0.808602 0.650538 0.776344 0.641935
3 0.766667 0.655914 0.803226 0.665591 0.805376 0.658065 0.768817 0.648387
3 0.761290 0.683871 0.793548 0.695699 0.795699 0.688172 0.763441 0.676344
3 0.762366 0.676344 0.793548 0.688172 0.796774 0.680645 0.765591 0.668817
3 0.764516 0.667742 0.797849 0.680645 0.801075 0.672043 0.767742 0.659140
3 0.758065 0.694624 0.788172 0.706452 0.792473 0.696774 0.762366 0.684946
3 0.783871 0.855914 0.803226 0.863441 0.826882 0.806452 0.807527 0.798925
3 0.804301 0.796774 0.823656 0.804301 0.847312 0.747312 0.827957 0.739785
3 0.823656 0.743011 0.847312 0.743011 0.847312 0.678495 0.823656 0.678495
3 0.725806 0.821505 0.711828 0.836559 0.764516 0.883871 0.778495 0.868817
3 0.709677 0.836559 0.725806 0.822581 0.681720 0.772043 0.665591 0.786022
0 0.737634 0.469892 0.518280 0.294624 0.496774 0.321505 0.716129 0.496774
2 0.807527 0.462366 0.561290 0.268817 0.530108 0.307527 0.776344 0.501075
0 0.308602 0.210753 0.190323 0.335484 0.661290 0.782796 0.779570 0.658065
1 0.835484 0.430108 0.673118 0.303226 0.646237 0.337634 0.808602 0.464516