0 0.301075 0.884946 0.488172 0.754839 0.473118 0.732258 0.286022 0.862366
1 0.810753 0.231183 0.849462 0.194624 0.843011 0.188172 0.804301 0.224731
1 0.481720 0.151613 0.551613 0.083871 0.535484 0.067742 0.465591 0.135484
1 0.156989 0.403226 0.237634 0.339785 0.223656 0.321505 0.143011 0.384946
1 0.533333 0.311828 0.545161 0.324731 0.589247 0.286022 0.577419 0.273118
1 0.624731 0.479570 0.637634 0.492473 0.706452 0.432258 0.693548 0.419355
1 0.719355 0.393548 0.733333 0.409677 0.816129 0.337634 0.802151 0.321505
1 0.825806 0.218280 0.847312 0.238710 0.944086 0.134409 0.922581 0.113978
1 0.558065 0.363441 0.586022 0.391398 0.734409 0.245161 0.706452 0.217204
1 0.362366 0.579570 0.375269 0.594624 0.454839 0.527957 0.441935 0.512903
1 0.202151 0.681720 0.217204 0.698925 0.309677 0.621505 0.294624 0.604301
1 0.224731 0.717204 0.241935 0.743011 0.383871 0.641935 0.366667 0.616129
1 0.191398 0.611828 0.213978 0.638710 0.359140 0.519355 0.336559 0.492473
0 0.538710 0.716129 0.870968 0.454839 0.835484 0.410753 0.503226 0.672043