2 0.389247 0.751613 0.444086 0.790323 0.453763 0.777419 0.398925 0.738710
1 0.381720 0.761290 0.413978 0.783871 0.420430 0.774194 0.388172 0.751613
0 0.402151 0.737634 0.456989 0.779570 0.470968 0.761290 0.416129 0.719355
3 0.246237 0.776344 0.258065 0.751613 0.250538 0.748387 0.238710 0.773118
1 0.235484 0.777419 0.250538 0.746237 0.241935 0.743011 0.226882 0.774194
1 0.226882 0.775269 0.240860 0.743011 0.231183 0.738710 0.217204 0.770968
1 0.243011 0.734409 0.253763 0.711828 0.247312 0.708602 0.236559 0.731183
1 0.250538 0.736559 0.260215 0.715054 0.252688 0.712903 0.243011 0.734409
1 0.255914 0.738710 0.265591 0.718280 0.260215 0.715054 0.250538 0.735484
1 0.264516 0.739785 0.273118 0.720430 0.266667 0.718280 0.258065 0.737634
1 0.207527 0.761290 0.232258 0.709677 0.213978 0.701075 0.189247 0.752688
1 0.188172 0.754839 0.211828 0.702151 0.192473 0.692473 0.168817 0.745161
2 0.253763 0.701075 0.277419 0.655914 0.262366 0.647312 0.238710 0.692473
0 0.236559 0.695699 0.272043 0.625806 0.258065 0.618280 0.222581 0.688172
0 0.220430 0.691398 0.267742 0.600000 0.248387 0.590323 0.201075 0.681720
0 0.648387 0.539785 0.797849 0.331183 0.762366 0.305376 0.612903 0.513978
0 0.422581 0.107527 0.244086 0.362366 0.287097 0.391398 0.465591 0.136559
0 0.806452 0.350538 0.640860 0.605376 0.686022 0.634409 0.851613 0.379570
2 0.474194 0.101075 0.263441 0.411828 0.293548 0.432258 0.504301 0.121505
2 0.806452 0.310753 0.588172 0.622581 0.619355 0.644086 0.837634 0.332258
0 0.868817 0.416129 0.843011 0.398925 0.690323 0.622581 0.716129 0.639785