0 0.586022 0.302151 0.567742 0.326882 0.807527 0.497849 0.825806 0.473118
0 0.852688 0.444086 0.865591 0.425806 0.770968 0.360215 0.758065 0.378495
0 0.301075 0.965591 0.323656 0.934409 0.105376 0.780645 0.082796 0.811828
0 0.609677 0.716129 0.621505 0.700000 0.527957 0.634409 0.516129 0.650538
0 0.474194 0.620430 0.494624 0.592473 0.274194 0.437634 0.253763 0.465591
0 0.539785 0.826882 0.555914 0.803226 0.363441 0.667742 0.347312 0.691398
0 0.563441 0.805376 0.580645 0.779570 0.400000 0.652688 0.382796 0.678495
0 0.587097 0.782796 0.605376 0.758065 0.434409 0.638710 0.416129 0.663441
0 0.175269 0.454839 0.159140 0.478495 0.379570 0.629032 0.395699 0.605376
0 0.568817 0.330108 0.552688 0.352688 0.773118 0.508602 0.789247 0.486022
2 0.918280 0.488172 0.280645 0.036559 0.258065 0.068817 0.895699 0.520430
2 0.662366 0.748387 0.222581 0.445161 0.202151 0.475269 0.641935 0.778495
0 0.386022 0.029032 0.346237 0.084946 0.674194 0.319355 0.713978 0.263441
0 0.250538 0.059140 0.227957 0.092473 0.489247 0.267742 0.511828 0.234409
0 0.222581 0.084946 0.201075 0.118280 0.461290 0.295699 0.482796 0.262366