0 0.518280 0.804301 0.541935 0.769892 0.309677 0.608602 0.286022 0.643011
0 0.690323 0.605376 0.711828 0.574194 0.486022 0.418280 0.464516 0.449462
0 0.778495 0.124731 0.764516 0.146237 0.982796 0.292473 0.996774 0.270968
2 0.856989 0.562366 0.108602 0.055914 0.084946 0.091398 0.833333 0.597849
2 0.881720 0.965591 0.347312 0.589247 0.326882 0.617204 0.861290 0.993548
0 0.392473 0.596774 0.386022 0.605376 0.504301 0.691398 0.510753 0.682796
0 0.567742 0.722581 0.563441 0.729032 0.683871 0.817204 0.688172 0.810753
0 0.801075 0.654839 0.796774 0.662366 0.917204 0.740860 0.921505 0.733333
0 0.206452 0.009677 0.161290 0.070968 0.569892 0.368817 0.615054 0.307527
0 0.095699 0.080645 0.072043 0.113978 0.315054 0.291398 0.338710 0.258065
0 0.508602 0.382796 0.486022 0.416129 0.734409 0.589247 0.756989 0.555914