3 0.606452 0.913978 0.638710 0.913978 0.638710 0.925806 0.606452 0.925806
2 0.581720 0.293548 0.581720 0.782796 0.660215 0.782796 0.660215 0.293548
0 0.259140 0.833333 0.246237 0.252688 0.037634 0.256989 0.050538 0.837634
0 0.541935 0.465591 0.535484 0.395699 0.524731 0.396774 0.531183 0.466667
0 0.578495 0.503226 0.569892 0.336559 0.548387 0.337634 0.556989 0.504301
0 0.654839 0.306452 0.654839 0.475269 0.675269 0.475269 0.675269 0.306452
0 0.683871 0.302151 0.683871 0.468817 0.704301 0.468817 0.704301 0.302151
0 0.715054 0.312903 0.715054 0.483871 0.737634 0.483871 0.737634 0.312903
0 0.746237 0.300000 0.746237 0.468817 0.766667 0.468817 0.766667 0.300000
0 0.796774 0.482796 0.797849 0.313978 0.775269 0.313978 0.774194 0.482796
0 0.803226 0.300000 0.803226 0.470968 0.827957 0.470968 0.827957 0.300000
0 0.833333 0.311828 0.833333 0.484946 0.860215 0.484946 0.860215 0.311828
0 0.745161 0.707527 0.736559 0.538710 0.715054 0.539785 0.723656 0.708602
0 0.749462 0.549462 0.749462 0.719355 0.769892 0.719355 0.769892 0.549462
0 0.778495 0.562366 0.778495 0.705376 0.801075 0.705376 0.801075 0.562366
0 0.811828 0.546237 0.811828 0.721505 0.832258 0.721505 0.832258 0.546237
1 0.190323 0.926882 0.189247 0.987097 0.495699 0.989247 0.496774 0.929032