3 0.239785 0.326882 0.307527 0.317204 0.304301 0.296774 0.236559 0.306452
0 0.108602 0.083871 0.090323 0.108602 0.295699 0.264516 0.313978 0.239785
2 0.906452 0.560215 0.178495 0.037634 0.149462 0.078495 0.877419 0.601075
2 0.946237 0.973118 0.408602 0.586022 0.389247 0.611828 0.926882 0.998925
0 0.866667 0.655914 0.862366 0.662366 0.976344 0.737634 0.980645 0.731183
0 0.616129 0.719355 0.609677 0.729032 0.725806 0.803226 0.732258 0.793548
0 0.598925 0.805376 0.591398 0.819355 0.712903 0.889247 0.720430 0.875269
0 0.622581 0.793548 0.616129 0.804301 0.730108 0.875269 0.736559 0.864516
0 0.821505 0.860215 0.815054 0.869892 0.956989 0.965591 0.963441 0.955914
0 0.267742 0.001075 0.225806 0.054839 0.635484 0.373118 0.677419 0.319355
0 0.348387 0.592473 0.325806 0.624731 0.541935 0.775269 0.564516 0.743011
0 0.161290 0.088172 0.141935 0.113978 0.305376 0.230108 0.324731 0.204301
0 0.575269 0.377419 0.550538 0.412903 0.796774 0.586022 0.821505 0.550538
0 0.544086 0.405376 0.521505 0.437634 0.772043 0.611828 0.794624 0.579570