3 0.821505 0.170968 0.825806 0.163441 0.789247 0.136559 0.784946 0.144086
3 0.802151 0.184946 0.808602 0.176344 0.774194 0.150538 0.767742 0.159140
3 0.825806 0.162366 0.832258 0.152688 0.797849 0.127957 0.791398 0.137634
0 0.916129 0.163441 0.929032 0.145161 0.832258 0.075269 0.819355 0.093548
0 0.922581 0.430108 0.934409 0.440860 0.987097 0.387097 0.975269 0.376344
0 0.907527 0.423656 0.918280 0.434409 0.972043 0.380645 0.961290 0.369892
0 0.880645 0.400000 0.894624 0.412903 0.960215 0.344086 0.946237 0.331183
0 0.820430 0.358065 0.833333 0.370968 0.900000 0.302151 0.887097 0.289247
0 0.784946 0.343011 0.798925 0.355914 0.838710 0.312903 0.824731 0.300000
0 0.766667 0.330108 0.781720 0.344086 0.822581 0.300000 0.807527 0.286022
0 0.689247 0.222581 0.705376 0.233333 0.740860 0.186022 0.724731 0.175269
0 0.707527 0.232258 0.721505 0.243011 0.756989 0.195699 0.743011 0.184946
0 0.722581 0.241935 0.738710 0.253763 0.774194 0.207527 0.758065 0.195699
0 0.740860 0.252688 0.755914 0.264516 0.790323 0.218280 0.775269 0.206452
0 0.770968 0.579570 0.897849 0.606452 0.902151 0.586022 0.775269 0.559140
0 0.776344 0.559140 0.903226 0.586022 0.907527 0.565591 0.780645 0.538710
0 0.449462 0.502151 0.443011 0.531183 0.726882 0.586022 0.733333 0.556989
0 0.454839 0.473118 0.449462 0.502151 0.732258 0.556989 0.737634 0.527957
1 0.795699 0.958065 0.778495 0.848387 0.752688 0.852688 0.769892 0.962366
0 0.061290 0.401075 0.054839 0.433333 0.379570 0.495699 0.386022 0.463441
0 0.055914 0.432258 0.048387 0.469892 0.376344 0.537634 0.383871 0.500000