1 0.826882 0.206452 0.883871 0.206452 0.883871 0.227957 0.826882 0.227957
1 0.365591 0.054839 0.384946 0.050538 0.376344 0.007527 0.356989 0.011828
1 0.386022 0.050538 0.409677 0.045161 0.401075 0.005376 0.376344 0.011828
1 0.411828 0.051613 0.433333 0.045161 0.422581 0.007527 0.401075 0.015054
1 0.437634 0.050538 0.453763 0.043011 0.436559 0.003226 0.419355 0.010753
1 0.454839 0.044086 0.468817 0.037634 0.452688 0.002151 0.439785 0.008602
1 0.472043 0.106452 0.489247 0.101075 0.475269 0.055914 0.458065 0.061290
1 0.454839 0.107527 0.470968 0.103226 0.459140 0.064516 0.443011 0.068817
1 0.436559 0.115054 0.455914 0.108602 0.439785 0.064516 0.420430 0.070968
1 0.421505 0.124731 0.437634 0.119355 0.422581 0.075269 0.405376 0.080645
1 0.403226 0.125806 0.420430 0.119355 0.404301 0.078495 0.387097 0.084946
1 0.386022 0.134409 0.405376 0.126882 0.389247 0.089247 0.369892 0.097849
1 0.406452 0.233333 0.427957 0.225806 0.411828 0.179570 0.390323 0.186022
1 0.435484 0.219355 0.451613 0.205376 0.419355 0.166667 0.402151 0.180645
1 0.049462 0.372043 0.061290 0.359140 0.021505 0.321505 0.009677 0.334409
0 0.036559 0.646237 0.081720 0.638710 0.047312 0.437634 0.003226 0.445161
0 0.083871 0.901075 0.121505 0.895699 0.094624 0.721505 0.058065 0.726882
1 0.498925 0.729032 0.581720 0.713978 0.504301 0.281720 0.421505 0.296774