1 0.721505 0.777419 0.759140 0.777419 0.759140 0.789247 0.721505 0.789247
1 0.723656 0.789247 0.763441 0.789247 0.763441 0.798925 0.723656 0.798925
1 0.718280 0.800000 0.782796 0.800000 0.782796 0.817204 0.718280 0.817204
1 0.717204 0.853763 0.760215 0.859140 0.762366 0.847312 0.719355 0.841935
1 0.710753 0.863441 0.759140 0.875269 0.762366 0.863441 0.713978 0.851613
1 0.707527 0.878495 0.758065 0.890323 0.761290 0.876344 0.710753 0.864516
1 0.705376 0.892473 0.753763 0.904301 0.756989 0.890323 0.708602 0.878495
0 0.517204 0.901075 0.646237 0.908602 0.648387 0.886022 0.519355 0.878495
0 0.519355 0.877419 0.647312 0.886022 0.648387 0.864516 0.520430 0.855914
0 0.513978 0.854839 0.708602 0.867742 0.709677 0.846237 0.515054 0.833333
0 0.513978 0.804301 0.708602 0.817204 0.709677 0.793548 0.515054 0.780645
0 0.532258 0.778495 0.639785 0.788172 0.641935 0.767742 0.534409 0.758065
0 0.539785 0.758065 0.646237 0.766667 0.647312 0.747312 0.540860 0.738710
1 0.545161 0.735484 0.631183 0.747312 0.633333 0.731183 0.547312 0.719355
1 0.548387 0.719355 0.636559 0.729032 0.638710 0.710753 0.550538 0.701075