0 0.313978 0.184946 0.380645 0.216129 0.387097 0.202151 0.320430 0.170968
0 0.317204 0.170968 0.402151 0.208602 0.411828 0.188172 0.326882 0.150538
1 0.696774 0.155914 0.707527 0.158065 0.713978 0.134409 0.703226 0.132258
0 0.847312 0.274194 0.872043 0.238710 0.720430 0.136559 0.695699 0.172043
0 0.834409 0.317204 0.859140 0.280645 0.698925 0.173118 0.674194 0.209677
0 0.864516 0.396774 0.891398 0.355914 0.679570 0.213978 0.652688 0.254839
0 0.695699 0.708602 0.449462 0.553763 0.426882 0.590323 0.673118 0.745161
0 0.716129 0.672043 0.476344 0.515054 0.451613 0.551613 0.691398 0.708602
0 0.854839 0.474194 0.601075 0.315054 0.573118 0.360215 0.826882 0.519355
0 0.847312 0.483871 0.873118 0.445161 0.625806 0.279570 0.600000 0.318280
2 0.690323 0.758065 0.375269 0.535484 0.356989 0.560215 0.672043 0.782796
2 0.907527 0.426882 0.594624 0.213978 0.576344 0.239785 0.889247 0.452688
0 0.701075 0.824731 0.394624 0.601075 0.352688 0.659140 0.659140 0.882796