1 0.268817 0.506452 0.351613 0.470968 0.339785 0.444086 0.256989 0.479570
0 0.361290 0.524731 0.724731 0.359140 0.698925 0.303226 0.335484 0.468817
1 0.910753 0.930108 0.947312 0.916129 0.904301 0.808602 0.867742 0.822581
3 0.877419 0.565591 1.000000 0.565591 1.000000 0.640860 0.877419 0.640860
3 0.796774 0.619355 0.975269 0.549462 0.963441 0.521505 0.786022 0.591398
3 0.772043 0.595699 0.905376 0.543011 0.893548 0.512903 0.760215 0.565591
0 0.869892 0.321505 1.000000 0.321505 1.000000 0.388172 0.869892 0.388172
0 0.854839 0.284946 1.000000 0.284946 1.000000 0.350538 0.854839 0.350538
1 0.773118 0.202151 0.800000 0.190323 0.762366 0.107527 0.735484 0.119355
1 0.736559 0.200000 0.764516 0.187097 0.732258 0.116129 0.704301 0.129032
3 0.433333 0.144086 0.438710 0.141935 0.433333 0.125806 0.427957 0.126882
1 0.438710 0.139785 0.447312 0.136559 0.440860 0.121505 0.433333 0.124731
1 0.422581 0.144086 0.431183 0.141935 0.425806 0.117204 0.417204 0.118280
1 0.409677 0.150538 0.423656 0.148387 0.416129 0.113978 0.403226 0.117204
1 0.381720 0.170968 0.422581 0.166667 0.421505 0.152688 0.379570 0.156989
3 0.545161 0.174194 0.683871 0.137634 0.676344 0.109677 0.537634 0.146237
3 0.533333 0.146237 0.682796 0.107527 0.674194 0.075269 0.524731 0.112903
1 0.519355 0.113978 0.672043 0.074194 0.663441 0.039785 0.510753 0.079570
1 0.492473 0.083871 0.667742 0.037634 0.659140 0.004301 0.482796 0.050538
3 0.431183 0.115054 0.454839 0.109677 0.435484 0.026882 0.411828 0.032258
3 0.402151 0.122581 0.431183 0.116129 0.410753 0.032258 0.381720 0.038710
3 0.455914 0.109677 0.487097 0.102151 0.465591 0.015054 0.434409 0.022581