1 0.162366 0.340860 0.169892 0.358065 0.241935 0.327957 0.234409 0.310753
1 0.119355 0.091398 0.133333 0.105376 0.198925 0.039785 0.184946 0.025806
1 0.012903 0.707527 0.068817 0.659140 0.055914 0.645161 0.001075 0.693548
1 0.119355 0.581720 0.195699 0.531183 0.188172 0.519355 0.111828 0.569892
1 0.239785 0.631183 0.297849 0.588172 0.287097 0.573118 0.229032 0.616129
1 0.778495 0.252688 0.843011 0.198925 0.830108 0.183871 0.765591 0.237634
1 0.933333 0.089247 0.994624 0.033333 0.980645 0.018280 0.919355 0.074194
1 0.649462 0.367742 0.711828 0.315054 0.698925 0.298925 0.636559 0.351613
1 0.544086 0.390323 0.607527 0.335484 0.593548 0.319355 0.530108 0.374194
1 0.420430 0.425806 0.531183 0.344086 0.517204 0.324731 0.406452 0.406452
1 0.490323 0.280645 0.659140 0.163441 0.640860 0.136559 0.472043 0.253763
0 0.365591 0.650538 0.382796 0.673118 0.567742 0.536559 0.550538 0.513978
0 0.625806 0.511828 0.947312 0.249462 0.901075 0.191398 0.579570 0.453763