0 0.712903 0.812903 0.837634 0.844086 0.846237 0.810753 0.721505 0.779570
0 0.721505 0.778495 0.845161 0.808602 0.852688 0.776344 0.729032 0.746237
0 0.721505 0.744086 0.843011 0.774194 0.852688 0.733333 0.731183 0.703226
0 0.725806 0.701075 0.867742 0.736559 0.878495 0.692473 0.736559 0.656989
0 0.663441 0.808602 0.711828 0.812903 0.723656 0.683871 0.675269 0.679570
0 0.613978 0.798925 0.662366 0.803226 0.674194 0.676344 0.625806 0.672043
0 0.567742 0.793548 0.613978 0.792473 0.610753 0.610753 0.564516 0.611828
0 0.505376 0.781720 0.552688 0.786022 0.567742 0.624731 0.520430 0.620430
0 0.134409 0.720430 0.181720 0.720430 0.186022 0.458065 0.138710 0.458065
0 0.080645 0.712903 0.126882 0.716129 0.140860 0.500000 0.094624 0.496774
0 0.439785 0.761290 0.462366 0.393548 0.383871 0.389247 0.361290 0.756989
0 0.088172 0.712903 0.089247 0.383871 0.021505 0.383871 0.020430 0.712903
0 0.256989 0.737634 0.280645 0.283871 0.196774 0.279570 0.173118 0.733333