1 0.047312 0.908602 0.064516 0.908602 0.063441 0.866667 0.047312 0.866667
1 0.262366 0.592473 0.272043 0.592473 0.272043 0.577419 0.263441 0.576344
1 0.161290 0.613978 0.170968 0.615054 0.170968 0.601075 0.162366 0.600000
1 0.102151 0.553763 0.110753 0.553763 0.108602 0.529032 0.100000 0.530108
1 0.254839 0.398925 0.265591 0.403226 0.274194 0.382796 0.264516 0.377419
1 0.177419 0.423656 0.193548 0.425806 0.196774 0.401075 0.181720 0.398925
1 0.246237 0.312903 0.258065 0.307527 0.246237 0.286022 0.234409 0.291398
1 0.140860 0.338710 0.149462 0.332258 0.133333 0.310753 0.124731 0.317204
1 0.500000 0.063441 0.517204 0.055914 0.501075 0.018280 0.482796 0.025806
1 0.302151 0.155914 0.315054 0.151613 0.306452 0.127957 0.293548 0.132258
1 0.127957 0.166667 0.139785 0.167742 0.143011 0.139785 0.131183 0.138710