0 0.099650 0.191566 0.073427 0.196386 0.106643 0.555422 0.132867 0.550602
3 0.215909 0.131325 0.218531 0.160241 0.395979 0.128916 0.393357 0.100000
0 0.447552 0.154217 0.426573 0.159036 0.454545 0.448193 0.475524 0.443373
3 0.545455 0.073494 0.547203 0.107229 0.722028 0.085542 0.720280 0.051807
0 0.790210 0.054217 0.767483 0.057831 0.791958 0.350602 0.814685 0.346988
0 0.852273 0.050602 0.826049 0.054217 0.848776 0.342169 0.875000 0.338554
0 0.133741 0.613253 0.100524 0.619277 0.131993 0.948193 0.165210 0.942169
0 0.198427 0.603614 0.172203 0.608434 0.205420 0.972289 0.231643 0.967470
0 0.487762 0.580723 0.464161 0.584337 0.484266 0.877108 0.507867 0.873494
0 0.555070 0.434940 0.510490 0.443373 0.549825 0.871084 0.594406 0.862651
0 0.819930 0.413253 0.770979 0.424096 0.812937 0.789157 0.861888 0.778313
0 0.896853 0.406024 0.855769 0.413253 0.888112 0.769880 0.929196 0.762651
0 0.162587 0.183133 0.135490 0.187952 0.173077 0.544578 0.200175 0.539759
1 0.034965 0.210843 0.034965 0.232530 0.078671 0.232530 0.078671 0.210843
1 0.057692 0.466265 0.057692 0.492771 0.099650 0.492771 0.099650 0.466265