3 0.739785 0.491398 0.758065 0.483871 0.755914 0.479570 0.738710 0.487097
3 0.618280 0.533333 0.641935 0.523656 0.638710 0.517204 0.615054 0.527957
3 0.588172 0.541935 0.604301 0.535484 0.602151 0.530108 0.586022 0.536559
1 0.794624 0.479570 0.821505 0.468817 0.818280 0.462366 0.792473 0.474194
1 0.765591 0.484946 0.786022 0.475269 0.783871 0.469892 0.763441 0.478495
1 0.688172 0.508602 0.707527 0.500000 0.705376 0.494624 0.684946 0.503226
1 0.654839 0.519355 0.670968 0.512903 0.668817 0.507527 0.652688 0.513978
1 0.346237 0.619355 0.376344 0.608602 0.373118 0.598925 0.343011 0.609677
1 0.306452 0.630108 0.330108 0.620430 0.326882 0.611828 0.302151 0.621505
1 0.265591 0.639785 0.283871 0.632258 0.280645 0.625806 0.263441 0.633333
1 0.236559 0.648387 0.259140 0.639785 0.256989 0.633333 0.234409 0.641935
1 0.200000 0.661290 0.230108 0.650538 0.226882 0.641935 0.195699 0.652688