3 0.846237 0.961290 0.889247 0.961290 0.889247 1.000000 0.846237 1.000000
1 0.684946 0.637634 0.729032 0.622581 0.723656 0.607527 0.679570 0.622581
1 0.613978 0.518280 0.725806 0.497849 0.719355 0.464516 0.607527 0.484946
3 0.588172 0.488172 0.782796 0.453763 0.777419 0.421505 0.582796 0.455914
3 0.604301 0.451613 0.786022 0.419355 0.780645 0.389247 0.598925 0.421505
3 0.647312 0.412903 0.778495 0.389247 0.774194 0.361290 0.643011 0.384946
1 0.395699 0.484946 0.497849 0.453763 0.492473 0.433333 0.390323 0.464516
3 0.363441 0.455914 0.537634 0.405376 0.529032 0.374194 0.354839 0.424731
1 0.560215 0.113978 0.592473 0.122581 0.594624 0.111828 0.562366 0.103226
3 0.553763 0.094624 0.594624 0.094624 0.594624 0.106452 0.553763 0.106452
1 0.517204 0.066667 0.609677 0.066667 0.609677 0.088172 0.517204 0.088172
3 0.531183 0.041935 0.638710 0.041935 0.638710 0.062366 0.531183 0.062366