0 0.722581 0.504301 0.748387 0.522581 0.877419 0.345161 0.851613 0.326882
0 0.710753 0.390323 0.725806 0.401075 0.798925 0.300000 0.783871 0.289247
0 0.724731 0.405376 0.739785 0.416129 0.812903 0.315054 0.797849 0.304301
0 0.520430 0.682796 0.538710 0.695699 0.673118 0.510753 0.654839 0.497849
0 0.458065 0.153763 0.473118 0.165591 0.544086 0.067742 0.529032 0.055914
0 0.434409 0.369892 0.472043 0.395699 0.627957 0.172043 0.590323 0.146237
0 0.405376 0.330108 0.443011 0.355914 0.611828 0.112903 0.574194 0.087097
0 0.538710 0.759140 0.566667 0.777419 0.719355 0.554839 0.691398 0.536559
2 0.582796 0.005376 0.133333 0.650538 0.156989 0.667742 0.606452 0.022581
2 0.831183 0.281720 0.532258 0.703226 0.564516 0.726882 0.863441 0.305376
0 0.845161 0.762366 0.858065 0.769892 0.950538 0.631183 0.937634 0.623656
0 0.915054 0.326882 0.924731 0.333333 0.996774 0.223656 0.987097 0.217204
0 0.097849 0.580645 0.149462 0.619355 0.390323 0.296774 0.338710 0.258065
0 0.160215 0.674194 0.197849 0.700000 0.392473 0.420430 0.354839 0.394624