0 0.819355 0.948387 0.849462 0.969892 1.000000 0.755914 0.969892 0.734409
0 0.483871 0.777419 0.509677 0.794624 0.662366 0.577419 0.636559 0.559140
0 0.512903 0.849462 0.536559 0.865591 0.664516 0.682796 0.640860 0.666667
0 0.678495 0.616129 0.705376 0.635484 0.824731 0.465591 0.797849 0.446237
0 0.389247 0.398925 0.416129 0.418280 0.538710 0.241935 0.511828 0.223656
2 0.526882 0.117204 0.084946 0.769892 0.118280 0.792473 0.560215 0.139785
2 0.795699 0.393548 0.490323 0.820430 0.516129 0.839785 0.821505 0.411828
0 0.817204 0.850538 0.824731 0.855914 0.905376 0.745161 0.897849 0.739785
0 0.884946 0.427957 0.890323 0.431183 0.955914 0.331183 0.950538 0.327957
0 0.016129 0.732258 0.068817 0.773118 0.310753 0.467742 0.258065 0.426882
0 0.123656 0.765591 0.158065 0.789247 0.332258 0.539785 0.297849 0.516129