0 0.770968 0.520430 0.835484 0.520430 0.835484 0.509677 0.770968 0.509677
0 0.769892 0.509677 0.836559 0.509677 0.836559 0.496774 0.769892 0.496774
0 0.893548 0.424731 0.900000 0.415054 0.854839 0.381720 0.848387 0.391398
0 0.884946 0.436559 0.893548 0.425806 0.846237 0.391398 0.837634 0.402151
1 0.713978 0.168817 0.731183 0.180645 0.782796 0.102151 0.765591 0.090323
1 0.744086 0.173118 0.759140 0.190323 0.840860 0.117204 0.825806 0.100000
1 0.043011 0.700000 0.054839 0.717204 0.129032 0.665591 0.117204 0.648387
1 0.182796 0.632258 0.201075 0.650538 0.275269 0.576344 0.256989 0.558065
1 0.130108 0.589247 0.147312 0.606452 0.211828 0.541935 0.194624 0.524731
1 0.301075 0.510753 0.316129 0.529032 0.400000 0.461290 0.384946 0.443011
1 0.508602 0.412903 0.523656 0.429032 0.607527 0.354839 0.592473 0.338710
1 0.438710 0.376344 0.453763 0.392473 0.524731 0.324731 0.509677 0.308602
1 0.307527 0.255914 0.325806 0.276344 0.415054 0.191398 0.396774 0.170968
1 0.449462 0.263441 0.475269 0.290323 0.589247 0.183871 0.563441 0.156989
1 0.309677 0.344086 0.330108 0.364516 0.432258 0.268817 0.411828 0.248387
0 0.270968 0.716129 0.598925 0.452688 0.552688 0.395699 0.224731 0.659140