1 0.412903 0.890323 0.461290 0.859140 0.449462 0.840860 0.401075 0.872043
1 0.422581 0.983871 0.474194 0.968817 0.467742 0.945161 0.416129 0.960215
1 0.307527 0.986022 0.354839 0.962366 0.344086 0.940860 0.296774 0.964516
1 0.301075 0.962366 0.347312 0.939785 0.337634 0.919355 0.291398 0.941935
1 0.145161 0.869892 0.192473 0.869892 0.192473 0.887097 0.145161 0.887097
1 0.096774 0.718280 0.067742 0.672043 0.049462 0.683871 0.078495 0.730108
1 0.073118 0.725806 0.045161 0.680645 0.027957 0.691398 0.055914 0.736559
1 0.636559 0.579570 0.600000 0.544086 0.584946 0.560215 0.621505 0.595699
1 0.565591 0.618280 0.535484 0.586022 0.518280 0.603226 0.548387 0.635484
1 0.324731 0.578495 0.307527 0.538710 0.290323 0.546237 0.307527 0.586022
1 0.310753 0.588172 0.284946 0.552688 0.269892 0.564516 0.295699 0.600000
1 0.295699 0.601075 0.269892 0.566667 0.254839 0.577419 0.280645 0.611828
1 0.280645 0.613978 0.255914 0.579570 0.241935 0.590323 0.266667 0.624731
1 0.262366 0.625806 0.238710 0.584946 0.223656 0.593548 0.247312 0.634409
1 0.244086 0.632258 0.217204 0.584946 0.198925 0.595699 0.225806 0.643011
1 0.159140 0.607527 0.198925 0.569892 0.184946 0.553763 0.145161 0.591398
1 0.145161 0.589247 0.180645 0.555914 0.164516 0.539785 0.129032 0.573118
1 0.202151 0.490323 0.221505 0.506452 0.251613 0.470968 0.232258 0.454839
1 0.001075 0.466667 0.044086 0.466667 0.044086 0.509677 0.001075 0.509677
1 0.001075 0.446237 0.029032 0.446237 0.029032 0.484946 0.001075 0.484946
1 0.150538 0.367742 0.161290 0.375269 0.180645 0.348387 0.169892 0.340860
1 0.129032 0.361290 0.144086 0.372043 0.169892 0.337634 0.154839 0.326882
1 0.003226 0.249462 0.022581 0.251613 0.029032 0.202151 0.009677 0.200000
1 0.024731 0.252688 0.044086 0.254839 0.050538 0.205376 0.031183 0.203226
1 0.046237 0.255914 0.067742 0.259140 0.074194 0.200000 0.052688 0.196774
1 0.068817 0.246237 0.092473 0.248387 0.098925 0.201075 0.075269 0.198925
1 0.095699 0.243011 0.118280 0.246237 0.123656 0.200000 0.101075 0.196774