1 0.036559 0.624731 0.159140 0.603226 0.153763 0.575269 0.032258 0.596774
1 0.829032 0.523656 0.863441 0.523656 0.863441 0.609677 0.829032 0.609677
1 0.948387 0.321505 1.000000 0.321505 1.000000 0.352688 0.948387 0.352688
1 0.872043 0.191398 0.889247 0.192473 0.894624 0.139785 0.877419 0.137634
1 0.889247 0.130108 0.906452 0.130108 0.906452 0.186022 0.889247 0.186022
1 0.886022 0.072043 0.902151 0.072043 0.902151 0.126882 0.886022 0.126882
1 0.678495 0.202151 0.712903 0.202151 0.712903 0.215054 0.678495 0.215054
1 0.648387 0.206452 0.674194 0.206452 0.674194 0.218280 0.648387 0.218280
1 0.640860 0.181720 0.649462 0.181720 0.649462 0.202151 0.640860 0.202151
1 0.645161 0.120430 0.655914 0.120430 0.655914 0.146237 0.645161 0.146237
1 0.639785 0.016129 0.655914 0.016129 0.655914 0.031183 0.639785 0.031183
1 0.643011 0.058065 0.659140 0.058065 0.659140 0.097849 0.643011 0.097849