0 0.788797 0.927033 0.808999 0.935407 0.843893 0.793062 0.823691 0.784689
0 0.833792 0.764354 0.853076 0.772727 0.887052 0.632775 0.867769 0.624402
0 0.873278 0.606459 0.897153 0.617225 0.933884 0.474880 0.910009 0.464115
0 0.719927 0.404306 0.859504 0.404306 0.859504 0.456938 0.719927 0.456938
0 0.717172 0.373206 0.852158 0.373206 0.852158 0.404306 0.717172 0.404306
0 0.642792 0.604067 0.667585 0.617225 0.718090 0.448565 0.693297 0.435407
0 0.616162 0.596890 0.640955 0.610048 0.689624 0.443780 0.664830 0.430622
0 0.229568 0.348086 0.261708 0.362440 0.343434 0.046651 0.311295 0.032297
0 0.325987 0.400718 0.358127 0.415072 0.449036 0.046651 0.416896 0.032297
0 0.057851 0.867225 0.114784 0.893541 0.237833 0.443780 0.180900 0.417464
0 0.198347 0.850478 0.235996 0.867225 0.323232 0.544258 0.285583 0.527512
3 0.468320 0.968900 0.516070 0.990431 0.615243 0.614833 0.567493 0.593301