3 0.013978 0.002151 0.059140 0.002151 0.059140 0.041935 0.013978 0.041935
3 0.080645 0.055914 0.111828 0.092473 0.121505 0.083871 0.090323 0.047312
3 0.050538 0.050538 0.096774 0.103226 0.110753 0.091398 0.064516 0.038710
3 0.164516 0.112903 0.207527 0.081720 0.198925 0.069892 0.155914 0.101075
3 0.987097 0.466667 1.000000 0.466667 1.000000 0.484946 0.987097 0.484946
3 0.976344 0.483871 0.993548 0.500000 1.000000 0.494624 0.982796 0.478495
1 0.973118 0.493548 0.989247 0.508602 0.994624 0.502151 0.978495 0.487097
3 0.967742 0.501075 0.982796 0.515054 0.987097 0.509677 0.972043 0.495699
3 0.922581 0.441935 0.977419 0.477419 0.987097 0.461290 0.932258 0.425806
3 0.748387 0.392473 0.862366 0.458065 0.879570 0.429032 0.765591 0.363441
3 0.725806 0.338710 0.894624 0.436559 0.908602 0.411828 0.739785 0.313978
3 0.522581 0.210753 0.702151 0.319355 0.718280 0.292473 0.538710 0.183871
3 0.500000 0.237634 0.675269 0.344086 0.693548 0.312903 0.518280 0.206452
1 0.294624 0.209677 0.325806 0.190323 0.316129 0.173118 0.284946 0.192473
1 0.298925 0.231183 0.330108 0.211828 0.320430 0.196774 0.289247 0.216129
1 0.239785 0.273118 0.300000 0.235484 0.282796 0.206452 0.222581 0.244086
3 0.273118 0.308602 0.295699 0.254839 0.279570 0.248387 0.256989 0.302151
3 0.281720 0.339785 0.326882 0.323656 0.320430 0.307527 0.275269 0.323656
3 0.296774 0.361290 0.340860 0.339785 0.331183 0.320430 0.287097 0.341935
3 0.308602 0.379570 0.377419 0.346237 0.368817 0.327957 0.300000 0.361290
1 0.362366 0.404301 0.379570 0.387097 0.373118 0.380645 0.355914 0.397849
1 0.326882 0.402151 0.404301 0.365591 0.393548 0.341935 0.316129 0.378495
1 0.352688 0.445161 0.379570 0.480645 0.393548 0.470968 0.366667 0.435484
3 0.658065 0.818280 0.698925 0.867742 0.713978 0.854839 0.673118 0.805376
1 0.410753 0.521505 0.469892 0.609677 0.498925 0.590323 0.439785 0.502151
1 0.517204 0.600000 0.586022 0.703226 0.618280 0.681720 0.549462 0.578495
1 0.484946 0.620430 0.553763 0.722581 0.583871 0.702151 0.515054 0.600000