1 0.332258 0.977419 0.398925 0.977419 0.398925 0.998925 0.332258 0.998925
1 0.326882 0.996774 0.389247 0.975269 0.381720 0.952688 0.319355 0.974194
1 0.001075 0.973118 0.012903 0.990323 0.049462 0.963441 0.037634 0.946237
3 0.072043 0.958065 0.145161 0.911828 0.129032 0.884946 0.054839 0.931183
3 0.174194 0.903226 0.286022 0.833333 0.265591 0.801075 0.153763 0.870968
0 0.282796 0.676344 0.300000 0.650538 0.151613 0.548387 0.134409 0.574194
1 0.434409 0.554839 0.441935 0.561290 0.456989 0.546237 0.449462 0.538710
1 0.446237 0.570968 0.463441 0.554839 0.456989 0.547312 0.439785 0.563441
1 0.530108 0.624731 0.537634 0.619355 0.515054 0.590323 0.507527 0.595699
1 0.518280 0.631183 0.527957 0.623656 0.506452 0.594624 0.496774 0.602151
3 0.447312 0.805376 0.503226 0.788172 0.497849 0.769892 0.441935 0.786022
0 0.808602 0.407527 1.000000 0.407527 1.000000 0.572043 0.808602 0.572043
0 0.637634 0.677419 0.750538 0.578495 0.733333 0.560215 0.621505 0.659140
0 0.651613 0.716129 0.783871 0.598925 0.760215 0.572043 0.627957 0.689247
0 0.670968 0.741935 0.813978 0.615054 0.792473 0.591398 0.650538 0.718280