1 0.860215 0.966667 0.872043 0.984946 0.897849 0.967742 0.887097 0.950538
1 0.700000 0.982796 0.708602 1.000000 0.736559 0.984946 0.727957 0.968817
1 0.507527 0.040860 0.526882 0.055914 0.533333 0.048387 0.512903 0.033333
1 0.562366 0.024731 0.592473 0.046237 0.598925 0.035484 0.568817 0.015054
1 0.653763 0.039785 0.673118 0.055914 0.679570 0.047312 0.660215 0.031183
1 0.781720 0.036559 0.804301 0.041935 0.806452 0.031183 0.783871 0.025806
1 0.907527 0.013978 0.929032 0.021505 0.932258 0.011828 0.910753 0.005376
1 0.715054 0.131183 0.749462 0.136559 0.751613 0.119355 0.718280 0.113978
1 0.632258 0.461290 0.634409 0.476344 0.674194 0.470968 0.672043 0.455914
1 0.563441 0.477419 0.566667 0.490323 0.603226 0.479570 0.600000 0.467742
1 0.572043 0.486022 0.574194 0.497849 0.609677 0.488172 0.606452 0.477419
1 0.317204 0.683871 0.322581 0.698925 0.354839 0.687097 0.349462 0.672043
1 0.429032 0.692473 0.435484 0.707527 0.466667 0.695699 0.460215 0.679570
1 0.373118 0.841935 0.380645 0.855914 0.410753 0.840860 0.403226 0.825806
1 0.358065 0.079570 0.391398 0.088172 0.394624 0.076344 0.361290 0.067742
1 0.360215 0.074194 0.394624 0.076344 0.395699 0.062366 0.361290 0.060215
1 0.292473 0.049462 0.322581 0.065591 0.326882 0.055914 0.297849 0.039785
1 0.880645 0.861290 0.893548 0.881720 0.925806 0.861290 0.913978 0.841935
1 0.939785 0.938710 0.951613 0.954839 0.978495 0.935484 0.967742 0.919355
1 0.786022 0.886022 0.797849 0.896774 0.816129 0.878495 0.805376 0.866667
1 0.392473 0.202151 0.417204 0.217204 0.425806 0.204301 0.400000 0.189247
1 0.359140 0.213978 0.388172 0.207527 0.384946 0.195699 0.356989 0.201075
1 0.256989 0.163441 0.280645 0.164516 0.281720 0.153763 0.258065 0.152688
1 0.191398 0.284946 0.221505 0.281720 0.219355 0.267742 0.190323 0.272043
1 0.297849 0.321505 0.321505 0.318280 0.320430 0.307527 0.296774 0.309677
1 0.480645 0.325806 0.507527 0.333333 0.511828 0.320430 0.484946 0.311828
1 0.402151 0.339785 0.423656 0.345161 0.426882 0.334409 0.405376 0.327957
1 0.460215 0.412903 0.487097 0.418280 0.489247 0.406452 0.462366 0.402151
1 0.505376 0.506452 0.507527 0.522581 0.543011 0.518280 0.540860 0.502151
1 0.424731 0.491398 0.453763 0.482796 0.449462 0.467742 0.420430 0.477419
1 0.370968 0.431183 0.395699 0.438710 0.398925 0.426882 0.374194 0.420430
1 0.272043 0.446237 0.302151 0.438710 0.298925 0.425806 0.268817 0.432258
1 0.186022 0.469892 0.213978 0.473118 0.215054 0.460215 0.187097 0.456989
1 0.303226 0.520430 0.343011 0.513978 0.339785 0.497849 0.301075 0.504301
1 0.363441 0.551613 0.368817 0.567742 0.394624 0.558065 0.388172 0.541935
1 0.407527 0.536559 0.412903 0.551613 0.440860 0.540860 0.435484 0.525806
1 0.122581 0.600000 0.150538 0.596774 0.149462 0.583871 0.121505 0.587097
1 0.208602 0.616129 0.211828 0.632258 0.248387 0.624731 0.245161 0.609677
1 0.010753 0.876344 0.025806 0.890323 0.058065 0.858065 0.044086 0.843011
1 0.065591 0.775269 0.078495 0.789247 0.107527 0.760215 0.094624 0.747312
1 0.092473 0.926882 0.105376 0.945161 0.140860 0.918280 0.126882 0.900000
1 0.438710 0.938710 0.446237 0.952688 0.472043 0.939785 0.464516 0.924731
1 0.651613 0.880645 0.660215 0.897849 0.693548 0.879570 0.683871 0.862366
1 0.584946 0.892473 0.594624 0.910753 0.626882 0.893548 0.617204 0.875269
1 0.509677 0.931183 0.517204 0.946237 0.548387 0.929032 0.540860 0.915054
1 0.296774 0.789247 0.306452 0.803226 0.334409 0.782796 0.323656 0.768817
1 0.329032 0.920430 0.335484 0.933333 0.352688 0.924731 0.347312 0.912903
1 0.470968 0.802151 0.481720 0.817204 0.506452 0.797849 0.495699 0.783871
1 0.396774 0.756989 0.404301 0.772043 0.436559 0.754839 0.429032 0.739785
1 0.470968 0.622581 0.475269 0.639785 0.512903 0.629032 0.508602 0.612903
1 0.520430 0.691398 0.527957 0.707527 0.558065 0.693548 0.550538 0.678495
1 0.576344 0.784946 0.584946 0.801075 0.622581 0.780645 0.612903 0.764516
1 0.817204 0.789247 0.826882 0.801075 0.852688 0.779570 0.841935 0.766667
1 0.884946 0.718280 0.893548 0.730108 0.920430 0.710753 0.911828 0.697849
1 0.724731 0.761290 0.735484 0.772043 0.751613 0.754839 0.740860 0.745161
1 0.661290 0.709677 0.667742 0.720430 0.692473 0.706452 0.686022 0.694624
1 0.713978 0.662366 0.724731 0.676344 0.754839 0.654839 0.745161 0.640860
1 0.816129 0.648387 0.823656 0.660215 0.848387 0.645161 0.840860 0.633333
1 0.893548 0.586022 0.903226 0.598925 0.924731 0.581720 0.913978 0.569892
1 0.801075 0.588172 0.808602 0.598925 0.833333 0.582796 0.826882 0.572043
1 0.684946 0.589247 0.692473 0.604301 0.720430 0.589247 0.711828 0.574194
1 0.697849 0.521505 0.707527 0.537634 0.736559 0.520430 0.727957 0.504301
1 0.777419 0.483871 0.781720 0.501075 0.808602 0.493548 0.804301 0.476344
1 0.827957 0.548387 0.834409 0.558065 0.855914 0.541935 0.850538 0.533333
1 0.954839 0.484946 0.959140 0.495699 0.983871 0.486022 0.979570 0.475269
1 0.912903 0.507527 0.936559 0.497849 0.931183 0.484946 0.907527 0.494624
1 0.846237 0.435484 0.880645 0.427957 0.877419 0.412903 0.843011 0.419355
1 0.941935 0.417204 0.967742 0.443011 0.983871 0.425806 0.958065 0.400000
1 0.902151 0.365591 0.934409 0.364516 0.933333 0.348387 0.901075 0.349462
1 0.795699 0.370968 0.832258 0.365591 0.829032 0.346237 0.792473 0.351613
1 0.755914 0.436559 0.786022 0.425806 0.780645 0.407527 0.749462 0.418280
1 0.663441 0.412903 0.703226 0.407527 0.701075 0.389247 0.661290 0.394624
1 0.572043 0.382796 0.597849 0.380645 0.596774 0.365591 0.570968 0.367742
1 0.701075 0.335484 0.732258 0.331183 0.730108 0.315054 0.698925 0.319355
1 0.592473 0.324731 0.621505 0.325806 0.621505 0.309677 0.592473 0.308602
1 0.547312 0.236559 0.588172 0.239785 0.589247 0.225806 0.548387 0.222581
1 0.474194 0.203226 0.498925 0.220430 0.508602 0.206452 0.483871 0.189247
1 0.427957 0.136559 0.455914 0.148387 0.461290 0.136559 0.433333 0.124731
1 0.651613 0.233333 0.686022 0.235484 0.687097 0.221505 0.652688 0.219355
1 0.852688 0.200000 0.870968 0.192473 0.866667 0.181720 0.848387 0.189247
1 0.719355 0.260215 0.749462 0.262366 0.750538 0.245161 0.720430 0.243011
1 0.848387 0.268817 0.884946 0.264516 0.882796 0.248387 0.847312 0.252688
1 0.936559 0.293548 0.970968 0.279570 0.965591 0.264516 0.930108 0.278495
1 0.952688 0.182796 0.958065 0.196774 0.983871 0.188172 0.979570 0.174194
1 0.905376 0.172043 0.935484 0.173118 0.936559 0.160215 0.906452 0.158065
1 0.927957 0.103226 0.965591 0.104301 0.965591 0.088172 0.927957 0.087097
1 0.874194 0.069892 0.894624 0.076344 0.898925 0.065591 0.877419 0.059140
1 0.824731 0.113978 0.849462 0.113978 0.849462 0.102151 0.824731 0.102151
1 0.641935 0.137634 0.662366 0.151613 0.668817 0.143011 0.648387 0.129032
1 0.588172 0.127957 0.607527 0.139785 0.612903 0.130108 0.593548 0.119355