1 0.395699 0.189247 0.419355 0.176344 0.415054 0.167742 0.391398 0.180645
1 0.658065 0.807527 0.676344 0.820430 0.681720 0.811828 0.663441 0.798925
1 0.645161 0.817204 0.664516 0.830108 0.670968 0.821505 0.651613 0.808602
1 0.623656 0.624731 0.649462 0.603226 0.638710 0.590323 0.612903 0.611828
1 0.596774 0.588172 0.627957 0.575269 0.622581 0.562366 0.591398 0.575269
1 0.470968 0.581720 0.487097 0.568817 0.481720 0.562366 0.465591 0.575269
3 0.450538 0.629032 0.483871 0.669892 0.495699 0.659140 0.462366 0.618280
3 0.408602 0.594624 0.425806 0.605376 0.430108 0.598925 0.412903 0.588172
1 0.464516 0.606452 0.484946 0.617204 0.488172 0.610753 0.467742 0.600000
1 0.447312 0.608602 0.473118 0.591398 0.466667 0.582796 0.440860 0.600000
1 0.467742 0.623656 0.486022 0.639785 0.491398 0.634409 0.473118 0.618280
1 0.434409 0.613978 0.449462 0.627957 0.453763 0.622581 0.438710 0.608602
1 0.416129 0.640860 0.435484 0.659140 0.441935 0.651613 0.422581 0.633333
1 0.407527 0.651613 0.416129 0.643011 0.394624 0.619355 0.386022 0.627957
1 0.493548 0.713978 0.480645 0.701075 0.452688 0.729032 0.465591 0.741935
1 0.448387 0.729032 0.461290 0.717204 0.422581 0.677419 0.409677 0.689247
1 0.410753 0.686022 0.421505 0.675269 0.384946 0.636559 0.374194 0.647312
1 0.365591 0.722581 0.375269 0.713978 0.346237 0.681720 0.336559 0.690323
1 0.332258 0.684946 0.343011 0.675269 0.306452 0.633333 0.295699 0.643011
3 0.412903 0.773118 0.424731 0.761290 0.378495 0.712903 0.366667 0.724731
1 0.301075 0.851613 0.325806 0.861290 0.329032 0.851613 0.304301 0.841935
1 0.341935 0.794624 0.358065 0.810753 0.365591 0.803226 0.349462 0.787097
1 0.312903 0.751613 0.339785 0.729032 0.332258 0.719355 0.305376 0.741935
1 0.248387 0.720430 0.225806 0.700000 0.218280 0.707527 0.240860 0.727957
1 0.354839 0.822581 0.306452 0.779570 0.294624 0.792473 0.343011 0.835484
1 0.306452 0.778495 0.255914 0.722581 0.241935 0.735484 0.292473 0.791398
1 0.239785 0.752688 0.208602 0.723656 0.201075 0.733333 0.232258 0.762366
1 0.209677 0.787097 0.227957 0.765591 0.220430 0.759140 0.202151 0.780645
1 0.576344 0.400000 0.663441 0.324731 0.647312 0.305376 0.560215 0.380645
3 0.117204 0.347312 0.341935 0.384946 0.353763 0.319355 0.129032 0.281720