1 0.196774 0.001075 0.249462 0.001075 0.249462 0.048387 0.196774 0.048387
1 0.001075 0.030108 0.090323 0.030108 0.090323 0.193548 0.001075 0.193548
1 0.896774 0.865591 0.911828 0.865591 0.911828 0.905376 0.896774 0.905376
1 0.315054 0.169892 0.469892 0.410753 0.512903 0.382796 0.358065 0.141935
0 0.077419 0.232258 0.236559 0.473118 0.275269 0.447312 0.116129 0.206452
3 0.267742 0.787097 0.291398 0.823656 0.304301 0.815054 0.280645 0.778495
3 0.292473 0.827957 0.326882 0.876344 0.339785 0.866667 0.305376 0.818280
1 0.019355 0.809677 0.073118 0.780645 0.064516 0.764516 0.010753 0.793548
1 0.133333 0.778495 0.192473 0.741935 0.178495 0.720430 0.119355 0.756989
3 0.213978 0.615054 0.230108 0.611828 0.224731 0.582796 0.208602 0.586022
1 0.187097 0.535484 0.286022 0.683871 0.311828 0.666667 0.212903 0.518280
1 0.023656 0.561290 0.132258 0.494624 0.113978 0.464516 0.005376 0.531183