1 0.844086 0.625806 0.996774 0.625806 0.996774 0.716129 0.844086 0.716129
1 0.635484 0.640860 0.754839 0.698925 0.770968 0.665591 0.652688 0.607527
1 0.653763 0.606452 0.772043 0.663441 0.788172 0.631183 0.668817 0.574194
1 0.669892 0.572043 0.794624 0.632258 0.809677 0.600000 0.684946 0.538710
1 0.540860 0.546237 0.643011 0.595699 0.658065 0.565591 0.555914 0.516129
1 0.558065 0.516129 0.660215 0.564516 0.675269 0.532258 0.574194 0.483871
1 0.472043 0.451613 0.511828 0.474194 0.517204 0.464516 0.477419 0.441935
1 0.468817 0.467742 0.509677 0.490323 0.517204 0.477419 0.476344 0.454839
1 0.406452 0.445161 0.465591 0.473118 0.472043 0.458065 0.412903 0.430108
1 0.407527 0.425806 0.465591 0.453763 0.470968 0.439785 0.413978 0.412903
1 0.297849 0.372043 0.333333 0.388172 0.337634 0.378495 0.302151 0.362366
1 0.321505 0.421505 0.370968 0.445161 0.377419 0.431183 0.327957 0.407527
1 0.329032 0.406452 0.384946 0.433333 0.391398 0.420430 0.335484 0.394624
1 0.337634 0.392473 0.397849 0.420430 0.403226 0.407527 0.344086 0.379570