0 0.155914 0.839785 0.191398 0.848387 0.220430 0.721505 0.184946 0.712903
0 0.193548 0.845161 0.226882 0.852688 0.255914 0.726882 0.222581 0.719355
0 0.230108 0.847312 0.267742 0.855914 0.296774 0.729032 0.259140 0.720430
0 0.265591 0.863441 0.311828 0.874194 0.343011 0.738710 0.296774 0.727957
0 0.183871 0.709677 0.318280 0.726882 0.323656 0.677419 0.189247 0.660215
0 0.193548 0.659140 0.326882 0.676344 0.333333 0.626882 0.200000 0.609677
0 0.205376 0.610753 0.390323 0.615054 0.392473 0.569892 0.207527 0.565591
0 0.208602 0.549462 0.373118 0.580645 0.382796 0.530108 0.218280 0.498925
0 0.274194 0.126882 0.543011 0.126882 0.543011 0.190323 0.274194 0.190323
0 0.281720 0.078495 0.504301 0.078495 0.504301 0.133333 0.281720 0.133333
0 0.240860 0.438710 0.606452 0.458065 0.610753 0.374194 0.245161 0.354839
0 0.287097 0.088172 0.615054 0.088172 0.615054 0.020430 0.287097 0.020430
0 0.261290 0.256989 0.715054 0.280645 0.719355 0.196774 0.265591 0.173118