1 0.333333 1.000000 0.354839 0.975269 0.345161 0.966667 0.323656 0.991398
1 0.211828 0.996774 0.231183 0.975269 0.220430 0.965591 0.201075 0.988172
1 0.011828 0.816129 0.033333 0.803226 0.026882 0.792473 0.005376 0.805376
1 0.038710 0.858065 0.058065 0.845161 0.052688 0.836559 0.032258 0.849462
1 0.015054 0.694624 0.040860 0.683871 0.037634 0.675269 0.011828 0.686022
1 0.032258 0.632258 0.068817 0.620430 0.063441 0.604301 0.026882 0.616129
1 0.834409 0.979570 0.880645 0.935484 0.866667 0.920430 0.819355 0.963441
1 0.258065 0.900000 0.286022 0.882796 0.276344 0.867742 0.248387 0.884946
1 0.712903 0.577419 0.735484 0.555914 0.721505 0.540860 0.698925 0.562366
1 0.523656 0.567742 0.554839 0.549462 0.546237 0.535484 0.515054 0.553763
1 0.362366 0.423656 0.393548 0.400000 0.384946 0.389247 0.353763 0.412903
1 0.043011 0.248387 0.069892 0.239785 0.065591 0.226882 0.038710 0.235484
1 0.139785 0.219355 0.172043 0.212903 0.168817 0.195699 0.136559 0.203226
1 0.193548 0.284946 0.232258 0.272043 0.226882 0.254839 0.188172 0.267742
1 0.184946 0.391398 0.219355 0.374194 0.213978 0.363441 0.179570 0.380645
1 0.144086 0.441935 0.179570 0.430108 0.175269 0.416129 0.139785 0.427957
1 0.083871 0.396774 0.105376 0.383871 0.098925 0.375269 0.078495 0.388172
1 0.074194 0.511828 0.105376 0.498925 0.098925 0.483871 0.067742 0.496774
1 0.125806 0.578495 0.161290 0.560215 0.152688 0.544086 0.117204 0.562366
1 0.926882 0.588172 0.937634 0.600000 0.966667 0.573118 0.955914 0.561290
1 0.219355 0.487097 0.270968 0.463441 0.259140 0.437634 0.207527 0.461290
1 0.382796 0.538710 0.427957 0.507527 0.416129 0.489247 0.370968 0.521505
1 0.308602 0.615054 0.365591 0.584946 0.352688 0.560215 0.295699 0.590323
1 0.129032 0.883871 0.165591 0.858065 0.158065 0.847312 0.121505 0.874194
1 0.147312 0.756989 0.180645 0.733333 0.169892 0.718280 0.136559 0.741935
1 0.233333 0.580645 0.261290 0.560215 0.253763 0.550538 0.225806 0.570968
1 0.203226 0.630108 0.224731 0.613978 0.217204 0.602151 0.194624 0.618280
1 0.223656 0.712903 0.266667 0.681720 0.251613 0.661290 0.209677 0.692473
1 0.407527 0.665591 0.439785 0.641935 0.426882 0.624731 0.395699 0.648387
1 0.631183 0.660215 0.670968 0.631183 0.655914 0.610753 0.616129 0.639785
1 0.506452 0.786022 0.546237 0.756989 0.532258 0.738710 0.493548 0.767742
1 0.637634 0.837634 0.676344 0.808602 0.662366 0.789247 0.622581 0.817204
1 0.727957 0.922581 0.765591 0.894624 0.754839 0.879570 0.717204 0.907527
1 0.395699 0.922581 0.430108 0.893548 0.418280 0.879570 0.383871 0.908602
1 0.800000 0.819355 0.848387 0.765591 0.816129 0.737634 0.767742 0.791398
1 0.761290 0.560215 0.803226 0.517204 0.779570 0.494624 0.737634 0.536559
1 0.441935 0.295699 0.494624 0.259140 0.482796 0.243011 0.431183 0.278495
1 0.059140 0.015054 0.086022 0.015054 0.086022 0.026882 0.059140 0.026882
1 0.025806 0.062366 0.052688 0.062366 0.052688 0.074194 0.025806 0.074194
1 0.165591 0.095699 0.218280 0.082796 0.212903 0.062366 0.161290 0.074194
3 0.237634 0.191398 0.265591 0.181720 0.262366 0.172043 0.234409 0.181720
1 0.251613 0.213978 0.309677 0.189247 0.300000 0.166667 0.241935 0.191398
1 0.569892 0.181720 0.630108 0.160215 0.620430 0.132258 0.560215 0.153763
1 0.564516 0.156989 0.612903 0.134409 0.602151 0.111828 0.553763 0.134409