0 0.395114 0.696067 0.411963 0.705602 0.443976 0.584029 0.427127 0.574493
0 0.412805 0.703218 0.431340 0.713945 0.463353 0.593564 0.444819 0.582837
1 0.037068 0.550656 0.092671 0.580453 0.234204 0.038141 0.178602 0.008343
3 0.081719 0.684148 0.071609 0.722288 0.245156 0.820024 0.255265 0.781883
0 0.356361 0.457688 0.410278 0.487485 0.526537 0.045292 0.472620 0.015495
0 0.443134 0.505364 0.498736 0.532777 0.611626 0.085816 0.556024 0.058403
3 0.301601 0.767580 0.331929 0.784267 0.402696 0.531585 0.372367 0.514899
0 0.748947 0.542312 0.785173 0.561383 0.871946 0.222884 0.835720 0.203814
0 0.826453 0.537545 0.860152 0.555423 0.944398 0.234803 0.910699 0.216925
0 0.636057 0.969011 0.671441 0.988081 0.762426 0.649583 0.727043 0.630513
0 0.716933 0.972586 0.750632 0.989273 0.834878 0.667461 0.801179 0.650775