1 0.975269 0.719355 1.000000 0.719355 1.000000 0.752688 0.975269 0.752688
1 0.975269 0.656989 1.000000 0.656989 1.000000 0.681720 0.975269 0.681720
1 0.980645 0.623656 1.000000 0.623656 1.000000 0.647312 0.980645 0.647312
1 0.902151 0.865591 1.000000 0.865591 1.000000 0.884946 0.902151 0.884946
1 0.868817 0.774194 0.887097 0.798925 0.982796 0.724731 0.964516 0.700000
1 0.882796 0.287097 0.903226 0.280645 0.882796 0.213978 0.862366 0.220430
1 0.895699 0.265591 0.937634 0.252688 0.891398 0.095699 0.849462 0.108602
1 0.847312 0.250538 0.882796 0.243011 0.855914 0.115054 0.820430 0.122581
1 0.800000 0.284946 0.849462 0.274194 0.815054 0.102151 0.765591 0.112903
1 0.751613 0.325806 0.807527 0.313978 0.773118 0.145161 0.717204 0.156989
1 0.696774 0.293548 0.732258 0.293548 0.731183 0.224731 0.695699 0.224731
1 0.660215 0.290323 0.688172 0.290323 0.688172 0.225806 0.660215 0.225806
3 0.615054 0.255914 0.632258 0.263441 0.649462 0.217204 0.632258 0.209677
3 0.627957 0.215054 0.675269 0.209677 0.660215 0.077419 0.612903 0.082796
1 0.596774 0.155914 0.618280 0.153763 0.609677 0.084946 0.588172 0.087097
3 0.478495 0.222581 0.521505 0.231183 0.551613 0.072043 0.508602 0.063441
3 0.456989 0.248387 0.476344 0.250538 0.484946 0.177419 0.465591 0.175269
3 0.437634 0.263441 0.461290 0.254839 0.439785 0.194624 0.416129 0.203226
1 0.409677 0.246237 0.427957 0.239785 0.411828 0.194624 0.393548 0.201075
1 0.322581 0.065591 0.423656 0.065591 0.423656 0.093548 0.322581 0.093548
1 0.380645 0.191398 0.411828 0.193548 0.419355 0.096774 0.388172 0.094624
1 0.246237 0.298925 0.295699 0.302151 0.310753 0.077419 0.261290 0.074194
1 0.176344 0.147312 0.204301 0.149462 0.212903 0.061290 0.184946 0.059140
1 0.164516 0.181720 0.182796 0.178495 0.173118 0.108602 0.154839 0.111828
1 0.135484 0.179570 0.164516 0.175269 0.150538 0.076344 0.121505 0.080645
1 0.089247 0.188172 0.134409 0.182796 0.121505 0.082796 0.076344 0.088172
1 0.044086 0.150538 0.087097 0.150538 0.087097 0.216129 0.044086 0.216129
1 0.001075 0.118280 0.040860 0.118280 0.040860 0.211828 0.001075 0.211828