1 0.022581 0.256989 0.095699 0.265591 0.097849 0.247312 0.024731 0.238710
1 0.035484 0.212903 0.107527 0.224731 0.110753 0.205376 0.038710 0.193548
1 0.039785 0.193548 0.111828 0.204301 0.113978 0.184946 0.043011 0.174194
1 0.068817 0.001075 0.150538 0.001075 0.150538 0.026882 0.068817 0.026882
1 0.064516 0.058065 0.144086 0.065591 0.146237 0.041935 0.066667 0.034409
1 0.072043 0.096774 0.137634 0.103226 0.138710 0.084946 0.074194 0.078495
1 0.145161 0.132258 0.217204 0.138710 0.219355 0.120430 0.147312 0.113978
1 0.129032 0.179570 0.189247 0.180645 0.190323 0.165591 0.129032 0.165591
1 0.124731 0.194624 0.200000 0.206452 0.203226 0.190323 0.127957 0.178495
1 0.121505 0.211828 0.194624 0.222581 0.196774 0.206452 0.124731 0.195699
1 0.118280 0.229032 0.178495 0.238710 0.180645 0.222581 0.120430 0.212903
1 0.115054 0.249462 0.176344 0.259140 0.179570 0.239785 0.118280 0.230108
1 0.429032 0.272043 0.430108 0.255914 0.364516 0.248387 0.363441 0.264516
1 0.435484 0.256989 0.437634 0.238710 0.369892 0.230108 0.367742 0.248387
1 0.432258 0.237634 0.434409 0.220430 0.374194 0.212903 0.372043 0.230108
1 0.441935 0.221505 0.444086 0.203226 0.378495 0.194624 0.376344 0.213978
1 0.431183 0.201075 0.432258 0.186022 0.379570 0.179570 0.378495 0.194624
1 0.446237 0.174194 0.448387 0.155914 0.389247 0.149462 0.387097 0.167742
1 0.450538 0.155914 0.452688 0.137634 0.394624 0.130108 0.392473 0.149462
1 0.462366 0.120430 0.464516 0.103226 0.401075 0.095699 0.398925 0.112903
1 0.459140 0.102151 0.461290 0.086022 0.405376 0.078495 0.403226 0.095699
1 0.465591 0.033333 0.467742 0.019355 0.420430 0.011828 0.418280 0.025806
1 0.403226 0.026882 0.405376 0.009677 0.350538 0.001075 0.348387 0.017204
1 0.396774 0.060215 0.398925 0.043011 0.335484 0.035484 0.333333 0.052688
1 0.388172 0.091398 0.391398 0.075269 0.338710 0.066667 0.336559 0.081720
1 0.383871 0.109677 0.387097 0.091398 0.320430 0.079570 0.317204 0.098925
1 0.380645 0.126882 0.383871 0.108602 0.318280 0.097849 0.315054 0.115054
1 0.375269 0.146237 0.379570 0.126882 0.319355 0.116129 0.316129 0.135484
1 0.368817 0.181720 0.372043 0.162366 0.300000 0.150538 0.296774 0.168817
1 0.297849 0.205376 0.360215 0.215054 0.363441 0.195699 0.301075 0.186022
1 0.303226 0.233333 0.352688 0.240860 0.355914 0.222581 0.306452 0.213978
1 0.282796 0.253763 0.348387 0.264516 0.351613 0.244086 0.286022 0.233333
1 0.343011 0.318280 0.408602 0.329032 0.411828 0.310753 0.345161 0.301075
1 0.265591 0.307527 0.333333 0.318280 0.335484 0.302151 0.267742 0.291398
1 0.973118 0.176344 1.000000 0.176344 1.000000 0.198925 0.973118 0.198925
1 0.968817 0.195699 1.000000 0.195699 1.000000 0.222581 0.968817 0.222581
1 0.958065 0.222581 1.000000 0.222581 1.000000 0.256989 0.958065 0.256989
1 0.947312 0.274194 0.992473 0.284946 0.998925 0.254839 0.953763 0.244086
1 0.946237 0.295699 0.990323 0.306452 0.996774 0.273118 0.953763 0.263441
1 0.934409 0.319355 0.983871 0.331183 0.991398 0.295699 0.941935 0.283871
1 0.935484 0.351613 0.978495 0.361290 0.983871 0.334409 0.941935 0.325806
1 0.926882 0.374194 0.973118 0.384946 0.979570 0.353763 0.934409 0.343011
1 0.927957 0.394624 0.986022 0.407527 0.994624 0.370968 0.936559 0.356989
1 0.801075 0.356989 0.846237 0.367742 0.851613 0.345161 0.806452 0.334409
1 0.746237 0.349462 0.786022 0.359140 0.792473 0.333333 0.752688 0.323656
1 0.591398 0.334409 0.646237 0.340860 0.648387 0.323656 0.593548 0.317204
1 0.592473 0.334409 0.646237 0.340860 0.648387 0.323656 0.593548 0.317204
1 0.586022 0.350538 0.639785 0.356989 0.641935 0.340860 0.587097 0.334409
1 0.603226 0.313978 0.656989 0.319355 0.659140 0.294624 0.605376 0.288172
1 0.608602 0.277419 0.669892 0.283871 0.673118 0.249462 0.612903 0.241935
1 0.624731 0.219355 0.679570 0.225806 0.681720 0.202151 0.626882 0.195699
1 0.630108 0.189247 0.688172 0.195699 0.690323 0.177419 0.632258 0.169892
1 0.636559 0.160215 0.693548 0.166667 0.695699 0.148387 0.638710 0.141935
1 0.643011 0.132258 0.695699 0.138710 0.697849 0.123656 0.644086 0.118280
1 0.646237 0.113978 0.696774 0.120430 0.698925 0.107527 0.647312 0.102151
1 0.649462 0.101075 0.700000 0.106452 0.702151 0.095699 0.650538 0.090323
1 0.651613 0.090323 0.700000 0.095699 0.702151 0.081720 0.653763 0.076344
1 0.654839 0.075269 0.702151 0.080645 0.704301 0.067742 0.656989 0.061290
1 0.659140 0.062366 0.710753 0.067742 0.711828 0.051613 0.661290 0.045161
1 0.662366 0.045161 0.707527 0.050538 0.708602 0.034409 0.664516 0.029032
1 0.665591 0.021505 0.709677 0.026882 0.711828 0.011828 0.667742 0.006452
1 0.596774 0.016129 0.651613 0.022581 0.653763 0.008602 0.597849 0.002151
1 0.604301 0.031183 0.650538 0.036559 0.651613 0.023656 0.605376 0.018280
1 0.593548 0.048387 0.646237 0.054839 0.648387 0.037634 0.594624 0.031183
1 0.581720 0.065591 0.640860 0.073118 0.643011 0.055914 0.583871 0.048387
1 0.579570 0.083871 0.635484 0.090323 0.637634 0.073118 0.581720 0.066667
1 0.576344 0.103226 0.630108 0.109677 0.632258 0.092473 0.578495 0.086022
1 0.575269 0.120430 0.627957 0.126882 0.630108 0.110753 0.577419 0.104301
1 0.567742 0.148387 0.620430 0.154839 0.623656 0.127957 0.570968 0.121505
1 0.566667 0.166667 0.618280 0.172043 0.620430 0.156989 0.568817 0.150538
1 0.556989 0.183871 0.613978 0.190323 0.616129 0.174194 0.559140 0.167742
1 0.543011 0.204301 0.609677 0.211828 0.613978 0.172043 0.547312 0.164516
1 0.543011 0.237634 0.601075 0.244086 0.605376 0.212903 0.546237 0.206452
1 0.538710 0.267742 0.593548 0.274194 0.597849 0.245161 0.541935 0.238710
1 0.530108 0.284946 0.589247 0.291398 0.591398 0.275269 0.532258 0.268817
1 0.533333 0.323656 0.581720 0.329032 0.584946 0.301075 0.536559 0.294624
1 0.870968 0.221505 0.873118 0.208602 0.833333 0.201075 0.831183 0.213978
1 0.873118 0.243011 0.875269 0.230108 0.830108 0.221505 0.827957 0.234409
1 0.809677 0.313978 0.861290 0.322581 0.864516 0.308602 0.812903 0.298925
1 0.815054 0.292473 0.863441 0.302151 0.866667 0.288172 0.817204 0.279570
1 0.826882 0.258065 0.874194 0.266667 0.876344 0.253763 0.829032 0.245161
1 0.891398 0.152688 0.894624 0.138710 0.853763 0.131183 0.851613 0.145161
1 0.902151 0.167742 0.904301 0.154839 0.849462 0.144086 0.847312 0.156989
1 0.838710 0.195699 0.900000 0.206452 0.903226 0.188172 0.841935 0.177419
1 0.906452 0.126882 0.907527 0.112903 0.855914 0.110753 0.855914 0.125806
1 0.917204 0.112903 0.918280 0.097849 0.862366 0.091398 0.861290 0.107527
1 0.908602 0.096774 0.910753 0.081720 0.864516 0.073118 0.862366 0.089247
1 0.868817 0.066667 0.913978 0.076344 0.917204 0.060215 0.872043 0.050538
1 0.873118 0.045161 0.919355 0.055914 0.922581 0.038710 0.877419 0.027957
1 0.879570 0.022581 0.931183 0.030108 0.933333 0.011828 0.882796 0.004301
1 0.812903 0.001075 0.872043 0.001075 0.872043 0.015054 0.812903 0.015054
1 0.864516 0.032258 0.866667 0.017204 0.815054 0.011828 0.812903 0.026882
1 0.858065 0.054839 0.860215 0.037634 0.815054 0.033333 0.813978 0.050538
1 0.853763 0.076344 0.855914 0.060215 0.811828 0.055914 0.810753 0.072043
1 0.849462 0.098925 0.850538 0.084946 0.811828 0.080645 0.810753 0.094624
1 0.841935 0.121505 0.845161 0.107527 0.805376 0.100000 0.802151 0.113978
1 0.781720 0.160215 0.831183 0.168817 0.834409 0.152688 0.784946 0.143011
1 0.824731 0.202151 0.827957 0.182796 0.776344 0.173118 0.772043 0.191398
1 0.819355 0.224731 0.822581 0.206452 0.772043 0.196774 0.768817 0.215054
1 0.813978 0.248387 0.817204 0.229032 0.776344 0.221505 0.773118 0.240860
1 0.808602 0.265591 0.811828 0.252688 0.776344 0.246237 0.774194 0.258065
1 0.800000 0.282796 0.803226 0.264516 0.755914 0.255914 0.752688 0.273118
1 0.745161 0.294624 0.801075 0.304301 0.803226 0.287097 0.748387 0.277419
1 0.796774 0.322581 0.798925 0.311828 0.765591 0.305376 0.763441 0.316129
1 0.848387 0.343011 0.851613 0.327957 0.809677 0.320430 0.806452 0.335484
1 0.792473 0.377419 0.795699 0.360215 0.751613 0.352688 0.748387 0.368817
1 0.409677 0.284946 0.411828 0.270968 0.362366 0.261290 0.360215 0.276344
1 0.408602 0.309677 0.411828 0.293548 0.359140 0.282796 0.355914 0.298925
1 0.454839 0.086022 0.459140 0.068817 0.410753 0.059140 0.407527 0.076344
1 0.473118 0.072043 0.476344 0.054839 0.415054 0.041935 0.410753 0.059140
1 0.466667 0.051613 0.469892 0.035484 0.420430 0.025806 0.417204 0.041935
1 0.400000 0.043011 0.403226 0.026882 0.340860 0.016129 0.338710 0.032258
1 0.365591 0.195699 0.367742 0.179570 0.322581 0.172043 0.319355 0.187097
1 0.341935 0.297849 0.344086 0.282796 0.287097 0.273118 0.284946 0.288172
1 0.141935 0.274194 0.145161 0.262366 0.112903 0.253763 0.109677 0.266667
1 0.090323 0.246237 0.103226 0.248387 0.106452 0.227957 0.093548 0.225806
1 0.136559 0.149462 0.208602 0.160215 0.211828 0.139785 0.139785 0.130108
1 0.120430 0.126882 0.131183 0.126882 0.131183 0.107527 0.120430 0.107527
1 0.154839 0.072043 0.164516 0.074194 0.168817 0.051613 0.159140 0.049462
1 0.166667 0.045161 0.210753 0.048387 0.211828 0.032258 0.167742 0.029032