1 0.943011 0.006452 1.000000 0.006452 1.000000 0.222581 0.943011 0.222581
1 0.872043 0.078495 0.901075 0.090323 0.932258 0.013978 0.903226 0.002151
1 0.822581 0.001075 0.890323 0.001075 0.890323 0.103226 0.822581 0.103226
1 0.792473 0.001075 0.850538 0.001075 0.850538 0.080645 0.792473 0.080645
1 0.605376 0.646237 0.633333 0.661290 0.659140 0.609677 0.631183 0.594624
1 0.236559 0.515054 0.466667 0.572043 0.475269 0.538710 0.245161 0.481720
1 0.227957 0.476344 0.493548 0.541935 0.501075 0.508602 0.235484 0.443011
1 0.244086 0.445161 0.562366 0.523656 0.573118 0.481720 0.254839 0.403226
1 0.275269 0.406452 0.593548 0.483871 0.602151 0.449462 0.283871 0.372043
1 0.523656 0.386022 0.603226 0.417204 0.609677 0.401075 0.530108 0.369892
1 0.391398 0.375269 0.520430 0.406452 0.526882 0.379570 0.397849 0.348387
1 0.389247 0.345161 0.534409 0.380645 0.541935 0.349462 0.396774 0.313978
1 0.001075 0.266667 0.032258 0.266667 0.032258 0.287097 0.001075 0.287097
1 0.001075 0.241935 0.046237 0.241935 0.046237 0.265591 0.001075 0.265591
1 0.001075 0.327957 0.025806 0.327957 0.025806 0.365591 0.001075 0.365591
1 0.001075 0.297849 0.061290 0.297849 0.061290 0.338710 0.001075 0.338710
1 0.061290 0.354839 0.138710 0.375269 0.145161 0.352688 0.067742 0.332258
1 0.067742 0.331183 0.123656 0.346237 0.127957 0.329032 0.072043 0.313978
1 0.064516 0.284946 0.133333 0.302151 0.137634 0.287097 0.068817 0.269892
1 0.067742 0.296774 0.119355 0.309677 0.121505 0.298925 0.069892 0.286022
1 0.124731 0.310753 0.175269 0.322581 0.178495 0.310753 0.127957 0.298925
1 0.179570 0.321505 0.238710 0.337634 0.241935 0.325806 0.182796 0.309677
1 0.174194 0.364516 0.251613 0.386022 0.258065 0.360215 0.180645 0.338710
1 0.253763 0.337634 0.302151 0.352688 0.305376 0.341935 0.256989 0.326882
1 0.261290 0.326882 0.315054 0.344086 0.319355 0.331183 0.265591 0.313978
1 0.292473 0.322581 0.316129 0.330108 0.318280 0.322581 0.294624 0.315054
1 0.308602 0.356989 0.380645 0.372043 0.383871 0.356989 0.311828 0.341935
1 0.223656 0.001075 0.239785 0.001075 0.239785 0.017204 0.223656 0.017204
1 0.240860 0.001075 0.259140 0.001075 0.259140 0.019355 0.240860 0.019355
1 0.260215 0.001075 0.274194 0.001075 0.274194 0.023656 0.260215 0.023656
1 0.274194 0.001075 0.293548 0.001075 0.293548 0.031183 0.274194 0.031183
1 0.287097 0.025806 0.296774 0.029032 0.306452 0.006452 0.296774 0.003226
1 0.298925 0.030108 0.308602 0.034409 0.320430 0.004301 0.310753 0.001075
1 0.312903 0.001075 0.339785 0.001075 0.339785 0.036559 0.312903 0.036559
1 0.327957 0.035484 0.338710 0.039785 0.347312 0.018280 0.336559 0.013978
1 0.337634 0.040860 0.347312 0.044086 0.352688 0.030108 0.343011 0.026882
1 0.049462 0.015054 0.060215 0.018280 0.064516 0.004301 0.053763 0.001075
1 0.070968 0.020430 0.080645 0.022581 0.086022 0.003226 0.076344 0.001075
1 0.077419 0.036559 0.093548 0.040860 0.103226 0.006452 0.087097 0.002151
1 0.097849 0.030108 0.111828 0.034409 0.119355 0.008602 0.105376 0.004301
1 0.109677 0.046237 0.125806 0.050538 0.135484 0.013978 0.119355 0.009677
1 0.140860 0.041935 0.154839 0.045161 0.162366 0.018280 0.148387 0.015054
1 0.159140 0.063441 0.176344 0.067742 0.187097 0.029032 0.169892 0.024731
1 0.195699 0.063441 0.209677 0.069892 0.223656 0.037634 0.209677 0.031183
1 0.212903 0.069892 0.227957 0.076344 0.243011 0.041935 0.227957 0.035484
1 0.324731 0.076344 0.333333 0.077419 0.333333 0.059140 0.324731 0.058065
1 0.276344 0.094624 0.292473 0.100000 0.306452 0.053763 0.290323 0.048387
1 0.252688 0.093548 0.272043 0.101075 0.291398 0.050538 0.272043 0.043011
1 0.291398 0.116129 0.312903 0.120430 0.325806 0.062366 0.304301 0.058065
1 0.379570 0.073118 0.400000 0.073118 0.400000 0.111828 0.379570 0.111828
1 0.408602 0.089247 0.454839 0.111828 0.460215 0.100000 0.413978 0.077419
1 0.410753 0.079570 0.501075 0.103226 0.505376 0.083871 0.415054 0.060215
1 0.347312 0.045161 0.426882 0.061290 0.431183 0.040860 0.351613 0.024731