1 0.798925 0.094624 0.830108 0.081720 0.824731 0.070968 0.794624 0.083871
1 0.787097 0.086022 0.827957 0.068817 0.822581 0.058065 0.782796 0.074194
1 0.747312 0.145161 0.770968 0.134409 0.766667 0.124731 0.743011 0.135484
1 0.731183 0.138710 0.773118 0.120430 0.766667 0.105376 0.724731 0.122581
1 0.698925 0.132258 0.781720 0.096774 0.772043 0.074194 0.689247 0.108602
1 0.780645 0.001075 0.802151 0.001075 0.802151 0.008602 0.780645 0.008602
1 0.751613 0.001075 0.780645 0.001075 0.780645 0.018280 0.751613 0.018280
1 0.725806 0.001075 0.754839 0.001075 0.754839 0.024731 0.725806 0.024731
1 0.702151 0.001075 0.739785 0.001075 0.739785 0.031183 0.702151 0.031183
1 0.675269 0.001075 0.719355 0.001075 0.719355 0.035484 0.675269 0.035484
1 0.649462 0.001075 0.695699 0.001075 0.695699 0.047312 0.649462 0.047312
1 0.622581 0.002151 0.677419 0.002151 0.677419 0.055914 0.622581 0.055914
1 0.643011 0.066667 0.656989 0.054839 0.617204 0.004301 0.603226 0.016129
1 0.541935 0.097849 0.623656 0.069892 0.613978 0.040860 0.532258 0.068817
1 0.617204 0.180645 0.662366 0.162366 0.653763 0.141935 0.608602 0.161290
1 0.584946 0.169892 0.658065 0.139785 0.647312 0.113978 0.574194 0.145161
1 0.544086 0.153763 0.561290 0.145161 0.532258 0.090323 0.515054 0.100000
1 0.516129 0.153763 0.535484 0.144086 0.502151 0.077419 0.482796 0.087097
1 0.382796 0.815054 0.487097 0.767742 0.245161 0.236559 0.140860 0.283871
1 0.001075 0.001075 0.095699 0.001075 0.095699 0.078495 0.001075 0.078495
1 0.073118 0.001075 0.189247 0.001075 0.189247 0.131183 0.073118 0.131183
1 0.001075 0.136559 0.210753 0.136559 0.210753 0.201075 0.001075 0.201075