1 0.674194 0.961290 0.829032 0.961290 0.829032 1.000000 0.674194 1.000000
3 0.249462 0.948387 0.391398 0.948387 0.391398 1.000000 0.249462 1.000000
1 0.376344 0.966667 0.569892 0.966667 0.569892 1.000000 0.376344 1.000000
1 0.476344 0.923656 0.648387 0.923656 0.648387 1.000000 0.476344 1.000000
3 0.516129 0.921505 0.637634 0.953763 0.649462 0.908602 0.527957 0.876344
1 0.862366 0.965591 0.944086 0.992473 0.950538 0.972043 0.868817 0.945161
1 0.881720 0.947312 0.951613 0.970968 0.959140 0.949462 0.889247 0.925806
1 0.731183 0.915054 0.826882 0.954839 0.838710 0.925806 0.743011 0.886022
1 0.754839 0.890323 0.820430 0.917204 0.827957 0.896774 0.762366 0.869892
3 0.540860 0.876344 0.716129 0.927957 0.738710 0.850538 0.563441 0.798925
1 0.601075 0.810753 0.653763 0.830108 0.659140 0.817204 0.606452 0.797849
1 0.652688 0.826882 0.720430 0.850538 0.725806 0.833333 0.658065 0.809677
1 0.665591 0.809677 0.720430 0.835484 0.727957 0.820430 0.673118 0.794624
3 0.665591 0.176344 0.998925 0.176344 0.998925 0.267742 0.665591 0.267742
1 0.667742 0.270968 0.998925 0.270968 0.998925 0.362366 0.667742 0.362366
1 0.800000 0.388172 0.867742 0.394624 0.868817 0.381720 0.801075 0.375269
1 0.810753 0.404301 0.865591 0.408602 0.866667 0.395699 0.811828 0.391398
1 0.649462 0.401075 0.796774 0.402151 0.797849 0.370968 0.650538 0.369892
1 0.612903 0.534409 0.734409 0.540860 0.735484 0.508602 0.613978 0.502151
1 0.737634 0.551613 0.858065 0.553763 0.858065 0.519355 0.737634 0.517204
1 0.708602 0.516129 0.856989 0.518280 0.856989 0.483871 0.708602 0.481720
1 0.596774 0.586022 1.000000 0.586022 1.000000 0.665591 0.596774 0.665591
1 0.595699 0.683871 0.644086 0.689247 0.645161 0.677419 0.596774 0.672043
1 0.545161 0.694624 0.626882 0.705376 0.629032 0.688172 0.547312 0.677419
3 0.525806 0.600000 0.548387 0.601075 0.551613 0.524731 0.529032 0.523656
1 0.409677 0.633333 0.594624 0.646237 0.596774 0.609677 0.411828 0.596774
1 0.001075 0.719355 0.078495 0.719355 0.078495 0.755914 0.001075 0.755914
1 0.001075 0.702151 0.118280 0.702151 0.118280 0.661290 0.001075 0.661290
1 0.092473 0.540860 0.141935 0.540860 0.141935 0.553763 0.092473 0.553763
1 0.001075 0.549462 0.095699 0.550538 0.096774 0.525806 0.001075 0.524731
1 0.121505 0.607527 0.350538 0.578495 0.345161 0.534409 0.116129 0.563441
1 0.097849 0.526882 0.338710 0.521505 0.338710 0.475269 0.097849 0.480645
1 0.300000 0.466667 0.346237 0.467742 0.347312 0.453763 0.301075 0.452688
1 0.134409 0.444086 0.306452 0.456989 0.308602 0.424731 0.136559 0.411828
1 0.076344 0.335484 0.186022 0.341935 0.188172 0.318280 0.078495 0.311828
1 0.077419 0.310753 0.187097 0.318280 0.189247 0.291398 0.079570 0.283871
1 0.118280 0.393548 0.374194 0.405376 0.376344 0.363441 0.120430 0.351613
1 0.449462 0.423656 0.477419 0.400000 0.419355 0.331183 0.391398 0.354839
1 0.434409 0.218280 0.508602 0.222581 0.509677 0.203226 0.435484 0.198925
1 0.490323 0.379570 0.546237 0.376344 0.535484 0.209677 0.479570 0.212903
1 0.563441 0.182796 0.612903 0.198925 0.664516 0.036559 0.615054 0.020430
3 0.445161 0.188172 0.538710 0.194624 0.550538 0.039785 0.456989 0.033333
1 0.409677 0.187097 0.441935 0.188172 0.446237 0.101075 0.413978 0.100000
3 0.329032 0.178495 0.409677 0.182796 0.412903 0.105376 0.332258 0.101075
1 0.007527 0.001075 0.131183 0.001075 0.131183 0.158065 0.007527 0.158065
1 0.147312 0.001075 0.216129 0.001075 0.216129 0.163441 0.147312 0.163441
1 0.233333 0.001075 0.313978 0.001075 0.313978 0.149462 0.233333 0.149462