1 0.986022 0.156989 1.000000 0.156989 1.000000 0.196774 0.986022 0.196774
1 0.949462 0.150538 1.000000 0.150538 1.000000 0.295699 0.949462 0.295699
1 0.919355 0.161290 1.000000 0.161290 1.000000 0.316129 0.919355 0.316129
1 0.949462 0.341935 0.979570 0.330108 0.915054 0.165591 0.884946 0.177419
1 0.935484 0.377419 0.968817 0.361290 0.840860 0.100000 0.807527 0.116129
1 0.905376 0.389247 0.932258 0.378495 0.875269 0.238710 0.848387 0.249462
1 0.822581 0.279570 0.861290 0.273118 0.835484 0.129032 0.796774 0.135484
1 0.787097 0.286022 0.821505 0.280645 0.795699 0.135484 0.761290 0.140860
1 0.765591 0.289247 0.797849 0.274194 0.737634 0.136559 0.705376 0.151613
1 0.736559 0.311828 0.767742 0.298925 0.680645 0.103226 0.649462 0.116129
1 0.707527 0.322581 0.735484 0.309677 0.681720 0.193548 0.653763 0.206452
1 0.658065 0.284946 0.676344 0.330108 0.703226 0.319355 0.684946 0.274194
1 0.673118 0.265591 0.682796 0.259140 0.664516 0.233333 0.654839 0.239785
1 0.662366 0.284946 0.677419 0.275269 0.649462 0.231183 0.634409 0.240860
1 0.650538 0.335484 0.674194 0.324731 0.635484 0.243011 0.611828 0.253763
1 0.631183 0.202151 0.646237 0.196774 0.631183 0.152688 0.616129 0.158065
1 0.612903 0.252688 0.647312 0.237634 0.587097 0.097849 0.552688 0.112903
1 0.610753 0.348387 0.648387 0.331183 0.546237 0.109677 0.508602 0.126882
1 0.569892 0.358065 0.597849 0.352688 0.578495 0.254839 0.550538 0.260215
1 0.545161 0.372043 0.574194 0.349462 0.448387 0.187097 0.419355 0.209677
1 0.510753 0.376344 0.533333 0.359140 0.418280 0.210753 0.395699 0.227957
1 0.477419 0.378495 0.498925 0.362366 0.408602 0.247312 0.387097 0.263441
1 0.451613 0.398925 0.474194 0.381720 0.369892 0.246237 0.347312 0.263441
1 0.421505 0.409677 0.445161 0.390323 0.341935 0.256989 0.318280 0.276344
1 0.260215 0.333333 0.331183 0.302151 0.320430 0.277419 0.249462 0.308602
3 0.343011 0.438710 0.390323 0.410753 0.325806 0.301075 0.278495 0.329032
1 0.305376 0.288172 0.318280 0.276344 0.277419 0.232258 0.264516 0.244086
1 0.291398 0.450538 0.324731 0.429032 0.192473 0.231183 0.159140 0.252688
1 0.001075 0.273118 0.125806 0.273118 0.125806 0.490323 0.001075 0.490323