1 0.969892 0.234409 1.000000 0.234409 1.000000 0.313978 0.969892 0.313978
1 0.987097 0.392473 1.000000 0.392473 1.000000 0.426882 0.987097 0.426882
1 0.977419 0.376344 1.000000 0.376344 1.000000 0.420430 0.977419 0.420430
1 0.983871 0.554839 1.000000 0.554839 1.000000 0.603226 0.983871 0.603226
1 0.960215 0.517204 1.000000 0.517204 1.000000 0.607527 0.960215 0.607527
1 0.563441 1.000000 0.621505 1.000000 0.621505 0.880645 0.563441 0.880645
1 0.529032 0.878495 0.587097 0.878495 0.587097 0.998925 0.529032 0.998925
1 0.966667 0.412903 0.976344 0.417204 0.994624 0.374194 0.984946 0.369892
1 0.569892 0.861290 0.604301 0.870968 0.651613 0.700000 0.617204 0.690323
1 0.955914 0.407527 0.966667 0.411828 0.986022 0.368817 0.975269 0.364516
1 0.945161 0.405376 0.956989 0.410753 0.977419 0.364516 0.965591 0.359140
1 0.935484 0.400000 0.947312 0.405376 0.967742 0.359140 0.955914 0.353763
1 0.924731 0.392473 0.938710 0.398925 0.956989 0.353763 0.943011 0.347312
1 0.945161 0.578495 0.962366 0.587097 0.994624 0.520430 0.977419 0.511828
1 0.921505 0.579570 0.940860 0.589247 0.986022 0.491398 0.966667 0.481720
1 0.907527 0.559140 0.927957 0.567742 0.961290 0.494624 0.940860 0.486022
1 0.877419 0.569892 0.897849 0.579570 0.950538 0.464516 0.930108 0.454839
1 0.846237 0.565591 0.874194 0.578495 0.953763 0.404301 0.925806 0.391398
1 0.516129 0.551613 0.623656 0.605376 0.634409 0.581720 0.526882 0.527957
1 0.472043 0.494624 0.589247 0.565591 0.605376 0.539785 0.488172 0.468817
1 0.423656 0.426882 0.537634 0.502151 0.552688 0.478495 0.438710 0.403226
1 0.333333 0.366667 0.469892 0.424731 0.481720 0.396774 0.345161 0.338710
1 0.434409 0.352688 0.591398 0.404301 0.602151 0.369892 0.445161 0.318280