1 0.925806 0.968817 0.958065 0.972043 0.966667 0.897849 0.934409 0.894624
1 0.981720 0.406452 1.000000 0.406452 1.000000 0.506452 0.981720 0.506452
1 0.966667 0.666667 1.000000 0.666667 1.000000 0.754839 0.966667 0.754839
1 0.817204 0.847312 0.824731 0.849462 0.827957 0.836559 0.820430 0.834409
1 0.812903 0.896774 0.827957 0.900000 0.836559 0.860215 0.821505 0.856989
1 0.707527 0.976344 0.792473 0.878495 0.767742 0.858065 0.682796 0.955914
1 0.662366 0.859140 0.815054 0.863441 0.815054 0.835484 0.662366 0.831183
1 0.669892 0.816129 0.821505 0.827957 0.824731 0.794624 0.673118 0.782796
1 0.902151 0.998925 0.920430 1.000000 0.921505 0.958065 0.903226 0.956989
1 0.897849 0.932258 0.926882 0.934409 0.932258 0.859140 0.903226 0.856989
1 0.908602 0.822581 0.934409 0.822581 0.936559 0.745161 0.910753 0.745161
1 0.820430 0.646237 0.860215 0.646237 0.860215 0.735484 0.820430 0.735484
1 0.906452 0.718280 0.936559 0.718280 0.936559 0.634409 0.906452 0.634409
1 0.933333 0.597849 0.944086 0.605376 0.961290 0.582796 0.950538 0.575269
3 0.896774 0.588172 0.920430 0.607527 0.976344 0.538710 0.952688 0.519355
1 0.898925 0.535484 0.918280 0.554839 0.980645 0.492473 0.961290 0.473118
1 0.943011 0.436559 0.968817 0.437634 0.970968 0.365591 0.945161 0.364516
1 0.905376 0.455914 0.933333 0.458065 0.937634 0.384946 0.909677 0.382796
1 0.810753 0.651613 0.822581 0.639785 0.795699 0.612903 0.783871 0.624731
1 0.820430 0.612903 0.826882 0.606452 0.796774 0.582796 0.790323 0.589247
1 0.821505 0.635484 0.832258 0.622581 0.795699 0.592473 0.784946 0.605376
1 0.825806 0.606452 0.837634 0.592473 0.802151 0.563441 0.790323 0.577419
1 0.830108 0.583871 0.850538 0.568817 0.812903 0.517204 0.792473 0.532258
1 0.775269 0.540860 0.792473 0.544086 0.798925 0.508602 0.781720 0.505376
1 0.781720 0.504301 0.798925 0.505376 0.801075 0.472043 0.783871 0.470968
1 0.694624 0.474194 0.794624 0.478495 0.795699 0.454839 0.695699 0.450538
1 0.773118 0.434409 0.805376 0.417204 0.798925 0.404301 0.766667 0.421505
1 0.836559 0.487097 0.859140 0.479570 0.838710 0.416129 0.816129 0.423656
1 0.355914 0.966667 0.368817 0.966667 0.368817 0.998925 0.355914 0.998925
1 0.337634 0.953763 0.354839 0.953763 0.354839 0.994624 0.337634 0.994624
1 0.266667 0.939785 0.297849 0.939785 0.297849 1.000000 0.266667 1.000000
1 0.232258 1.000000 0.277419 1.000000 0.277419 0.931183 0.232258 0.931183
1 0.195699 0.925806 0.247312 0.925806 0.247312 1.000000 0.195699 1.000000
1 0.163441 0.981720 0.191398 0.992473 0.217204 0.923656 0.189247 0.912903
1 0.340860 0.849462 0.359140 0.855914 0.373118 0.817204 0.354839 0.810753
1 0.144086 0.780645 0.246237 0.805376 0.251613 0.782796 0.149462 0.758065