1 0.531183 0.966667 0.550538 0.966667 0.550538 1.000000 0.531183 1.000000
1 0.094624 0.941935 0.140860 0.941935 0.140860 1.000000 0.094624 1.000000
1 0.048387 0.933333 0.106452 0.933333 0.106452 1.000000 0.048387 1.000000
1 0.001075 0.827957 0.074194 0.827957 0.074194 1.000000 0.001075 1.000000
1 0.073118 0.906452 0.125806 0.910753 0.139785 0.727957 0.087097 0.723656
1 0.059140 0.792473 0.080645 0.794624 0.084946 0.721505 0.063441 0.719355
3 0.038710 0.674194 0.064516 0.675269 0.066667 0.564516 0.040860 0.563441
1 0.064516 0.687097 0.136559 0.689247 0.139785 0.543011 0.067742 0.540860
1 0.060215 0.497849 0.065591 0.501075 0.073118 0.489247 0.067742 0.486022
1 0.801075 0.726882 0.803226 0.692473 0.663441 0.683871 0.661290 0.718280
1 0.044086 0.505376 0.054839 0.509677 0.063441 0.483871 0.052688 0.479570
1 0.077419 0.455914 0.089247 0.455914 0.089247 0.482796 0.077419 0.482796
1 0.075269 0.534409 0.138710 0.498925 0.129032 0.480645 0.065591 0.516129
1 0.001075 0.302151 0.019355 0.302151 0.019355 0.364516 0.001075 0.364516
1 0.715054 0.907527 0.761290 0.907527 0.761290 1.000000 0.715054 1.000000
1 0.655914 1.000000 0.705376 1.000000 0.705376 0.886022 0.655914 0.886022
1 0.795699 0.767742 0.797849 0.739785 0.694624 0.733333 0.692473 0.761290
1 0.800000 0.725806 0.802151 0.692473 0.664516 0.684946 0.662366 0.718280
1 0.805376 0.688172 0.806452 0.658065 0.672043 0.649462 0.670968 0.679570
1 0.798925 0.648387 0.800000 0.622581 0.684946 0.616129 0.683871 0.641935
1 0.723656 0.525806 0.773118 0.529032 0.783871 0.375269 0.734409 0.372043
1 0.809677 0.375269 0.825806 0.375269 0.825806 0.410753 0.809677 0.410753
1 0.350538 0.635484 0.372043 0.634409 0.369892 0.588172 0.348387 0.589247
1 0.353763 0.548387 0.370968 0.548387 0.370968 0.588172 0.353763 0.588172
1 0.838710 0.469892 0.868817 0.474194 0.890323 0.345161 0.860215 0.340860
1 0.626882 0.377419 0.653763 0.380645 0.659140 0.332258 0.632258 0.329032
1 0.666667 0.470968 0.706452 0.476344 0.724731 0.313978 0.684946 0.308602
1 0.724731 0.524731 0.773118 0.527957 0.782796 0.374194 0.734409 0.370968
1 0.572043 0.520430 0.618280 0.523656 0.630108 0.333333 0.583871 0.330108
1 0.481720 0.600000 0.537634 0.603226 0.552688 0.384946 0.496774 0.381720
1 0.477419 0.741935 0.515054 0.745161 0.524731 0.610753 0.487097 0.607527
1 0.402151 0.880645 0.431183 0.882796 0.434409 0.829032 0.405376 0.826882
1 0.313978 0.912903 0.340860 0.913978 0.346237 0.837634 0.319355 0.836559
1 0.318280 0.829032 0.352688 0.831183 0.356989 0.751613 0.322581 0.749462
1 0.407527 0.815054 0.436559 0.817204 0.444086 0.716129 0.415054 0.713978
1 0.330108 0.744086 0.361290 0.746237 0.366667 0.649462 0.335484 0.647312
1 0.400000 0.517204 0.422581 0.518280 0.425806 0.456989 0.403226 0.455914
1 0.366667 0.417204 0.392473 0.419355 0.396774 0.341935 0.370968 0.339785
1 0.405376 0.451613 0.430108 0.452688 0.435484 0.378495 0.410753 0.377419
1 0.345161 0.525806 0.384946 0.527957 0.392473 0.424731 0.352688 0.422581