1 0.320430 0.978495 0.339785 0.978495 0.339785 1.000000 0.320430 1.000000
1 0.306452 0.986022 0.319355 0.986022 0.319355 1.000000 0.306452 1.000000
1 0.295699 0.991398 0.306452 0.991398 0.306452 1.000000 0.295699 1.000000
1 0.275269 0.986022 0.293548 0.986022 0.293548 1.000000 0.275269 1.000000
1 0.260215 0.978495 0.278495 0.978495 0.278495 1.000000 0.260215 1.000000
1 0.240860 0.970968 0.263441 0.970968 0.263441 1.000000 0.240860 1.000000
1 0.236559 0.955914 0.223656 0.994624 0.238710 1.000000 0.251613 0.961290
1 0.220430 0.961290 0.208602 0.995699 0.222581 1.000000 0.233333 0.965591
1 0.207527 0.959140 0.196774 0.992473 0.208602 0.996774 0.220430 0.963441
1 0.138710 0.978495 0.154839 0.986022 0.173118 0.944086 0.158065 0.937634
1 0.173118 0.947312 0.155914 0.982796 0.168817 0.988172 0.186022 0.953763
1 0.186022 0.952688 0.169892 0.987097 0.180645 0.993548 0.197849 0.958065
1 0.139785 0.941935 0.123656 0.974194 0.137634 0.980645 0.152688 0.948387
1 0.124731 0.945161 0.110753 0.973118 0.121505 0.978495 0.135484 0.950538
1 0.113978 0.940860 0.098925 0.970968 0.108602 0.975269 0.123656 0.945161
1 0.072043 0.962366 0.088172 0.968817 0.104301 0.933333 0.089247 0.926882
1 0.036559 0.955914 0.051613 0.963441 0.073118 0.920430 0.056989 0.912903
1 0.103226 0.938710 0.089247 0.967742 0.097849 0.972043 0.112903 0.943011
1 0.037634 0.918280 0.021505 0.951613 0.034409 0.958065 0.051613 0.924731
1 0.012903 0.922581 0.001075 0.946237 0.010753 0.951613 0.021505 0.926882
1 0.038710 0.791398 0.034409 0.806452 0.041935 0.808602 0.046237 0.793548
1 0.052688 0.793548 0.051613 0.810753 0.061290 0.810753 0.061290 0.793548
1 0.062366 0.794624 0.062366 0.812903 0.070968 0.812903 0.070968 0.794624
1 0.070968 0.796774 0.070968 0.816129 0.080645 0.816129 0.080645 0.796774
1 0.087097 0.798925 0.083871 0.822581 0.092473 0.823656 0.095699 0.801075
1 0.093548 0.804301 0.093548 0.822581 0.101075 0.822581 0.102151 0.805376
1 0.103226 0.805376 0.102151 0.824731 0.112903 0.825806 0.113978 0.805376
1 0.118280 0.806452 0.112903 0.823656 0.119355 0.825806 0.125806 0.808602
1 0.125806 0.808602 0.119355 0.826882 0.126882 0.829032 0.133333 0.811828
1 0.204301 0.827957 0.211828 0.843011 0.219355 0.839785 0.211828 0.823656
1 0.194624 0.825806 0.192473 0.841935 0.203226 0.843011 0.205376 0.826882
1 0.184946 0.821505 0.181720 0.840860 0.192473 0.843011 0.195699 0.822581
1 0.163441 0.817204 0.161290 0.836559 0.170968 0.838710 0.174194 0.818280
1 0.137634 0.812903 0.135484 0.831183 0.147312 0.833333 0.149462 0.815054
1 0.236559 0.812903 0.215054 0.815054 0.215054 0.823656 0.237634 0.821505
1 0.192473 0.791398 0.181720 0.806452 0.188172 0.810753 0.197849 0.795699
1 0.184946 0.784946 0.173118 0.803226 0.179570 0.807527 0.191398 0.789247
1 0.147312 0.778495 0.145161 0.798925 0.156989 0.801075 0.159140 0.779570
1 0.135484 0.774194 0.132258 0.797849 0.144086 0.800000 0.147312 0.776344
1 0.126882 0.781720 0.124731 0.797849 0.132258 0.798925 0.134409 0.782796
1 0.117204 0.776344 0.115054 0.793548 0.123656 0.794624 0.125806 0.777419
1 0.107527 0.770968 0.100000 0.788172 0.108602 0.792473 0.117204 0.776344
1 0.094624 0.763441 0.089247 0.786022 0.101075 0.789247 0.106452 0.766667
1 0.087097 0.767742 0.078495 0.784946 0.087097 0.789247 0.095699 0.772043
1 0.076344 0.765591 0.067742 0.781720 0.075269 0.786022 0.083871 0.769892
1 0.061290 0.762366 0.052688 0.779570 0.060215 0.783871 0.069892 0.766667
1 0.037634 0.761290 0.033333 0.777419 0.040860 0.779570 0.045161 0.763441
1 0.050538 0.759140 0.041935 0.775269 0.050538 0.779570 0.058065 0.763441
1 0.030108 0.756989 0.025806 0.775269 0.033333 0.777419 0.038710 0.759140
1 0.898925 0.974194 0.940860 0.976344 0.940860 0.964516 0.900000 0.962366
1 0.882796 0.955914 0.941935 0.966667 0.945161 0.951613 0.886022 0.940860
1 0.951613 0.948387 0.955914 0.933333 0.910753 0.920430 0.906452 0.934409
1 0.961290 0.922581 0.965591 0.908602 0.913978 0.894624 0.909677 0.907527
1 0.961290 0.895699 0.965591 0.884946 0.930108 0.868817 0.924731 0.879570
1 0.977419 0.891398 0.988172 0.894624 0.994624 0.872043 0.984946 0.868817
1 0.968817 0.887097 0.977419 0.890323 0.983871 0.868817 0.975269 0.865591
1 0.968817 0.797849 1.000000 0.797849 1.000000 0.861290 0.968817 0.861290
1 0.952688 0.831183 0.966667 0.836559 0.979570 0.805376 0.966667 0.800000
1 0.848387 0.746237 0.867742 0.749462 0.868817 0.740860 0.849462 0.738710
1 0.882796 0.749462 0.901075 0.752688 0.903226 0.745161 0.883871 0.741935
1 0.893548 0.781720 0.912903 0.788172 0.922581 0.755914 0.903226 0.749462
1 0.859140 0.820430 0.878495 0.825806 0.888172 0.790323 0.869892 0.784946
1 0.838710 0.822581 0.856989 0.827957 0.868817 0.786022 0.850538 0.780645
1 0.816129 0.817204 0.837634 0.822581 0.849462 0.783871 0.827957 0.777419
1 0.759140 0.841935 0.786022 0.845161 0.793548 0.777419 0.767742 0.774194
1 0.722581 0.830108 0.748387 0.832258 0.753763 0.764516 0.727957 0.762366
1 0.669892 0.793548 0.687097 0.793548 0.688172 0.758065 0.670968 0.758065
1 0.636559 0.816129 0.662366 0.820430 0.673118 0.755914 0.647312 0.751613
1 0.622581 0.795699 0.639785 0.798925 0.647312 0.750538 0.630108 0.748387
1 0.616129 0.746237 0.609677 0.780645 0.622581 0.782796 0.629032 0.748387
1 0.586022 0.793548 0.605376 0.797849 0.613978 0.747312 0.593548 0.744086
1 0.564516 0.792473 0.583871 0.795699 0.594624 0.746237 0.576344 0.741935
1 0.545161 0.781720 0.565591 0.786022 0.575269 0.741935 0.554839 0.737634
1 0.538710 0.735484 0.530108 0.780645 0.544086 0.783871 0.552688 0.737634
1 0.506452 0.781720 0.526882 0.786022 0.537634 0.736559 0.517204 0.732258
1 0.486022 0.776344 0.505376 0.779570 0.515054 0.733333 0.496774 0.729032
1 0.476344 0.725806 0.468817 0.765591 0.486022 0.768817 0.493548 0.729032
1 0.432258 0.717204 0.419355 0.753763 0.433333 0.758065 0.446237 0.721505
1 0.397849 0.717204 0.400000 0.738710 0.411828 0.737634 0.409677 0.716129
1 0.380645 0.741935 0.395699 0.745161 0.402151 0.713978 0.387097 0.710753
1 0.323656 0.702151 0.317204 0.737634 0.332258 0.740860 0.339785 0.705376
1 0.333333 0.738710 0.350538 0.741935 0.356989 0.708602 0.340860 0.705376
1 0.298925 0.735484 0.315054 0.738710 0.323656 0.702151 0.307527 0.698925
1 0.269892 0.740860 0.293548 0.746237 0.304301 0.697849 0.280645 0.692473
1 0.233333 0.689247 0.226882 0.717204 0.239785 0.719355 0.245161 0.691398
1 0.218280 0.689247 0.212903 0.719355 0.224731 0.722581 0.231183 0.692473
1 0.196774 0.683871 0.192473 0.701075 0.201075 0.703226 0.205376 0.686022
1 0.184946 0.681720 0.180645 0.706452 0.190323 0.707527 0.194624 0.683871
1 0.170968 0.679570 0.165591 0.705376 0.178495 0.707527 0.183871 0.681720
1 0.151613 0.677419 0.146237 0.704301 0.160215 0.707527 0.165591 0.680645
1 0.136559 0.675269 0.129032 0.709677 0.143011 0.711828 0.150538 0.677419
1 0.120430 0.673118 0.115054 0.700000 0.129032 0.703226 0.134409 0.675269
1 0.106452 0.670968 0.101075 0.697849 0.113978 0.701075 0.119355 0.674194
1 0.079570 0.666667 0.074194 0.691398 0.086022 0.694624 0.090323 0.668817
1 0.069892 0.662366 0.066667 0.678495 0.075269 0.680645 0.078495 0.664516
1 0.061290 0.664516 0.061290 0.677419 0.067742 0.677419 0.068817 0.664516
1 0.027957 0.675269 0.045161 0.683871 0.048387 0.677419 0.030108 0.668817
1 0.023656 0.684946 0.052688 0.691398 0.053763 0.683871 0.025806 0.677419
1 0.022581 0.693548 0.049462 0.700000 0.051613 0.691398 0.024731 0.684946
1 0.020430 0.700000 0.046237 0.706452 0.048387 0.698925 0.022581 0.692473
1 0.017204 0.707527 0.041935 0.712903 0.043011 0.706452 0.019355 0.700000
1 0.011828 0.724731 0.038710 0.731183 0.041935 0.720430 0.015054 0.713978
1 0.007527 0.735484 0.032258 0.740860 0.034409 0.733333 0.009677 0.727957
1 0.005376 0.745161 0.029032 0.750538 0.031183 0.740860 0.006452 0.735484
1 0.005376 0.745161 0.029032 0.749462 0.031183 0.740860 0.006452 0.736559