1 0.001075 0.352688 0.010753 0.352688 0.010753 0.375269 0.001075 0.375269
1 0.924731 0.381720 1.000000 0.381720 1.000000 0.498925 0.924731 0.498925
1 0.959140 0.361290 0.979570 0.374194 0.998925 0.344086 0.977419 0.331183
1 0.829032 0.435484 0.856989 0.459140 0.917204 0.387097 0.889247 0.364516
1 0.679570 0.410753 0.718280 0.426882 0.722581 0.417204 0.683871 0.401075
1 0.688172 0.395699 0.735484 0.395699 0.735484 0.411828 0.688172 0.411828
1 0.682796 0.382796 0.724731 0.382796 0.724731 0.395699 0.682796 0.395699
1 0.681720 0.383871 0.690323 0.380645 0.686022 0.368817 0.678495 0.370968
1 0.681720 0.344086 0.710753 0.344086 0.710753 0.353763 0.681720 0.353763
1 0.680645 0.322581 0.689247 0.322581 0.689247 0.334409 0.680645 0.334409
1 0.627957 0.443011 0.643011 0.446237 0.650538 0.406452 0.635484 0.403226
1 0.551613 0.422581 0.565591 0.425806 0.572043 0.390323 0.558065 0.388172
1 0.569892 0.425806 0.584946 0.425806 0.584946 0.387097 0.569892 0.388172
1 0.586022 0.427957 0.600000 0.426882 0.600000 0.376344 0.586022 0.377419
1 0.600000 0.343011 0.632258 0.343011 0.632258 0.430108 0.600000 0.430108
1 0.609677 0.309677 0.627957 0.309677 0.627957 0.340860 0.609677 0.340860
1 0.580645 0.330108 0.589247 0.333333 0.596774 0.312903 0.587097 0.309677
1 0.564516 0.332258 0.574194 0.332258 0.575269 0.310753 0.565591 0.310753
1 0.555914 0.331183 0.564516 0.331183 0.565591 0.310753 0.556989 0.310753
1 0.540860 0.331183 0.551613 0.331183 0.551613 0.311828 0.540860 0.311828
1 0.527957 0.329032 0.538710 0.327957 0.537634 0.312903 0.527957 0.312903
1 0.517204 0.331183 0.527957 0.330108 0.526882 0.313978 0.516129 0.313978
1 0.543011 0.165591 0.552688 0.169892 0.561290 0.148387 0.551613 0.144086
1 0.517204 0.083871 0.527957 0.083871 0.527957 0.101075 0.517204 0.101075
1 0.524731 0.063441 0.533333 0.063441 0.533333 0.077419 0.524731 0.077419