1 0.981720 0.980645 1.000000 0.980645 1.000000 0.997849 0.981720 0.997849
1 0.987097 0.943011 1.000000 0.943011 1.000000 0.963441 0.987097 0.963441
1 0.793548 0.976344 0.874194 0.976344 0.874194 1.000000 0.793548 1.000000
1 0.795699 0.974194 0.870968 0.979570 0.873118 0.961290 0.796774 0.955914
1 0.802151 0.950538 0.838710 0.952688 0.838710 0.938710 0.803226 0.936559
1 0.805376 0.897849 0.860215 0.897849 0.860215 0.933333 0.805376 0.933333
1 0.813978 0.891398 0.858065 0.896774 0.860215 0.882796 0.816129 0.877419
1 0.816129 0.874194 0.888172 0.888172 0.892473 0.867742 0.819355 0.854839
1 0.822581 0.858065 0.890323 0.863441 0.892473 0.845161 0.823656 0.839785
1 0.669892 0.980645 0.770968 0.980645 0.770968 1.000000 0.669892 1.000000
1 0.695699 0.980645 0.780645 0.986022 0.781720 0.964516 0.696774 0.959140
1 0.698925 0.958065 0.782796 0.963441 0.784946 0.943011 0.701075 0.937634
1 0.697849 0.937634 0.789247 0.943011 0.791398 0.921505 0.700000 0.915054
1 0.712903 0.908602 0.791398 0.923656 0.795699 0.901075 0.718280 0.884946
1 0.721505 0.884946 0.798925 0.900000 0.803226 0.877419 0.725806 0.861290
1 0.736559 0.856989 0.806452 0.872043 0.809677 0.853763 0.739785 0.839785
1 0.744086 0.840860 0.808602 0.853763 0.812903 0.833333 0.747312 0.820430
1 0.654839 0.781720 0.675269 0.774194 0.673118 0.766667 0.651613 0.774194
1 0.650538 0.772043 0.672043 0.767742 0.669892 0.760215 0.649462 0.764516
1 0.566667 0.741935 0.582796 0.748387 0.597849 0.711828 0.581720 0.705376
1 0.551613 0.738710 0.565591 0.744086 0.578495 0.711828 0.565591 0.705376
1 0.527957 0.878495 0.579570 0.883871 0.581720 0.866667 0.530108 0.860215
1 0.535484 0.854839 0.575269 0.859140 0.576344 0.846237 0.536559 0.840860
1 0.543011 0.818280 0.578495 0.822581 0.580645 0.809677 0.544086 0.805376
1 0.546237 0.806452 0.581720 0.810753 0.582796 0.798925 0.547312 0.795699
1 0.553763 0.787097 0.598925 0.792473 0.601075 0.776344 0.555914 0.770968
1 0.518280 0.904301 0.562366 0.904301 0.562366 0.924731 0.518280 0.924731
1 0.524731 0.879570 0.568817 0.879570 0.568817 0.903226 0.524731 0.903226
1 0.538710 0.821505 0.578495 0.821505 0.578495 0.843011 0.538710 0.843011
1 0.563441 0.735484 0.631183 0.735484 0.631183 0.770968 0.563441 0.770968
1 0.404301 0.863441 0.515054 0.884946 0.521505 0.853763 0.410753 0.831183
1 0.415054 0.808602 0.524731 0.831183 0.531183 0.801075 0.421505 0.779570