1 0.565591 0.366667 0.595699 0.374194 0.598925 0.363441 0.568817 0.356989
1 0.553763 0.396774 0.561290 0.373118 0.546237 0.368817 0.539785 0.392473
1 0.577419 0.345161 0.613978 0.345161 0.615054 0.334409 0.578495 0.334409
1 0.582796 0.335484 0.618280 0.335484 0.618280 0.325806 0.583871 0.325806
1 0.582796 0.326882 0.617204 0.326882 0.617204 0.317204 0.583871 0.317204
1 0.583871 0.310753 0.629032 0.319355 0.632258 0.304301 0.587097 0.295699
0 0.850538 0.894624 1.000000 0.894624 1.000000 0.943011 0.850538 0.943011
0 0.859140 0.870968 1.000000 0.870968 1.000000 0.923656 0.859140 0.923656
3 0.665591 0.874194 0.822581 0.906452 0.826882 0.882796 0.669892 0.850538
0 0.688172 0.852688 0.821505 0.881720 0.825806 0.859140 0.692473 0.830108
3 0.467742 0.790323 0.480645 0.794624 0.497849 0.747312 0.484946 0.743011
3 0.479570 0.793548 0.494624 0.798925 0.511828 0.750538 0.496774 0.745161
3 0.494624 0.796774 0.507527 0.801075 0.524731 0.753763 0.511828 0.749462
1 0.489247 0.838710 0.621505 0.866667 0.626882 0.840860 0.494624 0.812903
1 0.204301 0.194624 0.219355 0.193548 0.217204 0.162366 0.202151 0.163441
3 0.147312 0.466667 0.183871 0.478495 0.213978 0.380645 0.177419 0.368817
3 0.182796 0.362366 0.220430 0.374194 0.253763 0.261290 0.216129 0.249462
0 0.626882 0.481720 0.658065 0.490323 0.693548 0.365591 0.662366 0.356989
0 0.566667 0.655914 0.605376 0.666667 0.644086 0.529032 0.605376 0.518280