1 0.930108 0.981720 0.980645 0.990323 0.984946 0.964516 0.934409 0.955914
1 0.945161 0.956989 0.988172 0.964516 0.990323 0.946237 0.948387 0.939785
1 0.941935 0.937634 0.990323 0.945161 0.994624 0.921505 0.946237 0.912903
1 0.949462 0.912903 0.995699 0.921505 1.000000 0.895699 0.953763 0.887097
1 0.802151 0.988172 0.848387 1.000000 0.851613 0.984946 0.806452 0.973118
1 0.807527 0.966667 0.860215 0.973118 0.861290 0.956989 0.809677 0.950538
1 0.812903 0.916129 0.863441 0.916129 0.863441 0.944086 0.812903 0.944086
1 0.744086 0.995699 0.788172 0.996774 0.788172 0.980645 0.744086 0.978495
1 0.741935 0.967742 0.791398 0.977419 0.794624 0.964516 0.744086 0.953763
1 0.740860 0.952688 0.795699 0.963441 0.798925 0.949462 0.743011 0.938710
1 0.591398 0.988172 0.637634 0.995699 0.640860 0.974194 0.595699 0.965591
1 0.596774 0.962366 0.635484 0.969892 0.637634 0.958065 0.598925 0.951613
1 0.602151 0.950538 0.654839 0.960215 0.656989 0.945161 0.605376 0.936559
1 0.604301 0.934409 0.643011 0.941935 0.645161 0.929032 0.606452 0.922581
1 0.605376 0.921505 0.643011 0.924731 0.645161 0.898925 0.607527 0.895699
1 0.517204 0.991398 0.576344 0.997849 0.578495 0.981720 0.519355 0.975269
1 0.521505 0.975269 0.579570 0.980645 0.580645 0.966667 0.522581 0.961290
1 0.524731 0.961290 0.581720 0.966667 0.583871 0.950538 0.526882 0.944086
1 0.535484 0.944086 0.586022 0.949462 0.587097 0.935484 0.537634 0.930108
1 0.540860 0.927957 0.590323 0.933333 0.592473 0.920430 0.541935 0.915054
1 0.545161 0.915054 0.593548 0.920430 0.595699 0.893548 0.548387 0.888172
1 0.343011 0.986022 0.395699 0.996774 0.398925 0.980645 0.346237 0.969892
1 0.345161 0.969892 0.392473 0.979570 0.396774 0.963441 0.348387 0.952688
1 0.353763 0.933333 0.408602 0.940860 0.409677 0.926882 0.355914 0.920430
1 0.352688 0.952688 0.405376 0.956989 0.406452 0.940860 0.353763 0.936559
1 0.358065 0.918280 0.410753 0.927957 0.413978 0.911828 0.361290 0.902151
1 0.363441 0.903226 0.415054 0.911828 0.418280 0.894624 0.366667 0.884946
1 0.262366 0.984946 0.325806 0.984946 0.325806 1.000000 0.262366 1.000000
1 0.267742 0.978495 0.329032 0.986022 0.331183 0.968817 0.269892 0.961290
1 0.276344 0.963441 0.331183 0.969892 0.333333 0.951613 0.278495 0.945161
1 0.286022 0.945161 0.340860 0.951613 0.343011 0.934409 0.287097 0.927957
1 0.293548 0.930108 0.343011 0.933333 0.344086 0.916129 0.294624 0.912903
1 0.304301 0.910753 0.346237 0.913978 0.347312 0.898925 0.305376 0.895699
1 0.309677 0.876344 0.350538 0.887097 0.353763 0.874194 0.312903 0.864516
1 0.093548 0.990323 0.138710 0.993548 0.139785 0.977419 0.094624 0.974194
1 0.098925 0.955914 0.186022 0.966667 0.188172 0.948387 0.101075 0.937634
1 0.102151 0.937634 0.163441 0.945161 0.165591 0.930108 0.104301 0.922581
1 0.109677 0.908602 0.167742 0.916129 0.169892 0.902151 0.110753 0.895699
1 0.111828 0.895699 0.167742 0.902151 0.170968 0.878495 0.115054 0.870968
1 0.118280 0.870968 0.169892 0.877419 0.170968 0.861290 0.119355 0.854839
1 0.001075 0.979570 0.072043 0.979570 0.072043 1.000000 0.001075 1.000000
1 0.001075 0.961290 0.081720 0.970968 0.083871 0.949462 0.004301 0.939785
1 0.020430 0.941935 0.084946 0.949462 0.087097 0.929032 0.023656 0.921505
1 0.038710 0.905376 0.097849 0.909677 0.098925 0.893548 0.040860 0.888172
1 0.120430 0.855914 0.173118 0.860215 0.175269 0.844086 0.121505 0.839785
1 0.087097 0.868817 0.097849 0.875269 0.110753 0.854839 0.100000 0.848387
1 0.052688 0.881720 0.098925 0.888172 0.101075 0.874194 0.053763 0.867742