1 0.767742 0.001075 0.854839 0.001075 0.854839 0.019355 0.767742 0.019355
1 0.839785 0.148387 0.912903 0.159140 0.916129 0.139785 0.841935 0.129032
1 0.844086 0.126882 0.933333 0.139785 0.936559 0.120430 0.847312 0.107527
1 0.848387 0.107527 0.930108 0.119355 0.933333 0.100000 0.851613 0.088172
1 0.856989 0.088172 0.921505 0.097849 0.924731 0.080645 0.859140 0.070968
1 0.860215 0.068817 0.943011 0.080645 0.945161 0.060215 0.863441 0.048387
1 0.863441 0.048387 0.946237 0.060215 0.948387 0.041935 0.866667 0.030108
1 0.866667 0.030108 0.941935 0.041935 0.945161 0.018280 0.869892 0.007527
1 0.774194 0.032258 0.846237 0.043011 0.849462 0.024731 0.776344 0.013978
1 0.744086 0.051613 0.840860 0.066667 0.844086 0.043011 0.747312 0.029032
1 0.745161 0.075269 0.835484 0.089247 0.839785 0.066667 0.748387 0.052688
1 0.740860 0.094624 0.833333 0.108602 0.835484 0.090323 0.743011 0.077419
1 0.733333 0.118280 0.824731 0.132258 0.829032 0.107527 0.736559 0.093548
1 0.737634 0.144086 0.821505 0.155914 0.824731 0.134409 0.740860 0.121505
1 0.725806 0.180645 0.804301 0.192473 0.807527 0.173118 0.727957 0.161290
1 0.494624 0.167742 0.543011 0.167742 0.543011 0.201075 0.494624 0.201075
1 0.829032 0.168817 0.882796 0.168817 0.882796 0.197849 0.829032 0.197849
1 0.829032 0.219355 0.905376 0.230108 0.908602 0.205376 0.833333 0.194624