1 0.305376 0.656989 0.380645 0.662366 0.396774 0.431183 0.321505 0.425806
3 0.878495 0.688172 0.905376 0.688172 0.907527 0.620430 0.880645 0.619355
1 0.923656 0.903226 0.966667 0.906452 0.979570 0.724731 0.936559 0.721505
1 0.862366 0.986022 0.919355 0.990323 0.937634 0.713978 0.880645 0.710753
1 0.807527 0.903226 0.849462 0.906452 0.862366 0.704301 0.820430 0.702151
1 0.687097 0.809677 0.720430 0.816129 0.739785 0.713978 0.706452 0.707527
1 0.623656 0.852688 0.656989 0.859140 0.687097 0.698925 0.653763 0.692473
3 0.496774 0.947312 0.579570 0.966667 0.639785 0.708602 0.558065 0.689247
3 0.237634 0.669892 0.272043 0.669892 0.272043 0.866667 0.237634 0.866667
1 0.084946 0.675269 0.193548 0.680645 0.194624 0.658065 0.086022 0.652688
1 0.160215 0.615054 0.203226 0.617204 0.208602 0.508602 0.165591 0.506452
1 0.217204 0.644086 0.263441 0.646237 0.270968 0.504301 0.225806 0.501075
1 0.915054 0.695699 0.965591 0.700000 0.977419 0.553763 0.926882 0.550538
1 0.784946 0.673118 0.815054 0.675269 0.822581 0.581720 0.792473 0.578495
1 0.700000 0.676344 0.750538 0.680645 0.762366 0.527957 0.711828 0.524731
1 0.663441 0.670968 0.693548 0.673118 0.701075 0.576344 0.670968 0.573118
1 0.625806 0.658065 0.663441 0.661290 0.670968 0.554839 0.634409 0.551613
1 0.592473 0.654839 0.621505 0.656989 0.630108 0.546237 0.601075 0.544086
1 0.655914 0.483871 0.721505 0.453763 0.707527 0.424731 0.643011 0.454839
1 0.049462 0.467742 0.067742 0.468817 0.070968 0.424731 0.052688 0.423656
3 0.907527 0.482796 0.927957 0.492473 0.980645 0.390323 0.960215 0.379570
1 0.897849 0.469892 0.919355 0.473118 0.930108 0.416129 0.908602 0.412903
1 0.932258 0.382796 0.952688 0.394624 0.989247 0.326882 0.967742 0.316129
1 0.909677 0.364516 1.000000 0.364516 1.000000 0.221505 0.909677 0.221505
1 0.768817 0.383871 0.755914 0.353763 0.604301 0.416129 0.617204 0.447312
1 0.763441 0.324731 0.781720 0.289247 0.627957 0.212903 0.610753 0.248387
1 0.772043 0.252688 0.782796 0.230108 0.652688 0.165591 0.641935 0.187097
1 0.775269 0.183871 0.789247 0.154839 0.640860 0.080645 0.626882 0.109677
1 0.774194 0.126882 0.788172 0.098925 0.654839 0.032258 0.640860 0.060215
1 0.775269 0.091398 0.802151 0.084946 0.782796 0.001075 0.755914 0.007527
1 0.723656 0.053763 0.733333 0.032258 0.663441 0.001075 0.654839 0.022581
1 0.755914 0.068817 0.766667 0.045161 0.668817 0.001075 0.658065 0.025806
1 0.001075 0.202151 0.036559 0.204301 0.045161 0.067742 0.009677 0.065591
1 0.320430 0.189247 0.322581 0.152688 0.181720 0.144086 0.179570 0.180645
1 0.230108 0.496774 0.276344 0.498925 0.283871 0.369892 0.236559 0.367742
1 0.178495 0.494624 0.217204 0.495699 0.221505 0.346237 0.183871 0.345161
1 0.317204 0.230108 0.319355 0.198925 0.212903 0.192473 0.210753 0.223656
1 0.320430 0.189247 0.322581 0.152688 0.181720 0.144086 0.179570 0.180645
1 0.324731 0.149462 0.326882 0.116129 0.189247 0.108602 0.188172 0.141935
1 0.320430 0.110753 0.321505 0.081720 0.203226 0.075269 0.202151 0.103226