1 0.049462 0.811828 0.084946 0.815054 0.098925 0.634409 0.062366 0.632258
1 0.001075 0.607527 0.050538 0.607527 0.050538 0.892473 0.001075 0.892473
1 0.390323 0.889247 0.446237 0.902151 0.506452 0.650538 0.450538 0.637634
1 0.325806 0.874194 0.392473 0.882796 0.424731 0.648387 0.358065 0.639785
1 0.038710 0.601075 0.090323 0.604301 0.096774 0.456989 0.045161 0.453763
1 0.173118 0.708602 0.248387 0.713978 0.267742 0.450538 0.192473 0.445161
1 0.302151 0.611828 0.334409 0.616129 0.349462 0.476344 0.317204 0.472043
1 0.369892 0.578495 0.410753 0.582796 0.421505 0.481720 0.380645 0.477419
1 0.495699 0.463441 0.449462 0.453763 0.409677 0.635484 0.455914 0.645161
1 0.573118 0.474194 0.530108 0.462366 0.489247 0.620430 0.532258 0.632258
1 0.634409 0.505376 0.592473 0.494624 0.550538 0.651613 0.592473 0.662366
1 0.558065 0.784946 0.582796 0.792473 0.605376 0.716129 0.580645 0.708602
1 0.518280 0.889247 0.550538 0.898925 0.578495 0.803226 0.546237 0.793548
1 0.596774 0.905376 0.636559 0.917204 0.667742 0.808602 0.627957 0.796774
1 0.647312 0.736559 0.678495 0.745161 0.705376 0.652688 0.674194 0.644086
1 0.678495 0.625806 0.700000 0.632258 0.719355 0.567742 0.697849 0.561290
1 0.729032 0.562366 0.747312 0.566667 0.756989 0.515054 0.738710 0.510753
3 0.001075 0.596774 0.026882 0.596774 0.029032 0.527957 0.003226 0.527957
3 0.006452 0.517204 0.029032 0.519355 0.032258 0.469892 0.009677 0.467742
1 0.227957 0.001075 0.336559 0.001075 0.336559 0.133333 0.227957 0.133333
1 0.709677 0.508602 0.733333 0.515054 0.752688 0.441935 0.729032 0.435484
1 0.791398 0.392473 0.793548 0.417204 0.806452 0.416129 0.804301 0.391398
1 0.774194 0.383871 0.770968 0.425806 0.789247 0.426882 0.792473 0.384946
1 0.761290 0.381720 0.751613 0.427957 0.767742 0.431183 0.777419 0.384946
1 0.743011 0.381720 0.732258 0.427957 0.749462 0.431183 0.760215 0.384946
1 0.747312 0.380645 0.818280 0.386022 0.820430 0.367742 0.749462 0.362366
1 0.750538 0.362366 0.821505 0.368817 0.823656 0.351613 0.752688 0.345161
1 0.762366 0.318280 0.761290 0.337634 0.835484 0.341935 0.836559 0.322581
1 0.769892 0.297849 0.768817 0.316129 0.838710 0.319355 0.839785 0.301075
1 0.819355 0.230108 0.845161 0.233333 0.853763 0.174194 0.827957 0.170968
1 0.798925 0.229032 0.818280 0.231183 0.826882 0.175269 0.807527 0.173118
1 0.117204 0.450538 0.126882 0.451613 0.127957 0.437634 0.118280 0.436559
1 0.400000 0.244086 0.427957 0.254839 0.453763 0.186022 0.425806 0.175269
1 0.330108 0.319355 0.366667 0.325806 0.392473 0.186022 0.355914 0.179570
1 0.467742 0.166667 0.474194 0.138710 0.347312 0.110753 0.340860 0.138710
1 0.531183 0.420430 0.531183 0.455914 0.668817 0.456989 0.668817 0.421505
1 0.438710 0.359140 0.435484 0.401075 0.694624 0.421505 0.697849 0.379570
1 0.498925 0.316129 0.496774 0.350538 0.694624 0.365591 0.696774 0.331183
1 0.552688 0.277419 0.551613 0.307527 0.692473 0.313978 0.693548 0.283871
1 0.546237 0.221505 0.544086 0.252688 0.722581 0.260215 0.724731 0.229032
1 0.612903 0.160215 0.611828 0.188172 0.733333 0.194624 0.734409 0.166667
1 0.638710 0.136559 0.636559 0.162366 0.744086 0.166667 0.746237 0.140860
1 0.620430 0.103226 0.618280 0.134409 0.755914 0.141935 0.758065 0.110753
1 0.646237 0.046237 0.644086 0.073118 0.764516 0.078495 0.766667 0.051613
1 0.631183 0.013978 0.629032 0.040860 0.783871 0.048387 0.786022 0.021505
1 0.269892 0.451613 0.290323 0.455914 0.302151 0.397849 0.281720 0.393548
1 0.280645 0.393548 0.301075 0.393548 0.302151 0.348387 0.281720 0.348387
3 0.248387 0.324731 0.281720 0.324731 0.281720 0.422581 0.248387 0.422581
1 0.223656 0.338710 0.246237 0.338710 0.246237 0.393548 0.223656 0.393548
1 0.194624 0.422581 0.222581 0.421505 0.216129 0.304301 0.188172 0.305376
3 0.032258 0.376344 0.053763 0.387097 0.101075 0.296774 0.079570 0.286022
1 0.052688 0.288172 0.076344 0.300000 0.112903 0.230108 0.089247 0.218280
1 0.022581 0.258065 0.059140 0.277419 0.132258 0.137634 0.095699 0.118280
1 0.282796 0.353763 0.311828 0.329032 0.222581 0.222581 0.193548 0.247312
1 0.307527 0.229032 0.316129 0.204301 0.221505 0.170968 0.212903 0.195699
1 0.320430 0.197849 0.329032 0.173118 0.217204 0.133333 0.208602 0.158065
1 0.362366 0.041935 0.378495 0.045161 0.386022 0.005376 0.369892 0.002151
1 0.018280 0.373118 0.039785 0.378495 0.052688 0.317204 0.031183 0.311828
1 0.052688 0.055914 0.078495 0.058065 0.082796 0.004301 0.056989 0.002151
1 0.102151 0.043011 0.121505 0.040860 0.117204 0.002151 0.097849 0.004301