1 0.560215 0.138710 0.638710 0.148387 0.640860 0.132258 0.562366 0.122581
1 0.322581 0.132258 0.350538 0.132258 0.350538 0.140860 0.322581 0.140860
1 0.369892 0.103226 0.395699 0.103226 0.395699 0.111828 0.369892 0.111828
1 0.518280 0.105376 0.546237 0.112903 0.561290 0.060215 0.533333 0.052688
1 0.476344 0.096774 0.504301 0.104301 0.520430 0.047312 0.492473 0.039785
1 0.438710 0.090323 0.470968 0.100000 0.491398 0.025806 0.460215 0.016129
1 0.400000 0.082796 0.427957 0.091398 0.444086 0.033333 0.416129 0.024731
1 0.366667 0.088172 0.393548 0.096774 0.410753 0.038710 0.383871 0.031183
1 0.327957 0.086022 0.352688 0.088172 0.356989 0.043011 0.332258 0.040860
1 0.312903 0.106452 0.358065 0.112903 0.360215 0.100000 0.313978 0.094624
1 0.240860 0.097849 0.283871 0.102151 0.284946 0.091398 0.241935 0.087097
1 0.050538 0.078495 0.084946 0.077419 0.083871 0.066667 0.050538 0.067742
1 0.117204 0.086022 0.162366 0.090323 0.163441 0.077419 0.118280 0.073118
1 0.158065 0.066667 0.182796 0.072043 0.190323 0.038710 0.164516 0.033333
1 0.136559 0.034409 0.156989 0.034409 0.156989 0.066667 0.136559 0.066667