1 0.051613 0.967742 0.069892 0.967742 0.069892 1.000000 0.051613 1.000000
3 0.926882 0.929032 0.970968 0.929032 0.970968 1.000000 0.926882 1.000000
1 0.903226 0.954839 0.926882 0.954839 0.926882 1.000000 0.903226 1.000000
1 0.933333 0.924731 0.953763 0.935484 0.990323 0.867742 0.969892 0.856989
1 0.910753 0.904301 1.000000 0.904301 1.000000 0.762366 0.910753 0.762366
1 0.768817 0.924731 0.756989 0.895699 0.605376 0.958065 0.618280 0.987097
1 0.764516 0.865591 0.781720 0.830108 0.629032 0.754839 0.611828 0.789247
1 0.772043 0.793548 0.782796 0.770968 0.653763 0.706452 0.643011 0.729032
1 0.776344 0.724731 0.790323 0.696774 0.641935 0.622581 0.627957 0.650538
1 0.775269 0.668817 0.789247 0.640860 0.654839 0.574194 0.641935 0.601075
1 0.777419 0.545161 0.802151 0.538710 0.782796 0.455914 0.758065 0.462366
1 0.725806 0.513978 0.734409 0.494624 0.663441 0.463441 0.655914 0.482796
1 0.755914 0.501075 0.766667 0.477419 0.669892 0.434409 0.659140 0.458065
1 0.001075 0.741935 0.036559 0.745161 0.045161 0.609677 0.010753 0.607527
1 0.004301 0.595699 0.055914 0.600000 0.069892 0.384946 0.018280 0.381720
1 0.089247 0.519355 0.133333 0.524731 0.155914 0.332258 0.111828 0.326882
1 0.188172 0.473118 0.226882 0.477419 0.246237 0.313978 0.207527 0.309677
1 0.243011 0.521505 0.291398 0.527957 0.309677 0.376344 0.260215 0.370968
1 0.321505 0.730108 0.323656 0.694624 0.182796 0.686022 0.181720 0.721505
1 0.233333 0.997849 0.278495 1.000000 0.283871 0.911828 0.238710 0.909677
1 0.180645 0.998925 0.219355 1.000000 0.222581 0.888172 0.183871 0.887097
1 0.317204 0.769892 0.319355 0.739785 0.213978 0.734409 0.211828 0.764516
1 0.321505 0.730108 0.323656 0.694624 0.182796 0.686022 0.181720 0.721505
1 0.325806 0.690323 0.327957 0.658065 0.191398 0.650538 0.190323 0.682796
1 0.320430 0.651613 0.321505 0.623656 0.204301 0.616129 0.203226 0.644086