1 0.922581 0.375269 0.913978 0.373118 0.909677 0.390323 0.918280 0.392473
1 0.982796 0.591398 0.975269 0.591398 0.974194 0.608602 0.981720 0.608602
1 0.973118 0.586022 0.961290 0.588172 0.964516 0.613978 0.976344 0.611828
1 0.955914 0.588172 0.947312 0.583871 0.940860 0.596774 0.949462 0.601075
1 0.960215 0.593548 0.949462 0.592473 0.949462 0.617204 0.960215 0.618280
1 0.922581 0.613978 0.935484 0.609677 0.926882 0.579570 0.913978 0.583871
1 0.892473 0.619355 0.906452 0.615054 0.896774 0.584946 0.882796 0.589247
1 0.907527 0.616129 0.921505 0.611828 0.911828 0.581720 0.897849 0.586022
1 0.913978 0.618280 0.917204 0.630108 0.948387 0.622581 0.945161 0.610753
1 0.887097 0.602151 0.878495 0.607527 0.889247 0.623656 0.897849 0.618280
1 0.869892 0.595699 0.860215 0.601075 0.876344 0.625806 0.886022 0.620430
1 0.840860 0.596774 0.833333 0.602151 0.851613 0.624731 0.859140 0.619355
1 0.821505 0.610753 0.813978 0.616129 0.825806 0.630108 0.833333 0.624731
1 0.808602 0.611828 0.798925 0.619355 0.819355 0.644086 0.829032 0.636559
3 0.845161 0.631183 0.851613 0.625806 0.834409 0.607527 0.827957 0.612903
1 0.848387 0.640860 0.854839 0.650538 0.874194 0.638710 0.867742 0.629032
1 0.797849 0.620430 0.792473 0.625806 0.802151 0.637634 0.807527 0.632258
1 0.792473 0.633333 0.783871 0.639785 0.796774 0.654839 0.805376 0.648387
1 0.868817 0.676344 0.860215 0.680645 0.866667 0.695699 0.875269 0.691398
1 0.854839 0.670968 0.845161 0.675269 0.852688 0.692473 0.862366 0.688172
1 0.846237 0.677419 0.837634 0.680645 0.844086 0.696774 0.852688 0.693548
1 0.836559 0.677419 0.826882 0.679570 0.830108 0.694624 0.839785 0.692473
1 0.797849 0.693548 0.786022 0.692473 0.784946 0.712903 0.796774 0.713978
1 0.534409 0.735484 0.525806 0.726882 0.508602 0.741935 0.517204 0.750538
1 0.519355 0.786022 0.512903 0.773118 0.474194 0.792473 0.480645 0.805376
1 0.529032 0.766667 0.517204 0.774194 0.533333 0.801075 0.545161 0.793548
1 0.543011 0.762366 0.534409 0.767742 0.543011 0.783871 0.551613 0.778495
1 0.556989 0.749462 0.541935 0.758065 0.563441 0.794624 0.578495 0.786022
1 0.569892 0.749462 0.560215 0.753763 0.569892 0.775269 0.579570 0.770968
1 0.583871 0.749462 0.574194 0.753763 0.583871 0.775269 0.593548 0.770968
1 0.612903 0.775269 0.624731 0.769892 0.608602 0.734409 0.596774 0.739785
1 0.595699 0.744086 0.584946 0.749462 0.600000 0.780645 0.610753 0.775269
1 0.630108 0.719355 0.620430 0.725806 0.638710 0.751613 0.648387 0.745161
1 0.646237 0.706452 0.632258 0.716129 0.654839 0.749462 0.668817 0.739785
1 0.660215 0.700000 0.648387 0.707527 0.666667 0.734409 0.678495 0.726882
1 0.677419 0.694624 0.664516 0.702151 0.681720 0.733333 0.694624 0.725806
1 0.694624 0.697849 0.684946 0.702151 0.690323 0.715054 0.700000 0.710753
1 0.711828 0.674194 0.698925 0.674194 0.701075 0.695699 0.713978 0.695699
1 0.532258 0.712903 0.523656 0.721505 0.538710 0.734409 0.547312 0.725806
1 0.541935 0.700000 0.535484 0.708602 0.556989 0.727957 0.563441 0.719355
1 0.552688 0.695699 0.546237 0.702151 0.561290 0.715054 0.567742 0.708602
1 0.561290 0.687097 0.553763 0.696774 0.574194 0.715054 0.581720 0.705376
1 0.580645 0.674194 0.572043 0.682796 0.589247 0.697849 0.597849 0.689247
1 0.569892 0.680645 0.562366 0.688172 0.584946 0.708602 0.592473 0.701075
1 0.596774 0.656989 0.588172 0.664516 0.603226 0.682796 0.611828 0.675269
1 0.588172 0.664516 0.579570 0.670968 0.594624 0.688172 0.603226 0.681720
1 0.603226 0.651613 0.595699 0.656989 0.607527 0.670968 0.615054 0.665591
1 0.620430 0.631183 0.609677 0.636559 0.624731 0.665591 0.635484 0.660215
1 0.613978 0.646237 0.606452 0.649462 0.616129 0.667742 0.623656 0.664516
1 0.635484 0.634409 0.627957 0.637634 0.635484 0.658065 0.643011 0.654839
1 0.646237 0.622581 0.633333 0.627957 0.646237 0.661290 0.659140 0.655914
1 0.665591 0.621505 0.649462 0.627957 0.663441 0.662366 0.679570 0.655914
1 0.681720 0.621505 0.668817 0.626882 0.679570 0.653763 0.692473 0.648387
1 0.695699 0.613978 0.682796 0.619355 0.691398 0.644086 0.704301 0.638710
1 0.318280 0.962366 0.347312 0.953763 0.329032 0.887097 0.300000 0.895699
1 0.144086 0.909677 0.183871 0.893548 0.122581 0.744086 0.082796 0.760215
1 0.188172 0.904301 0.233333 0.886022 0.151613 0.684946 0.106452 0.703226
1 0.227957 0.873118 0.275269 0.853763 0.193548 0.653763 0.146237 0.673118
1 0.289247 0.861290 0.316129 0.849462 0.278495 0.766667 0.251613 0.778495
1 0.247312 0.778495 0.279570 0.764516 0.227957 0.647312 0.195699 0.661290
1 0.149462 0.492473 0.149462 0.478495 0.095699 0.475269 0.095699 0.489247
1 0.152688 0.458065 0.153763 0.445161 0.090323 0.440860 0.089247 0.453763
1 0.079570 0.473118 0.154839 0.479570 0.156989 0.460215 0.081720 0.453763
1 0.091398 0.439785 0.150538 0.449462 0.153763 0.431183 0.094624 0.421505
1 0.089247 0.545161 0.135484 0.550538 0.136559 0.534409 0.090323 0.529032
1 0.168817 0.624731 0.162366 0.616129 0.143011 0.631183 0.149462 0.639785
1 0.337634 0.759140 0.335484 0.752688 0.311828 0.761290 0.313978 0.767742
1 0.333333 0.753763 0.330108 0.745161 0.307527 0.753763 0.310753 0.762366
1 0.329032 0.746237 0.326882 0.739785 0.303226 0.748387 0.305376 0.754839
1 0.324731 0.739785 0.322581 0.732258 0.301075 0.739785 0.303226 0.747312
1 0.338710 0.767742 0.336559 0.760215 0.312903 0.765591 0.315054 0.773118
1 0.348387 0.722581 0.343011 0.708602 0.298925 0.724731 0.304301 0.738710
1 0.339785 0.704301 0.336559 0.692473 0.292473 0.704301 0.295699 0.716129
1 0.296774 0.632258 0.292473 0.622581 0.264516 0.636559 0.268817 0.646237
1 0.278495 0.675269 0.347312 0.648387 0.340860 0.632258 0.272043 0.659140
1 0.535484 0.523656 0.524731 0.524731 0.524731 0.543011 0.535484 0.541935
1 0.519355 0.524731 0.511828 0.529032 0.521505 0.544086 0.529032 0.539785
1 0.508602 0.526882 0.500000 0.531183 0.508602 0.550538 0.517204 0.546237
1 0.466667 0.539785 0.456989 0.543011 0.462366 0.563441 0.472043 0.560215
1 0.473118 0.536559 0.464516 0.538710 0.468817 0.558065 0.477419 0.555914
1 0.455914 0.543011 0.447312 0.546237 0.453763 0.568817 0.462366 0.565591
1 0.478495 0.506452 0.467742 0.507527 0.467742 0.527957 0.478495 0.526882
1 0.494624 0.497849 0.482796 0.502151 0.490323 0.521505 0.502151 0.517204
1 0.488172 0.506452 0.477419 0.507527 0.477419 0.523656 0.488172 0.522581
1 0.521505 0.497849 0.512903 0.498925 0.515054 0.515054 0.523656 0.513978
1 0.509677 0.497849 0.502151 0.500000 0.507527 0.515054 0.515054 0.512903
1 0.556989 0.478495 0.545161 0.482796 0.552688 0.506452 0.564516 0.502151
1 0.532258 0.483871 0.520430 0.486022 0.523656 0.511828 0.535484 0.509677
1 0.566667 0.482796 0.559140 0.484946 0.564516 0.500000 0.572043 0.497849
1 0.597849 0.472043 0.586022 0.474194 0.591398 0.497849 0.603226 0.495699
1 0.609677 0.473118 0.598925 0.477419 0.605376 0.494624 0.616129 0.490323
1 0.638710 0.470968 0.626882 0.474194 0.632258 0.490323 0.644086 0.487097
1 0.655914 0.462366 0.643011 0.462366 0.643011 0.486022 0.655914 0.486022
1 0.718280 0.475269 0.718280 0.483871 0.739785 0.483871 0.739785 0.475269
1 0.698925 0.488172 0.689247 0.489247 0.692473 0.509677 0.702151 0.508602
1 0.688172 0.489247 0.678495 0.490323 0.681720 0.512903 0.691398 0.511828
1 0.623656 0.539785 0.625806 0.546237 0.645161 0.541935 0.643011 0.535484
1 0.627957 0.552688 0.647312 0.548387 0.645161 0.541935 0.625806 0.546237
1 0.629032 0.552688 0.631183 0.559140 0.650538 0.554839 0.648387 0.548387
1 0.627957 0.560215 0.629032 0.565591 0.647312 0.560215 0.646237 0.554839
1 0.633333 0.565591 0.635484 0.573118 0.656989 0.567742 0.654839 0.560215
1 0.620430 0.535484 0.621505 0.540860 0.641935 0.535484 0.640860 0.530108
1 0.618280 0.527957 0.619355 0.534409 0.637634 0.530108 0.636559 0.523656
1 0.617204 0.520430 0.619355 0.527957 0.640860 0.522581 0.638710 0.515054
1 0.611828 0.511828 0.615054 0.520430 0.639785 0.513978 0.636559 0.505376
1 0.607527 0.503226 0.609677 0.511828 0.633333 0.505376 0.631183 0.496774
1 0.578495 0.524731 0.579570 0.531183 0.604301 0.524731 0.603226 0.518280
1 0.576344 0.516129 0.578495 0.523656 0.602151 0.518280 0.600000 0.510753
1 0.583871 0.536559 0.586022 0.544086 0.607527 0.538710 0.605376 0.531183
1 0.586022 0.544086 0.588172 0.551613 0.609677 0.546237 0.607527 0.538710
1 0.595699 0.565591 0.598925 0.572043 0.617204 0.563441 0.613978 0.556989
1 0.651613 0.601075 0.660215 0.597849 0.653763 0.581720 0.645161 0.584946
1 0.392473 0.769892 0.382796 0.777419 0.394624 0.793548 0.404301 0.786022
1 0.401075 0.772043 0.394624 0.777419 0.403226 0.789247 0.409677 0.783871
1 0.410753 0.765591 0.403226 0.770968 0.412903 0.784946 0.420430 0.779570
1 0.417204 0.759140 0.408602 0.765591 0.419355 0.780645 0.427957 0.774194
1 0.421505 0.753763 0.416129 0.761290 0.430108 0.773118 0.435484 0.765591
1 0.425806 0.741935 0.419355 0.750538 0.436559 0.763441 0.443011 0.754839
1 0.446237 0.722581 0.440860 0.729032 0.456989 0.741935 0.462366 0.735484
1 0.479570 0.694624 0.473118 0.702151 0.492473 0.718280 0.498925 0.710753
1 0.456989 0.711828 0.449462 0.720430 0.467742 0.735484 0.475269 0.726882
1 0.482796 0.669892 0.473118 0.680645 0.504301 0.706452 0.513978 0.695699
1 0.520430 0.666667 0.516129 0.670968 0.529032 0.681720 0.533333 0.677419
1 0.553763 0.611828 0.545161 0.622581 0.568817 0.641935 0.577419 0.631183
1 0.544086 0.633333 0.539785 0.638710 0.556989 0.652688 0.561290 0.647312
1 0.576344 0.605376 0.569892 0.612903 0.584946 0.624731 0.591398 0.617204
1 0.611828 0.592473 0.602151 0.595699 0.607527 0.611828 0.617204 0.608602
1 0.620430 0.587097 0.611828 0.589247 0.618280 0.608602 0.626882 0.606452
1 0.631183 0.584946 0.621505 0.588172 0.626882 0.606452 0.636559 0.603226
1 0.631183 0.584946 0.621505 0.588172 0.626882 0.606452 0.636559 0.603226
1 0.631183 0.584946 0.621505 0.588172 0.626882 0.606452 0.636559 0.603226
1 0.665591 0.578495 0.655914 0.581720 0.661290 0.597849 0.670968 0.594624
1 0.682796 0.575269 0.673118 0.578495 0.678495 0.596774 0.688172 0.593548
1 0.693548 0.575269 0.686022 0.575269 0.687097 0.592473 0.694624 0.592473
1 0.701075 0.575269 0.693548 0.576344 0.694624 0.592473 0.702151 0.591398
1 0.706452 0.569892 0.698925 0.569892 0.700000 0.587097 0.707527 0.587097
1 0.712903 0.568817 0.704301 0.569892 0.708602 0.588172 0.717204 0.587097
1 0.718280 0.572043 0.711828 0.575269 0.718280 0.591398 0.724731 0.588172
1 0.726882 0.566667 0.718280 0.570968 0.726882 0.588172 0.735484 0.583871
1 0.734409 0.568817 0.727957 0.575269 0.740860 0.590323 0.747312 0.583871
1 0.744086 0.564516 0.736559 0.569892 0.748387 0.586022 0.755914 0.580645
1 0.751613 0.559140 0.743011 0.565591 0.753763 0.580645 0.762366 0.574194
1 0.755914 0.546237 0.748387 0.551613 0.762366 0.572043 0.769892 0.566667
1 0.763441 0.545161 0.758065 0.550538 0.772043 0.564516 0.777419 0.559140
1 0.768817 0.531183 0.762366 0.537634 0.779570 0.554839 0.786022 0.548387
1 0.779570 0.531183 0.776344 0.538710 0.796774 0.546237 0.800000 0.538710
1 0.769892 0.520430 0.768817 0.530108 0.791398 0.533333 0.792473 0.523656
1 0.776344 0.498925 0.774194 0.506452 0.797849 0.511828 0.800000 0.504301
1 0.798925 0.494624 0.796774 0.504301 0.820430 0.509677 0.822581 0.500000
1 0.817204 0.491398 0.815054 0.500000 0.834409 0.504301 0.836559 0.495699
1 0.800000 0.479570 0.798925 0.487097 0.830108 0.494624 0.831183 0.487097
1 0.810753 0.474194 0.809677 0.480645 0.830108 0.484946 0.831183 0.478495
1 0.815054 0.466667 0.812903 0.474194 0.834409 0.479570 0.836559 0.472043
1 0.821505 0.450538 0.820430 0.459140 0.840860 0.461290 0.841935 0.452688
1 0.817204 0.437634 0.818280 0.446237 0.843011 0.446237 0.841935 0.437634
1 0.813978 0.421505 0.816129 0.430108 0.839785 0.425806 0.837634 0.417204
1 0.810753 0.431183 0.812903 0.439785 0.836559 0.435484 0.834409 0.426882
1 0.816129 0.411828 0.817204 0.418280 0.835484 0.416129 0.834409 0.409677
1 0.809677 0.405376 0.812903 0.411828 0.829032 0.403226 0.825806 0.396774
1 0.792473 0.404301 0.801075 0.409677 0.811828 0.393548 0.803226 0.388172
1 0.772043 0.392473 0.779570 0.397849 0.789247 0.383871 0.781720 0.378495
1 0.762366 0.396774 0.770968 0.398925 0.775269 0.381720 0.766667 0.379570
1 0.752688 0.395699 0.761290 0.397849 0.765591 0.380645 0.756989 0.378495
1 0.736559 0.403226 0.748387 0.406452 0.753763 0.386022 0.741935 0.382796
1 0.730108 0.394624 0.738710 0.396774 0.743011 0.377419 0.734409 0.375269
1 0.718280 0.395699 0.729032 0.397849 0.733333 0.378495 0.722581 0.376344
1 0.689247 0.397849 0.704301 0.401075 0.710753 0.376344 0.695699 0.373118
1 0.665591 0.397849 0.679570 0.402151 0.687097 0.372043 0.673118 0.367742
1 0.655914 0.386022 0.667742 0.389247 0.673118 0.366667 0.661290 0.363441
1 0.613978 0.390323 0.627957 0.393548 0.635484 0.364516 0.621505 0.361290
1 0.601075 0.386022 0.613978 0.389247 0.620430 0.362366 0.607527 0.359140
1 0.511828 0.364516 0.534409 0.367742 0.535484 0.360215 0.512903 0.356989
1 0.515054 0.356989 0.534409 0.362366 0.536559 0.354839 0.517204 0.349462
1 0.519355 0.349462 0.534409 0.353763 0.536559 0.347312 0.521505 0.343011
1 0.555914 0.433333 0.556989 0.425806 0.534409 0.422581 0.533333 0.430108
1 0.555914 0.424731 0.556989 0.416129 0.536559 0.413978 0.535484 0.422581
1 0.556989 0.416129 0.558065 0.408602 0.537634 0.405376 0.536559 0.412903
1 0.558065 0.407527 0.559140 0.401075 0.538710 0.398925 0.537634 0.405376
1 0.562366 0.403226 0.563441 0.395699 0.540860 0.392473 0.539785 0.400000
1 0.564516 0.394624 0.565591 0.389247 0.543011 0.386022 0.541935 0.391398
1 0.563441 0.388172 0.564516 0.381720 0.544086 0.379570 0.543011 0.386022
1 0.565591 0.376344 0.565591 0.370968 0.544086 0.367742 0.544086 0.373118
1 0.564516 0.382796 0.565591 0.375269 0.545161 0.372043 0.544086 0.379570
1 0.569892 0.370968 0.570968 0.364516 0.546237 0.360215 0.545161 0.366667
1 0.569892 0.364516 0.570968 0.358065 0.548387 0.353763 0.547312 0.360215
1 0.573118 0.358065 0.574194 0.350538 0.549462 0.347312 0.548387 0.354839
1 0.519355 0.430108 0.519355 0.420430 0.493548 0.421505 0.493548 0.431183
1 0.522581 0.419355 0.521505 0.410753 0.498925 0.412903 0.500000 0.421505
1 0.530108 0.374194 0.531183 0.367742 0.508602 0.363441 0.507527 0.369892
1 0.530108 0.378495 0.530108 0.372043 0.506452 0.374194 0.506452 0.380645
1 0.529032 0.386022 0.529032 0.378495 0.503226 0.381720 0.503226 0.389247
1 0.456989 0.345161 0.458065 0.337634 0.437634 0.334409 0.436559 0.341935
1 0.455914 0.352688 0.456989 0.345161 0.436559 0.341935 0.435484 0.349462
1 0.458065 0.358065 0.458065 0.351613 0.432258 0.351613 0.432258 0.358065
1 0.456989 0.366667 0.458065 0.360215 0.433333 0.355914 0.432258 0.362366
1 0.451613 0.373118 0.452688 0.365591 0.430108 0.362366 0.429032 0.369892
1 0.447312 0.396774 0.449462 0.388172 0.425806 0.381720 0.423656 0.390323
1 0.449462 0.380645 0.450538 0.373118 0.427957 0.369892 0.426882 0.377419
1 0.445161 0.405376 0.447312 0.396774 0.423656 0.390323 0.421505 0.398925
1 0.445161 0.423656 0.445161 0.415054 0.421505 0.415054 0.421505 0.423656
1 0.433333 0.440860 0.434409 0.434409 0.411828 0.430108 0.410753 0.436559
1 0.434409 0.434409 0.436559 0.424731 0.412903 0.419355 0.410753 0.429032
1 0.436559 0.453763 0.435484 0.444086 0.406452 0.445161 0.407527 0.454839
1 0.432258 0.469892 0.431183 0.459140 0.402151 0.459140 0.403226 0.469892
1 0.388172 0.467742 0.387097 0.456989 0.358065 0.456989 0.359140 0.467742
1 0.389247 0.454839 0.388172 0.445161 0.359140 0.446237 0.360215 0.455914
1 0.405376 0.404301 0.407527 0.394624 0.373118 0.384946 0.370968 0.394624
1 0.417204 0.375269 0.416129 0.366667 0.389247 0.366667 0.390323 0.375269
1 0.416129 0.381720 0.416129 0.374194 0.394624 0.375269 0.394624 0.382796
1 0.417204 0.367742 0.418280 0.360215 0.395699 0.356989 0.394624 0.364516
1 0.421505 0.361290 0.422581 0.353763 0.397849 0.350538 0.396774 0.358065
1 0.421505 0.353763 0.422581 0.347312 0.400000 0.343011 0.398925 0.349462
1 0.424731 0.346237 0.425806 0.337634 0.405376 0.335484 0.404301 0.344086
1 0.427957 0.338710 0.429032 0.332258 0.408602 0.330108 0.407527 0.336559
1 0.321505 0.350538 0.336559 0.352688 0.343011 0.309677 0.327957 0.307527
1 0.316129 0.324731 0.325806 0.326882 0.329032 0.307527 0.319355 0.305376
1 0.272043 0.313978 0.279570 0.315054 0.282796 0.301075 0.275269 0.300000
1 0.258065 0.320430 0.270968 0.322581 0.275269 0.294624 0.262366 0.292473
1 0.238710 0.329032 0.256989 0.332258 0.262366 0.294624 0.244086 0.291398
1 0.226882 0.318280 0.240860 0.319355 0.241935 0.290323 0.227957 0.289247
1 0.337634 0.356989 0.356989 0.360215 0.363441 0.313978 0.344086 0.310753
1 0.197849 0.320430 0.212903 0.325806 0.225806 0.292473 0.210753 0.287097
1 0.184946 0.313978 0.198925 0.318280 0.210753 0.286022 0.196774 0.281720
1 0.121505 0.310753 0.132258 0.302151 0.108602 0.274194 0.097849 0.282796
1 0.053763 0.312903 0.066667 0.311828 0.064516 0.291398 0.051613 0.292473