1 0.119355 0.961290 0.156989 0.961290 0.156989 1.000000 0.119355 1.000000
1 0.148387 0.937634 0.209677 0.937634 0.209677 1.000000 0.148387 1.000000
1 0.196774 0.945161 0.256989 0.945161 0.256989 1.000000 0.196774 1.000000
3 0.213978 0.925806 0.227957 0.923656 0.216129 0.865591 0.202151 0.867742
1 0.240860 0.981720 0.269892 0.975269 0.238710 0.824731 0.209677 0.831183
1 0.001075 0.498925 0.024731 0.498925 0.024731 0.573118 0.001075 0.573118
1 0.001075 0.415054 0.079570 0.415054 0.079570 0.579570 0.001075 0.579570
1 0.140860 0.754839 0.176344 0.735484 0.087097 0.565591 0.051613 0.584946
3 0.560215 0.038710 0.568817 0.043011 0.583871 0.010753 0.575269 0.006452
3 0.678495 0.076344 0.683871 0.081720 0.706452 0.056989 0.701075 0.051613
3 0.684946 0.080645 0.692473 0.087097 0.719355 0.056989 0.711828 0.050538
3 0.651613 0.070968 0.661290 0.074194 0.670968 0.038710 0.661290 0.035484