1 0.962366 0.636559 1.000000 0.636559 1.000000 0.670968 0.962366 0.670968
1 0.963441 0.603226 0.998925 0.603226 0.998925 0.629032 0.963441 0.629032
1 0.823656 0.661290 0.926882 0.661290 0.926882 0.691398 0.823656 0.691398
1 0.825806 0.660215 0.934409 0.660215 0.934409 0.630108 0.825806 0.630108
1 0.869892 0.629032 0.912903 0.627957 0.912903 0.611828 0.869892 0.612903
1 0.829032 0.633333 0.869892 0.624731 0.867742 0.611828 0.826882 0.620430
1 0.818280 0.621505 0.878495 0.604301 0.874194 0.591398 0.813978 0.608602
1 0.075269 0.661290 0.079570 0.644086 0.070968 0.641935 0.066667 0.659140
1 0.068817 0.651613 0.072043 0.638710 0.064516 0.636559 0.061290 0.649462
1 0.041935 0.650538 0.045161 0.633333 0.037634 0.631183 0.034409 0.648387
1 0.045161 0.636559 0.060215 0.630108 0.058065 0.625806 0.043011 0.632258
1 0.041935 0.632258 0.056989 0.625806 0.054839 0.621505 0.039785 0.627957
1 0.236559 0.621505 0.316129 0.620430 0.316129 0.600000 0.236559 0.601075
1 0.244086 0.608602 0.317204 0.593548 0.312903 0.574194 0.239785 0.589247
1 0.239785 0.589247 0.316129 0.573118 0.312903 0.556989 0.236559 0.573118
1 0.221505 0.575269 0.319355 0.554839 0.316129 0.534409 0.218280 0.554839
1 0.013978 0.475269 0.116129 0.475269 0.116129 0.498925 0.013978 0.498925