1 0.731183 0.249462 0.736559 0.226882 0.724731 0.223656 0.719355 0.246237
1 0.704301 0.216129 0.736559 0.222581 0.738710 0.211828 0.706452 0.205376
1 0.705376 0.196774 0.738710 0.203226 0.741935 0.190323 0.708602 0.183871
1 0.713978 0.183871 0.744086 0.190323 0.746237 0.179570 0.716129 0.173118
1 0.716129 0.172043 0.746237 0.177419 0.748387 0.165591 0.718280 0.160215
1 0.725806 0.159140 0.749462 0.163441 0.751613 0.154839 0.727957 0.150538
1 0.717204 0.130108 0.769892 0.141935 0.773118 0.125806 0.720430 0.113978
1 0.729032 0.113978 0.774194 0.123656 0.776344 0.111828 0.731183 0.102151
1 0.744086 0.098925 0.776344 0.105376 0.778495 0.096774 0.746237 0.090323
1 0.748387 0.086022 0.780645 0.092473 0.782796 0.081720 0.750538 0.075269
1 0.748387 0.073118 0.781720 0.080645 0.784946 0.068817 0.751613 0.061290
1 0.782796 0.082796 0.794624 0.084946 0.797849 0.067742 0.786022 0.065591
1 0.760215 0.039785 0.797849 0.048387 0.801075 0.033333 0.763441 0.024731
1 0.748387 0.060215 0.790323 0.068817 0.793548 0.058065 0.751613 0.049462
1 0.777419 0.024731 0.805376 0.031183 0.807527 0.022581 0.779570 0.016129
1 0.863441 0.390323 0.940860 0.407527 0.945161 0.392473 0.867742 0.375269
1 0.829032 0.365591 0.991398 0.402151 0.998925 0.367742 0.836559 0.331183
1 0.845161 0.297849 1.000000 0.297849 1.000000 0.364516 0.845161 0.364516
1 0.838710 0.327957 1.000000 0.327957 1.000000 0.268817 0.838710 0.268817
1 0.958065 0.238710 1.000000 0.238710 1.000000 0.265591 0.958065 0.265591
1 0.937634 0.258065 1.000000 0.258065 1.000000 0.281720 0.937634 0.281720
1 0.818280 0.236559 0.901075 0.260215 0.906452 0.240860 0.823656 0.217204
1 0.832258 0.189247 0.850538 0.195699 0.853763 0.187097 0.835484 0.180645
1 0.835484 0.164516 0.856989 0.169892 0.859140 0.160215 0.837634 0.154839
1 0.837634 0.151613 0.859140 0.155914 0.861290 0.147312 0.839785 0.143011
1 0.850538 0.135484 0.873118 0.135484 0.874194 0.126882 0.851613 0.126882
1 0.851613 0.126882 0.881720 0.127957 0.881720 0.118280 0.851613 0.117204
1 0.859140 0.115054 0.881720 0.119355 0.882796 0.112903 0.860215 0.108602
1 0.860215 0.107527 0.882796 0.115054 0.886022 0.107527 0.863441 0.100000
1 0.870968 0.072043 0.910753 0.084946 0.913978 0.074194 0.874194 0.061290
1 0.876344 0.061290 0.907527 0.072043 0.910753 0.061290 0.879570 0.050538
1 0.888172 0.001075 0.918280 0.001075 0.918280 0.037634 0.888172 0.037634