1 0.326882 0.366667 0.355914 0.373118 0.358065 0.363441 0.329032 0.356989
1 0.313978 0.395699 0.320430 0.373118 0.307527 0.368817 0.300000 0.391398
1 0.338710 0.344086 0.374194 0.344086 0.374194 0.334409 0.338710 0.334409
1 0.344086 0.334409 0.378495 0.334409 0.378495 0.325806 0.344086 0.325806
1 0.344086 0.325806 0.377419 0.325806 0.377419 0.317204 0.344086 0.317204
1 0.345161 0.309677 0.389247 0.318280 0.391398 0.304301 0.347312 0.296774
0 0.801075 0.953763 0.926882 0.990323 0.934409 0.966667 0.808602 0.930108
0 0.811828 0.930108 0.937634 0.966667 0.943011 0.945161 0.817204 0.908602
0 0.606452 0.908602 0.764516 0.945161 0.769892 0.921505 0.611828 0.884946
0 0.613978 0.886022 0.769892 0.921505 0.775269 0.898925 0.619355 0.863441
3 0.424731 0.873118 0.582796 0.905376 0.588172 0.881720 0.430108 0.849462
0 0.447312 0.851613 0.581720 0.880645 0.587097 0.858065 0.452688 0.829032
3 0.226882 0.789247 0.240860 0.794624 0.259140 0.746237 0.245161 0.740860
3 0.239785 0.792473 0.255914 0.798925 0.274194 0.749462 0.258065 0.743011
3 0.253763 0.795699 0.267742 0.801075 0.286022 0.752688 0.272043 0.747312
1 0.248387 0.837634 0.381720 0.865591 0.388172 0.837634 0.254839 0.809677
3 0.001075 0.465591 0.039785 0.476344 0.069892 0.377419 0.031183 0.366667
3 0.001075 0.361290 0.039785 0.373118 0.074194 0.260215 0.035484 0.248387
0 0.387097 0.481720 0.419355 0.490323 0.453763 0.363441 0.421505 0.354839
0 0.326882 0.653763 0.365591 0.665591 0.404301 0.526882 0.365591 0.515054