1 0.445161 0.992473 0.456989 0.992473 0.456989 1.000000 0.445161 1.000000
1 0.433333 0.979570 0.446237 0.979570 0.446237 1.000000 0.433333 1.000000
1 0.453763 0.987097 0.476344 0.968817 0.470968 0.961290 0.448387 0.979570
1 0.441935 0.940860 0.461290 0.943011 0.469892 0.869892 0.450538 0.867742
0 0.422581 0.943011 0.440860 0.945161 0.450538 0.861290 0.432258 0.859140
1 0.408602 0.932258 0.421505 0.933333 0.430108 0.865591 0.417204 0.864516
3 0.396774 0.921505 0.407527 0.922581 0.413978 0.863441 0.403226 0.862366
0 0.453763 0.834409 0.474194 0.837634 0.486022 0.761290 0.465591 0.758065
1 0.431183 0.831183 0.452688 0.834409 0.463441 0.760215 0.441935 0.756989
1 0.408602 0.829032 0.430108 0.832258 0.447312 0.715054 0.425806 0.711828
1 0.551613 0.769892 0.583871 0.789247 0.590323 0.780645 0.558065 0.761290
1 0.561290 0.761290 0.598925 0.776344 0.604301 0.763441 0.566667 0.748387
1 0.575269 0.683871 0.596774 0.681720 0.596774 0.670968 0.575269 0.673118
1 0.563441 0.688172 0.581720 0.690323 0.582796 0.679570 0.564516 0.677419
1 0.740860 0.515054 0.750538 0.516129 0.753763 0.489247 0.744086 0.488172
1 0.556989 0.538710 0.601075 0.552688 0.606452 0.536559 0.562366 0.522581
3 0.592473 0.174194 0.674194 0.174194 0.674194 0.193548 0.592473 0.193548
1 0.476344 0.489247 0.506452 0.489247 0.502151 0.345161 0.472043 0.345161
1 0.531183 0.395699 0.561290 0.387097 0.513978 0.221505 0.483871 0.230108
1 0.450538 0.001075 0.503226 0.001075 0.503226 0.027957 0.450538 0.027957
1 0.455914 0.238710 0.497849 0.239785 0.501075 0.030108 0.459140 0.029032
1 0.416129 0.241935 0.455914 0.241935 0.456989 0.052688 0.417204 0.052688