1 0.246237 0.653763 0.293548 0.647312 0.291398 0.632258 0.244086 0.638710
1 0.416129 0.683871 0.425806 0.675269 0.409677 0.655914 0.400000 0.664516
1 0.406452 0.691398 0.416129 0.682796 0.387097 0.648387 0.377419 0.656989
1 0.413978 0.555914 0.434409 0.534409 0.429032 0.530108 0.408602 0.551613
1 0.440860 0.495699 0.450538 0.495699 0.450538 0.531183 0.440860 0.531183
1 0.425806 0.495699 0.436559 0.495699 0.436559 0.531183 0.425806 0.531183
3 0.553763 0.531183 0.577419 0.538710 0.616129 0.421505 0.592473 0.413978
3 0.613978 0.574194 0.640860 0.583871 0.684946 0.451613 0.658065 0.441935
1 0.600000 0.562366 0.617204 0.568817 0.658065 0.441935 0.640860 0.435484
1 0.569892 0.564516 0.594624 0.573118 0.651613 0.398925 0.626882 0.390323
1 0.562366 0.235484 0.568817 0.236559 0.573118 0.211828 0.566667 0.210753
1 0.564516 0.266667 0.591398 0.270968 0.613978 0.135484 0.587097 0.131183
1 0.592473 0.276344 0.619355 0.280645 0.641935 0.143011 0.615054 0.138710
1 0.216129 0.315054 0.343011 0.324731 0.345161 0.291398 0.218280 0.281720
1 0.332258 0.212903 0.349462 0.209677 0.338710 0.159140 0.321505 0.162366
1 0.279570 0.203226 0.320430 0.203226 0.322581 0.054839 0.281720 0.054839
1 0.275269 0.021505 0.310753 0.029032 0.313978 0.015054 0.278495 0.007527