1 0.032258 0.524731 0.102151 0.518280 0.101075 0.503226 0.031183 0.509677
1 0.306452 0.884946 0.363441 0.891398 0.394624 0.590323 0.337634 0.583871
1 0.380645 0.722581 0.400000 0.724731 0.404301 0.681720 0.384946 0.679570
1 0.412903 0.373118 0.448387 0.375269 0.455914 0.263441 0.420430 0.261290
1 0.975269 0.689247 1.000000 0.689247 1.000000 0.866667 0.975269 0.866667
1 0.202151 0.001075 0.249462 0.001075 0.249462 0.035484 0.202151 0.035484
1 0.001075 0.001075 0.041935 0.001075 0.041935 0.038710 0.001075 0.038710
1 0.229032 0.474194 0.251613 0.477419 0.261290 0.418280 0.238710 0.415054
1 0.558065 0.452688 0.631183 0.424731 0.549462 0.211828 0.476344 0.239785
3 0.409677 0.382796 0.420430 0.382796 0.420430 0.407527 0.409677 0.407527
1 0.295699 0.578495 0.351613 0.582796 0.373118 0.281720 0.317204 0.277419
3 0.929032 0.658065 0.984946 0.660215 0.997849 0.322581 0.941935 0.320430
1 0.855914 0.275269 0.944086 0.275269 0.944086 0.294624 0.855914 0.294624
1 0.922581 0.256989 0.953763 0.258065 0.954839 0.175269 0.923656 0.174194
1 0.878495 0.264516 0.904301 0.264516 0.906452 0.189247 0.880645 0.189247
1 0.932258 0.001075 0.922581 0.109677 0.958065 0.112903 0.967742 0.004301
1 0.815054 0.005376 0.825806 0.119355 0.868817 0.115054 0.858065 0.001075
1 0.765591 0.260215 0.797849 0.260215 0.800000 0.165591 0.767742 0.165591
1 0.703226 0.264516 0.754839 0.265591 0.756989 0.154839 0.705376 0.153763
1 0.663441 0.254839 0.694624 0.254839 0.695699 0.166667 0.664516 0.166667
1 0.670968 0.143011 0.686022 0.159140 0.731183 0.117204 0.716129 0.101075
1 0.704301 0.001075 0.696774 0.075269 0.732258 0.078495 0.739785 0.004301
1 0.003226 0.478495 0.063441 0.477419 0.063441 0.263441 0.003226 0.264516
0 0.074194 0.455914 0.117204 0.461290 0.138710 0.281720 0.095699 0.276344
1 0.001075 0.120430 0.029032 0.120430 0.029032 0.218280 0.001075 0.218280
1 0.001075 0.245161 0.025806 0.253763 0.061290 0.146237 0.036559 0.137634
1 0.075269 0.272043 0.104301 0.277419 0.124731 0.166667 0.095699 0.161290