1 0.687097 0.270968 0.712903 0.286022 0.718280 0.275269 0.692473 0.261290
1 0.630108 0.167742 0.670968 0.140860 0.664516 0.130108 0.623656 0.156989
1 0.627957 0.152688 0.653763 0.136559 0.647312 0.126882 0.622581 0.143011
1 0.591398 0.193548 0.617204 0.177419 0.610753 0.167742 0.584946 0.183871
1 0.553763 0.222581 0.582796 0.202151 0.577419 0.193548 0.548387 0.213978
1 0.532258 0.226882 0.572043 0.187097 0.560215 0.175269 0.520430 0.215054
1 0.505376 0.251613 0.534409 0.233333 0.529032 0.223656 0.498925 0.241935
1 0.369892 0.382796 0.381720 0.374194 0.362366 0.346237 0.350538 0.354839
1 0.108602 0.345161 0.121505 0.343011 0.118280 0.317204 0.105376 0.319355
1 0.101075 0.315054 0.117204 0.311828 0.107527 0.273118 0.092473 0.276344
1 0.159140 0.337634 0.187097 0.334409 0.177419 0.255914 0.148387 0.259140