1 0.817204 0.701075 0.829032 0.695699 0.817204 0.668817 0.805376 0.674194
1 0.810753 0.749462 0.825806 0.749462 0.827957 0.712903 0.812903 0.712903
1 0.895699 0.786022 0.964516 0.786022 0.964516 1.000000 0.895699 1.000000
1 0.820430 0.701075 0.900000 0.701075 0.900000 1.000000 0.820430 1.000000
1 0.618280 0.841935 0.659140 0.841935 0.659140 1.000000 0.618280 1.000000
1 0.530108 0.874194 0.575269 0.874194 0.575269 0.998925 0.530108 0.998925
3 0.420430 0.946237 0.453763 0.949462 0.463441 0.827957 0.430108 0.824731
1 0.330108 0.972043 0.416129 0.979570 0.429032 0.827957 0.343011 0.820430
1 0.049462 0.847312 0.130108 0.847312 0.130108 0.998925 0.049462 0.998925
1 0.182796 0.709677 0.220430 0.709677 0.220430 0.789247 0.182796 0.789247
1 0.001075 0.719355 0.018280 0.719355 0.018280 0.805376 0.001075 0.805376
1 0.716129 0.573118 0.781720 0.573118 0.781720 0.794624 0.716129 0.794624
1 0.647312 0.788172 0.702151 0.788172 0.702151 0.563441 0.647312 0.563441
1 0.723656 0.265591 0.767742 0.265591 0.767742 0.455914 0.723656 0.455914
3 0.507527 0.493548 0.543011 0.497849 0.554839 0.403226 0.519355 0.398925
3 0.505376 0.740860 0.580645 0.746237 0.593548 0.564516 0.518280 0.559140
3 0.382796 0.329032 0.431183 0.329032 0.431183 0.480645 0.382796 0.480645
1 0.052688 0.666667 0.168817 0.677419 0.170968 0.651613 0.054839 0.640860
1 0.058065 0.627957 0.174194 0.639785 0.176344 0.615054 0.060215 0.603226
1 0.001075 0.369892 0.048387 0.369892 0.048387 0.506452 0.001075 0.506452
1 0.074194 0.539785 0.119355 0.548387 0.145161 0.402151 0.100000 0.393548
1 0.104301 0.365591 0.144086 0.373118 0.160215 0.281720 0.120430 0.274194
1 0.219355 0.313978 0.244086 0.315054 0.247312 0.247312 0.222581 0.246237
1 0.303226 0.349462 0.337634 0.351613 0.341935 0.241935 0.307527 0.239785