1 0.770968 0.303226 0.798925 0.334409 0.862366 0.278495 0.834409 0.246237
1 0.869892 0.237634 0.886022 0.255914 0.962366 0.188172 0.946237 0.169892
1 0.790323 0.227957 0.808602 0.246237 0.867742 0.187097 0.849462 0.168817
1 0.747312 0.246237 0.784946 0.265591 0.791398 0.252688 0.752688 0.233333
1 0.760215 0.235484 0.797849 0.253763 0.803226 0.241935 0.766667 0.223656
1 0.715054 0.250538 0.772043 0.278495 0.778495 0.265591 0.721505 0.236559
1 0.712903 0.267742 0.759140 0.290323 0.765591 0.277419 0.719355 0.254839
1 0.696774 0.286022 0.739785 0.308602 0.747312 0.292473 0.704301 0.270968
1 0.665591 0.296774 0.722581 0.324731 0.730108 0.308602 0.673118 0.280645
1 0.640860 0.324731 0.691398 0.349462 0.697849 0.334409 0.647312 0.309677
1 0.612903 0.347312 0.674194 0.367742 0.680645 0.350538 0.619355 0.330108
1 0.600000 0.363441 0.660215 0.383871 0.664516 0.367742 0.605376 0.348387
1 0.653763 0.469892 0.737634 0.394624 0.713978 0.368817 0.630108 0.444086
3 0.139785 0.868817 0.176344 0.912903 0.338710 0.778495 0.302151 0.734409
1 0.331183 0.282796 0.395699 0.318280 0.403226 0.304301 0.338710 0.268817
1 0.367742 0.238710 0.429032 0.276344 0.439785 0.258065 0.378495 0.220430
1 0.394624 0.209677 0.410753 0.229032 0.486022 0.166667 0.468817 0.147312
1 0.517204 0.104301 0.527957 0.116129 0.563441 0.083871 0.552688 0.072043
1 0.577419 0.043011 0.589247 0.059140 0.645161 0.017204 0.633333 0.002151
1 0.002151 0.426882 0.050538 0.426882 0.050538 0.506452 0.002151 0.506452
3 0.175269 0.310753 0.192473 0.329032 0.280645 0.247312 0.263441 0.229032
3 0.297849 0.211828 0.315054 0.231183 0.401075 0.151613 0.382796 0.132258
1 0.430108 0.001075 0.574194 0.001075 0.574194 0.102151 0.430108 0.102151