1 0.789247 0.660215 0.865591 0.664516 0.877419 0.432258 0.801075 0.427957
3 0.713978 0.866667 0.747312 0.867742 0.752688 0.668817 0.719355 0.667742
1 0.566667 0.675269 0.673118 0.681720 0.674194 0.655914 0.567742 0.649462
1 0.695699 0.643011 0.743011 0.647312 0.755914 0.503226 0.708602 0.498925
1 0.639785 0.613978 0.676344 0.617204 0.687097 0.506452 0.650538 0.503226
1 0.429032 0.630108 0.479570 0.634409 0.497849 0.445161 0.447312 0.440860
1 0.333333 0.623656 0.360215 0.624731 0.365591 0.539785 0.338710 0.538710
1 0.340860 0.534409 0.368817 0.535484 0.373118 0.456989 0.345161 0.455914
1 0.243011 0.653763 0.358065 0.653763 0.358065 1.000000 0.243011 1.000000
1 0.162366 0.755914 0.223656 0.766667 0.276344 0.469892 0.215054 0.459140
1 0.001075 0.287097 0.075269 0.287097 0.075269 0.535484 0.001075 0.535484
1 0.529032 0.467742 0.548387 0.469892 0.552688 0.424731 0.533333 0.422581
1 0.066667 0.558065 0.110753 0.568817 0.150538 0.405376 0.106452 0.394624
1 0.019355 0.583871 0.059140 0.593548 0.105376 0.396774 0.065591 0.387097
1 0.072043 0.363441 0.124731 0.367742 0.138710 0.184946 0.086022 0.180645
1 0.058065 0.249462 0.081720 0.251613 0.086022 0.178495 0.062366 0.176344
3 0.037634 0.131183 0.065591 0.132258 0.067742 0.021505 0.039785 0.020430
1 0.063441 0.148387 0.136559 0.149462 0.140860 0.002151 0.067742 0.001075
1 0.801075 0.184946 0.803226 0.150538 0.663441 0.141935 0.661290 0.176344
1 0.712903 0.495699 0.756989 0.497849 0.764516 0.370968 0.720430 0.368817
1 0.661290 0.475269 0.698925 0.477419 0.702151 0.346237 0.664516 0.344086
1 0.796774 0.224731 0.797849 0.195699 0.693548 0.190323 0.692473 0.219355
1 0.801075 0.184946 0.803226 0.150538 0.663441 0.141935 0.661290 0.176344
1 0.805376 0.145161 0.807527 0.113978 0.672043 0.106452 0.669892 0.137634
1 0.798925 0.106452 0.801075 0.079570 0.684946 0.072043 0.682796 0.098925
1 0.809677 0.001075 0.818280 0.001075 0.818280 0.018280 0.809677 0.018280
1 0.350538 0.092473 0.374194 0.092473 0.372043 0.045161 0.348387 0.045161
1 0.353763 0.005376 0.370968 0.005376 0.370968 0.045161 0.353763 0.045161
1 0.477419 0.198925 0.516129 0.202151 0.524731 0.067742 0.486022 0.064516
1 0.401075 0.339785 0.431183 0.341935 0.435484 0.286022 0.405376 0.283871
1 0.313978 0.369892 0.340860 0.372043 0.346237 0.294624 0.319355 0.292473
1 0.317204 0.286022 0.352688 0.288172 0.358065 0.208602 0.322581 0.206452
1 0.407527 0.272043 0.437634 0.274194 0.444086 0.173118 0.413978 0.170968
1 0.329032 0.201075 0.360215 0.203226 0.365591 0.106452 0.334409 0.104301