3 0.740860 0.792473 0.843011 0.792473 0.843011 0.998925 0.740860 0.998925
1 0.710753 0.786022 0.752688 0.672043 0.710753 0.656989 0.668817 0.770968
1 0.627957 0.560215 0.782796 0.564516 0.782796 0.525806 0.627957 0.521505
1 0.224731 1.000000 0.340860 0.998925 0.340860 0.627957 0.224731 0.629032
1 0.365591 0.551613 0.416129 0.551613 0.416129 0.565591 0.365591 0.565591
1 0.333333 0.608602 0.350538 0.610753 0.356989 0.569892 0.339785 0.567742
3 0.339785 0.535484 0.362366 0.535484 0.363441 0.475269 0.340860 0.475269
1 0.898925 0.002151 0.972043 0.002151 0.972043 0.058065 0.898925 0.058065
1 0.797849 0.001075 0.849462 0.001075 0.849462 0.038710 0.797849 0.038710
1 0.927957 0.426882 0.961290 0.430108 0.968817 0.355914 0.935484 0.352688
1 0.966667 0.124731 1.000000 0.124731 1.000000 0.212903 0.966667 0.212903
1 0.819355 0.305376 0.826882 0.307527 0.830108 0.294624 0.822581 0.292473
1 0.813978 0.354839 0.830108 0.359140 0.839785 0.318280 0.823656 0.313978
1 0.709677 0.435484 0.795699 0.336559 0.769892 0.315054 0.683871 0.413978
1 0.663441 0.318280 0.817204 0.321505 0.818280 0.292473 0.664516 0.289247
1 0.672043 0.274194 0.824731 0.287097 0.826882 0.252688 0.674194 0.239785
1 0.904301 0.458065 0.923656 0.458065 0.923656 0.415054 0.904301 0.415054
1 0.898925 0.390323 0.929032 0.392473 0.935484 0.317204 0.905376 0.315054
1 0.909677 0.280645 0.936559 0.281720 0.939785 0.203226 0.912903 0.202151
1 0.822581 0.104301 0.862366 0.104301 0.862366 0.193548 0.822581 0.193548
1 0.908602 0.177419 0.939785 0.176344 0.938710 0.091398 0.907527 0.092473
1 0.932258 0.056989 0.944086 0.064516 0.960215 0.039785 0.948387 0.032258
1 0.811828 0.110753 0.825806 0.097849 0.798925 0.069892 0.784946 0.082796
1 0.823656 0.072043 0.829032 0.064516 0.797849 0.039785 0.792473 0.047312
1 0.823656 0.094624 0.835484 0.080645 0.797849 0.049462 0.786022 0.063441
1 0.827957 0.064516 0.838710 0.050538 0.802151 0.021505 0.791398 0.035484
1 0.358065 0.424731 0.370968 0.424731 0.370968 0.456989 0.358065 0.456989
1 0.339785 0.411828 0.356989 0.411828 0.356989 0.452688 0.339785 0.452688
1 0.268817 0.397849 0.300000 0.397849 0.300000 0.458065 0.268817 0.458065
1 0.234409 0.458065 0.279570 0.458065 0.279570 0.389247 0.234409 0.389247
1 0.197849 0.383871 0.249462 0.383871 0.249462 0.458065 0.197849 0.458065
1 0.164516 0.439785 0.193548 0.450538 0.220430 0.381720 0.191398 0.370968
1 0.341935 0.307527 0.361290 0.315054 0.376344 0.275269 0.356989 0.267742
1 0.145161 0.239785 0.248387 0.264516 0.254839 0.239785 0.151613 0.215054