1 0.001075 0.176344 0.077419 0.176344 0.077419 0.218280 0.001075 0.218280
1 0.001075 0.115054 0.119355 0.115054 0.119355 0.158065 0.001075 0.158065
3 0.526882 0.001075 0.550538 0.001075 0.550538 0.056989 0.526882 0.056989
1 0.122581 0.063441 0.334409 0.033333 0.331183 0.003226 0.119355 0.033333
1 0.411828 0.088172 0.592473 0.101075 0.594624 0.066667 0.413978 0.053763
1 0.595699 0.140860 0.644086 0.146237 0.645161 0.134409 0.596774 0.129032
1 0.546237 0.151613 0.625806 0.161290 0.627957 0.145161 0.548387 0.135484
1 0.594624 0.046237 1.000000 0.046237 1.000000 0.124731 0.594624 0.124731
3 0.956989 0.507527 1.000000 0.507527 1.000000 0.529032 0.956989 0.529032
1 0.925806 0.686022 1.000000 0.686022 1.000000 0.656989 0.925806 0.656989
1 0.908602 0.681720 1.000000 0.681720 1.000000 0.726882 0.908602 0.726882
3 0.331183 0.593548 0.373118 0.548387 0.356989 0.533333 0.315054 0.578495
3 0.273118 0.529032 0.323656 0.561290 0.335484 0.541935 0.284946 0.509677
3 0.283871 0.507527 0.345161 0.546237 0.356989 0.526882 0.295699 0.488172
1 0.356989 0.600000 0.534409 0.648387 0.550538 0.587097 0.373118 0.538710
3 0.646237 0.611828 0.779570 0.624731 0.783871 0.579570 0.650538 0.566667
3 0.595699 0.640860 0.827957 0.663441 0.830108 0.632258 0.597849 0.609677
1 0.600000 0.510753 0.574194 0.604301 0.604301 0.611828 0.630108 0.518280
1 0.634409 0.511828 0.609677 0.607527 0.638710 0.615054 0.663441 0.519355
1 0.666667 0.554839 0.782796 0.581720 0.789247 0.554839 0.673118 0.527957
1 0.678495 0.527957 0.823656 0.561290 0.831183 0.530108 0.686022 0.496774
3 0.646237 0.482796 0.860215 0.538710 0.867742 0.510753 0.653763 0.454839
1 0.676344 0.452688 0.907527 0.523656 0.919355 0.487097 0.688172 0.416129
1 0.832258 0.438710 0.922581 0.469892 0.931183 0.445161 0.840860 0.413978
1 0.704301 0.416129 0.801075 0.449462 0.816129 0.407527 0.719355 0.374194
3 0.248387 0.458065 0.361290 0.530108 0.401075 0.466667 0.288172 0.394624
1 0.374194 0.452688 0.667742 0.522581 0.677419 0.482796 0.383871 0.412903
1 0.477419 0.432258 0.633333 0.474194 0.649462 0.417204 0.493548 0.375269
3 0.515054 0.379570 0.638710 0.411828 0.650538 0.366667 0.526882 0.334409
1 0.861290 0.423656 0.944086 0.451613 0.951613 0.430108 0.868817 0.402151
1 0.880645 0.405376 0.952688 0.430108 0.960215 0.407527 0.888172 0.382796
1 0.730108 0.373118 0.826882 0.412903 0.839785 0.383871 0.743011 0.344086
1 0.753763 0.348387 0.820430 0.376344 0.829032 0.354839 0.762366 0.326882
3 0.539785 0.334409 0.716129 0.387097 0.739785 0.308602 0.563441 0.255914
1 0.601075 0.269892 0.654839 0.289247 0.659140 0.274194 0.605376 0.254839
1 0.651613 0.284946 0.720430 0.309677 0.726882 0.291398 0.658065 0.266667
1 0.665591 0.267742 0.720430 0.294624 0.727957 0.278495 0.673118 0.251613