0 0.568817 0.726882 0.909677 0.918280 0.932258 0.877419 0.591398 0.686022
1 0.589247 0.490323 0.596774 0.495699 0.608602 0.479570 0.601075 0.474194
1 0.377419 0.524731 0.427957 0.549462 0.435484 0.535484 0.384946 0.510753
1 0.446237 0.445161 0.466667 0.440860 0.465591 0.432258 0.445161 0.436559
1 0.412903 0.446237 0.449462 0.458065 0.453763 0.444086 0.417204 0.432258
1 0.422581 0.486022 0.477419 0.489247 0.478495 0.470968 0.423656 0.467742
1 0.436559 0.430108 0.477419 0.438710 0.479570 0.425806 0.438710 0.417204
1 0.436559 0.411828 0.491398 0.423656 0.496774 0.398925 0.441935 0.387097
1 0.430108 0.376344 0.486022 0.388172 0.490323 0.369892 0.434409 0.358065
1 0.439785 0.339785 0.500000 0.352688 0.504301 0.333333 0.444086 0.320430
1 0.451613 0.319355 0.511828 0.332258 0.516129 0.312903 0.455914 0.300000
1 0.468817 0.461290 0.487097 0.451613 0.481720 0.441935 0.463441 0.451613
1 0.604301 0.495699 0.626882 0.496774 0.627957 0.484946 0.605376 0.483871
1 0.665591 0.443011 0.678495 0.425806 0.667742 0.417204 0.654839 0.434409
1 0.527957 0.389247 0.543011 0.375269 0.536559 0.367742 0.521505 0.381720
1 0.548387 0.433333 0.570968 0.425806 0.567742 0.416129 0.545161 0.423656
1 0.522581 0.389247 0.527957 0.372043 0.518280 0.367742 0.512903 0.384946
1 0.403226 0.430108 0.420430 0.443011 0.426882 0.434409 0.409677 0.421505
1 0.392473 0.426882 0.411828 0.420430 0.407527 0.409677 0.388172 0.416129
1 0.416129 0.350538 0.429032 0.336559 0.422581 0.331183 0.409677 0.345161
1 0.409677 0.356989 0.427957 0.369892 0.433333 0.363441 0.415054 0.350538
1 0.425806 0.311828 0.446237 0.322581 0.451613 0.311828 0.431183 0.301075
1 0.439785 0.286022 0.455914 0.272043 0.450538 0.266667 0.434409 0.280645
1 0.439785 0.293548 0.521505 0.310753 0.525806 0.289247 0.444086 0.272043
1 0.503226 0.272043 0.525806 0.265591 0.522581 0.254839 0.500000 0.261290
1 0.443011 0.266667 0.502151 0.277419 0.505376 0.260215 0.446237 0.249462
1 0.460215 0.252688 0.507527 0.261290 0.509677 0.246237 0.462366 0.237634
1 0.458065 0.232258 0.535484 0.260215 0.544086 0.236559 0.466667 0.208602
1 0.467742 0.207527 0.552688 0.237634 0.560215 0.213978 0.475269 0.183871
1 0.469892 0.181720 0.556989 0.212903 0.564516 0.190323 0.477419 0.159140
1 0.500000 0.166667 0.550538 0.183871 0.558065 0.164516 0.507527 0.147312
1 0.520430 0.024731 0.540860 0.024731 0.540860 0.033333 0.520430 0.033333
1 0.546237 0.029032 0.598925 0.049462 0.606452 0.031183 0.553763 0.010753
1 0.576344 0.001075 0.626882 0.001075 0.626882 0.018280 0.576344 0.018280